1041,1
1170,5
1267,8
1354,6
1448,2
1551,9
1612,7
1565,7
1429,8
1263,2
1296,4
1333,6
1368,8
1375,5
1340,7
1238,0
1116,1
1112,4
1050,5
1079,0
1069,6
990,6
887,6
832,8
840,6
701,7
683,3
861,8
922,5
967,6
974,0
969,4
964,4
900,1
872,3
950,9
1043,3
1075,4
1080,7
1068,7
1073,4
1144,0
1220,5
1171,5
1237,8
1228,9
1234,1
1254,4
1355,5
1423,9
1473,6
1534,0
1583,1
1644,4
1707,6
1843,2
1977,0
2165,1
2262,5
2210,7
2298,1
2463,0
2568,8
2561,4
2497,1
2355,0
2328,8
2291,4
2028,4
1784,9
1664,2
1487,1
1289,7
1150,8
1195,4
1447,8
1643,5
1876,3
2078,4
2154,1
2274,1
2340,3
2352,2
2368,3
2434,1
2419,1
2422,0
2364,0
2272,8
2244,4
2268,5
2248,8
2204,0
2167,5
2144,0
2090,1
1937,5
1675,3
1435,5
1252,6
1206,0
1324,7
1536,5
1940,1
2090,5
1884,9
1611,7
1241,2
1161,1
1193,2
1183,9
1500,0
1689,1
1829,7
1834,6
1560,3
1208,2
1104,2
1056,7
1006,6
1010,6
974,8
970,7
1019,4
1005,0
941,1
789,4
633,6
564,0
506,6
453,7
437,6
463,6
535,8
670,3
609,1
679,9
767,8
787,2
912,1
1079,6
1035,0
1124,8
1199,5
1321,2
1181,6
1124,4
1164,1
1222,1
1162,8
1092,7
1099,7
1249,2
1403,1
1507,5
1613,0
1792,3
1852,1
1885,8
1868,3
1732,2
1630,8
1633,8
1601,0
1552,9
1551,6
1526,7
1438,3
1394,8
1303,5
1199,2
1122,7
1028,5
969,8
910,7
884,4
821,5
755,8
692,6
617,4
551,2
438,2
500,5
411,9
396,4
282,2
203,0
100,9
51,7
34,6
27,8
21,9
22,8
20,4
11,0
13,4
25,0
48,5
97,7
176,8
279,7
400,3
519,1
612,6
645,4
796,0
933,0
1125,8
1372,5
1686,9
2060,3
2206,0
2202,9
2215,5
2262,5
2260,6
2150,4
1835,9
1349,3
1006,3
793,2
718,9
538,5
508,8
600,3
627,9
579,1
609,6
705,2
851,1
827,8
803,6
786,4
760,5
805,3
912,9
1041,2
1245,9
1390,8
1538,4
1671,8
1705,2
1737,9
1794,1
1797,3
1790,9
1750,1
1755,0
1782,7
1674,8
1540,4
1482,9
1396,0
1295,7
1091,2
889,5
813,7
866,9
1012,4
1129,7
1373,0
1658,7
1950,0
2196,2
2334,3
2480,4
2571,4
2620,6
2656,3
2678,6
2682,8
2689,5
2675,6
2613,4
2531,2
2594,3
2597,9
2503,4
2510,1
2509,9
2509,8
2400,1
2280,7
2257,2
2249,0
2249,0
2256,8
2244,5
2187,1
2205,8
2333,0
2327,5
2332,6
2295,4
2276,8
2173,1
1979,7
1802,7
1796,8
1847,1
2015,2
2159,8
2199,5
2157,6
2119,1
2120,9
2065,8
1998,8
1928,7
1874,7
1743,7
1598,1
1465,1
1339,9
1221,7
1087,7
931,9
816,2
691,1
592,8
505,4
379,7
284,3
199,3
172,6
159,6
172,0
217,1
241,6
225,0
211,6
177,6
150,7
137,9
118,8
101,2
78,3
69,7
70,6
64,6
51,6
36,9
31,7
49,6
63,9
79,7
101,6
104,9
104,6
126,1
142,2
179,8
218,5
244,6
246,7
255,4
264,3
285,4
299,9
293,2
304,9
320,1
324,8
328,1
338,3
370,9
395,1
428,3
448,3
441,0
464,8
488,1
580,0
712,3
815,3
849,9
817,9
787,5
836,2
804,4
781,1
722,1
655,7
609,7
580,4
506,7
528,8
498,5
403,5
329,6
345,2
321,1
224,4
128,0
84,8
85,0
114,6
159,1
155,0
135,7
136,2
183,0
229,1
261,4
332,7
399,9
334,1
355,8
380,2
399,6
445,2
461,3
562,4
621,1
754,5
921,1
1046,3
1088,1
1217,9
1447,2
1667,3
1789,1
1847,8
1914,6
1888,5
1763,7
1631,8
1503,2
1202,6
1069,2
957,0
982,4
939,9
1036,5
1169,7
1364,4
1336,3
1355,5
1433,7
1473,3
1402,6
1221,2
1066,3
969,4
777,2
829,6
970,5
1137,7
1326,3
1508,7
1693,7
1802,5
1862,9
1801,5
1564,5
1191,2
884,3
644,1
746,7
553,7
453,9
398,1
418,2
513,2
463,2
542,6
557,6
556,9
627,7
743,4
802,0
812,4
796,2
743,1
605,8
361,9
189,7
89,2
62,0
68,1
134,7
277,4
434,8
589,4
756,1
1079,7
1396,6
1856,6
2188,0
2207,1
1897,8
1680,3
1630,6
1728,2
1752,5
1725,1
1605,1
1587,8
1414,8
1332,8
1259,9
1155,3
1025,3
998,6
1019,3
1011,8
1020,0
1033,2
1050,3
945,6
726,6
668,9
619,4
664,8
595,8
520,2
428,2
389,2
369,6
439,4
432,0
391,4
296,0
240,0
175,4
138,4
112,3
89,5
66,3
44,2
33,3
29,0
37,0
46,6
55,6
70,8
110,6
116,8
104,2
119,0
109,6
136,6
133,9
154,7
214,4
251,2
259,0
253,3
213,6
221,2
222,0
200,2
188,2
206,2
249,6
272,0
250,1
249,8
271,0
262,8
272,9
253,3
220,5
194,2
162,7
129,2
118,1
128,8
141,7
176,1
217,8
257,2
292,8
304,5
322,0
294,6
266,7
271,7
297,6
345,2
366,0
427,4
506,8
554,0
601,4
630,6
600,7
634,1
677,0
684,1
665,0
663,2
821,1
997,2
1072,1
1116,3
1174,7
1262,7
1341,2
1491,9
1594,1
1707,7
1788,8
1838,0
1907,5
1964,0
2019,6
2081,9
2085,8
2154,1
2285,0
2377,2
2444,4
2465,0
2483,6
2477,6
2468,3
2468,3
2474,5
2489,3
2553,0
2556,0
2524,6
2445,0
2355,1
2233,7
2128,5
2056,2
1989,4
1943,7
1930,2
1914,5
1822,8
1755,5
1746,9
1709,5
1637,8
1518,2
1445,7
1408,7
1393,5
1373,9
1357,6
1356,0
1337,5
1306,5
1264,1
1242,6
1207,4
1135,3
1026,9
938,2
860,5
787,8
779,4
815,9
827,7
789,8
774,8
719,7
617,7
593,1
593,2
627,0
703,1
693,2
663,8
613,6
496,0
527,8
463,7
461,2
492,8
515,0
581,2
667,3
712,2
739,8
720,2
687,6
696,6
658,9
614,9
639,9
724,7
818,8
915,8
971,9
1098,0
1217,0
1286,5
1318,6
1331,8
1349,2
1315,4
1350,9
1368,3
1375,5
1430,5
1441,0
1421,8
1429,3
1506,2
1606,1
1685,4
1805,0
1899,0
1985,6
2022,8
1987,4
1927,5
1884,3
1839,5
1837,9
1883,7
1882,5
1861,6
1783,9
1761,7
1743,3
1625,1
1524,4
1505,2
1471,7
1470,2
1463,3
1449,5
1423,6
1379,5
1356,5
1351,1
1400,9
1444,8
1411,5
1322,7
1204,1
1183,2
1216,0
1251,8
1217,8
1189,7
1092,7
992,0
880,1
821,7
773,5
754,2
703,2
698,0
734,7
706,4
657,6
631,1
574,6
543,3
519,0
535,5
564,7
570,3
565,8
563,8
622,6
716,9
749,9
678,4
592,2
475,0
393,3
330,6
269,1
238,2
211,3
200,1
228,0
214,2
189,8
158,7
113,0
90,8
61,8
40,7
22,9
20,1
21,8
28,9
53,3
86,7
98,1
121,9
141,7
165,8
208,5
268,7
311,2
395,0
534,4
595,7
637,2
734,0
863,8
843,9
847,5
775,2
683,0
615,2
472,7
348,6
250,6
205,4
219,3
229,1
253,8
229,5
199,6
163,6
157,2
143,2
139,3
155,9
169,3
169,1
192,1
201,3
225,7
220,2
202,2
163,2
111,3
107,4
91,5
65,2
61,4
75,5
107,9
197,0
294,9
378,5
482,9
596,4
715,8
782,0
781,5
738,7
683,9
714,1
731,0
741,7
798,8
868,6
872,1
849,5
934,7
1058,5
1103,0
1019,0
886,1
805,8
823,5
861,8
912,9
930,4
941,9
924,8
857,6
789,5
763,4
778,6
788,2
769,5
773,1
748,7
737,2
739,9
780,5
900,5
978,7
934,4
803,4
646,0
579,8
531,1
518,6
485,0
426,7
388,2
351,4
325,5
300,2
287,9
226,2
156,1
160,3
135,3
141,2
152,5
218,5
250,9
244,1
195,3
168,6
175,3
183,9
191,6
196,5
215,4
243,6
261,0
265,2
263,1
269,2
294,1
293,8
219,6
178,5
222,0
263,9
294,8
290,4
252,1
192,1
161,5
111,8
62,0
44,7
52,2
46,8
52,8
61,8
75,8
109,3
161,4
210,2
234,6
251,2
299,2
303,1
336,9
426,4
513,9
631,3
896,2
1070,2
1067,9
1117,6
1240,2
1182,6
1088,4
976,3
939,6
980,2
938,7
865,5
678,8
533,4
489,9
431,9
385,5
411,2
366,4
322,6
281,7
243,2
221,5
171,4
131,9
121,0
106,3
124,1
110,7
90,6
78,9
54,4
29,8
19,7
12,3
9,4
11,3
10,5
11,3
23,2
27,9
28,9
26,2
33,0
44,1
45,1
37,5
34,2
27,5
32,1
39,9
58,9
94,7
141,5
176,7
205,0
255,7
370,4
452,7
511,7
579,8
644,5
667,7
711,9
796,5
889,6
948,0
1069,1
1177,6
1327,2
1436,0
1500,2
1473,8
1328,2
1234,3
1193,6
1115,7
1018,1
956,3
815,1
637,1
545,6
403,5
293,6
199,4
138,0
139,2
139,1
139,2
145,4
123,9
85,4
61,6
36,2
23,3
22,8
48,7
74,9
109,3
169,4
221,0
214,8
217,8
229,7
273,1
284,6
317,6
334,6
336,5
338,9
344,1
342,3
334,3
370,5
320,9
333,6
285,8
298,2
345,9
317,4
453,0
484,5
488,4
472,2
300,7
318,6
265,9
317,6
427,0
489,6
682,8
820,9
1170,2
1636,5
2027,1
2297,5
2475,7
2610,1
2653,6
2477,9
2207,4
2182,3
2280,4
2273,7
2221,5
2179,3
2077,9
2033,2
2000,8
1906,0
1907,6
1899,5
1877,2
1729,1
1599,0
1465,6
1227,4
1060,6
880,0
840,2
674,7
548,1
431,7
281,4
190,8
118,6
65,1
72,3
63,7
193,7
305,5
348,3
481,1
597,8
692,1
846,8
1035,0
1201,4
1363,4
1543,6
1678,6
1697,9
1660,1
1646,1
1699,6
1746,2
1707,9
1583,4
1574,9
1643,2
1605,7
1541,0
1480,8
1483,7
1477,9
1486,9
1402,2
1376,4
1303,2
1302,4
1300,7
1260,0
1116,1
953,0
790,8
734,2
638,0
549,7
480,1
479,9
545,5
650,4
806,2
969,1
1123,0
1227,0
1309,1
1500,6
1672,3
1759,8
1816,1
1835,4
1882,8
1949,3
2058,6
2184,1
2264,8
2313,5
2313,7
2277,4
2138,1
1978,2
1656,5
1269,2
1008,6
1062,3
1172,8
1263,9
1284,8
1286,0
1249,8
1193,0
1174,0
1296,4
1444,0
1711,0
2072,1
2340,1
2423,6
2425,6
2373,0
2265,1
2135,8
1958,5
1828,3
1809,2
1796,0
1754,1
1650,9
1548,8
1358,3
1019,0
735,1
719,5
737,0
748,6
750,3
806,2
927,5
1146,4
1401,1
1713,7
1938,0
2089,8
2241,0
2385,4
2473,5
2558,0
2635,8
2690,4
2682,6
2676,8
2665,4
2600,5
2482,5
2343,3
2206,3
2092,6
1999,9
1895,2
1783,3
1722,1
1648,8
1634,2
1626,1
1508,1
1431,9
1282,4
1093,1
928,8
762,1
746,8
693,1
821,4
1040,3
1200,4
1305,8
1386,7
1490,7
1596,8
1740,7
1875,4
1978,6
2097,5
2218,5
2274,9
2293,2
2307,7
2328,4
2396,2
2443,9
2494,3
2561,2
2641,9
2713,3
2741,0
2743,8
2730,4
2708,2
2695,3
2690,8
2646,6
2569,2
2448,8
2243,1
2034,6
1873,9
2002,2
2164,5
2259,1
2146,1
2059,4
1991,5
2014,9
1975,8
1913,0
1776,8
1595,1
1460,5
1469,7
1630,8
1856,7
2133,6
2221,1
2241,2
2262,8
2277,0
2213,3
2165,1
2099,9
2077,7
2022,1
1913,0
1777,2
1780,1
1845,1
2013,1
2128,3
2215,3
2336,4
2421,3
2484,1
2507,6
2549,1
2593,6
2603,8
2584,7
2576,1
2569,8
2563,8
2566,3
2576,3
2568,9
2561,0
2544,9
2505,9
2451,6
2423,1
2399,1
2380,7
2423,4
2502,4
2527,6
2487,1
2391,4
2258,5
2017,9
1774,3
1585,4
1445,1
1323,9
1176,9
1024,5
834,9
757,2
647,4
566,9
510,7
418,5
336,3
238,4
143,7
91,1
29,2
18,0
19,7
16,0
19,3
21,2
37,1
34,4
37,3
50,8
63,8
45,4
32,0
51,3
61,8
81,3
155,4
223,6
293,6
346,0
442,9
573,5
741,2
917,6
1025,9
1055,2
1044,3
953,7
858,2
707,1
671,2
701,4
651,1
686,9
778,8
831,1
826,5
913,3
1055,8
1103,4
1122,0
1211,7
1374,3
1543,7
1687,4
1690,1
1707,0
1752,9
1818,1
1790,6
1745,1
1767,3
1825,7
1867,0
1874,6
1814,8
1787,4
1721,3
1689,4
1658,4
1479,3
1294,2
1074,4
924,5
818,0
750,9
694,3
676,4
659,1
525,3
412,1
379,5
396,3
426,2
369,8
372,2
483,9
588,3
607,4
527,1
507,8
541,6
528,5
509,2
521,5
601,5
675,9
719,2
750,7
708,5
696,7
730,8
729,9
817,9
860,7
923,3
987,6
1076,3
1131,1
1166,7
1121,8
1210,9
1178,0
1125,1
1021,6
1000,4
1068,6
1161,7
1215,3
1125,2
1007,6
972,7
862,9
665,8
541,7
451,4
378,4
262,3
135,7
78,7
57,7
75,3
132,7
154,0
142,4
121,7
101,5
76,0
82,1
128,6
198,4
255,1
360,7
567,2
779,0
874,4
865,1
939,8
1000,1
1037,8
1011,4
950,7
941,4
1007,5
1038,1
1085,9
1172,3
1372,2
1602,5
1726,2
1777,8
1775,7
1659,3
1592,7
1648,1
1751,2
1767,9
1715,0
1673,4
1675,4
1681,8
1640,9
1547,6
1362,3
1254,5
1152,6
1098,5
1119,0
1176,0
1207,5
1196,4
1206,5
1219,5
1219,3
1203,5
1181,7
1216,7
1182,7
1268,8
1336,8
1329,1
1322,4
1272,0
1264,7
1333,8
1407,2
1458,6
1473,4
1496,5
1540,6
1577,3
1647,2
1640,5
1621,7
1556,4
1578,0
1548,3
1538,1
1464,5
1307,0
1191,8
1108,6
1041,6
1012,6
993,6
957,1
965,8
965,1
1016,3
1035,9
989,3
939,7
878,8
849,5
818,1
927,4
1111,6
1026,6
958,2
906,8
961,8
934,7
946,3
962,0
846,3
816,1
908,3
1037,7
1105,4
1179,7
1199,0
1223,9
1246,8
1211,8
1207,6
1256,5
1376,5
1470,1
1519,1
1554,9
1670,9
1808,7
1898,0
1966,6
1987,9
1947,8
1869,1
1856,0
1839,3
1834,8
1815,7
1666,8
1340,6
1044,7
761,8
756,5
802,2
827,4
779,3
709,5
772,3
831,1
779,2
655,6
703,7
838,4
1011,8
1105,8
1143,3
1049,9
897,7
741,4
541,6
441,7
441,4
437,1
467,4
508,2
572,2
684,8
703,7
762,6
924,5
1079,5
1211,4
1277,5
1374,4
1482,7
1604,2
1769,2
1860,0
1990,4
2113,1
2210,2
2216,2
2141,7
2090,8
2024,7
1941,2
1818,7
1682,2
1514,3
1299,7
1059,9
861,1
674,5
635,2
560,8
622,3
703,1
698,2
843,1
926,6
920,2
890,8
1023,6
1426,6
1758,1
1957,0
2077,8
2156,5
2213,0
2249,2
2289,0
2219,7
2184,4
2052,5
1886,4
1735,3
1678,9
1652,7
1452,6
1328,6
1373,0
1392,8
1468,0
1628,2
1626,5
1643,9
1814,1
1831,9
1758,2
1728,4
1796,4
1966,1
2067,9
2092,3
2120,9
2203,2
2135,5
2145,5
2130,4
2082,0
2023,2
1970,0
1917,0
1866,5
1899,0
1782,7
1791,6
1936,6
2047,8
2083,0
2033,8
2090,9
2159,5
2190,2
2129,7
1929,2
1709,1
1566,0
1427,5
1403,0
1346,2
1310,6
1230,3
1200,2
1153,9
1223,3
1291,7
1319,1
1314,8
1408,5
1572,0
1754,7
1889,5
2004,5
2077,1
2132,3
2148,9
2066,4
1888,7
1711,7
1582,4
1494,4
1459,2
1419,3
1380,4
1402,7
1358,3
1269,7
1275,5
1316,0
1294,8
1219,2
1057,9
881,1
684,1
550,7
405,9
320,3
294,6
259,6
250,8
235,2
221,8
206,4
181,8
205,4
229,8
205,7
188,9
193,0
214,0
260,4
357,7
401,8
470,2
542,6
532,3
487,6
463,3
519,9
623,4
669,2
682,2
689,1
641,0
584,2
527,9
498,4
533,4
521,0
521,8
550,8
568,2
507,9
405,0
389,5
372,1
354,0
388,5
405,8
378,0
348,1
265,0
183,5
269,3
395,3
504,4
544,5
593,0
705,8
738,1
739,0
740,6
740,9
781,8
848,5
906,4
971,8
891,5
753,7
781,5
766,2
829,4
821,1
816,3
921,3
982,8
1009,0
1129,6
1085,3
1059,4
1068,2
1004,5
915,2
799,4
629,7
465,9
313,1
226,5
203,6
180,7
131,0
112,9
89,2
76,0
53,3
34,4
31,1
19,3
17,4
20,6
35,4
57,9
190,2
517,6
696,0
843,0
882,0
692,0
565,0
613,5
736,4
923,2
1206,8
1478,5
1504,7
1599,7
1737,7
1873,0
2063,3
2178,5
2274,9
2302,3
2260,3
2112,2
1969,4
1781,9
1641,4
1601,7
1608,9
1608,9
1545,0
1404,9
1143,4
864,3
793,4
805,6
919,9
1069,3
1314,9
1533,1
1673,4
1830,4
1952,2
2034,9
1999,6
1934,0
1886,3
1822,3
1759,5
1734,3
1673,3
1682,5
1646,8
1683,4
1671,5
1605,2
1479,2
1316,2
1131,4
1074,1
1087,0
1139,9
1033,2
1060,5
1024,3
978,5
841,3
797,0
898,4
841,6
724,5
641,0
655,2
740,1
897,6
1022,5
1059,3
1047,5
934,3
739,1
541,7
394,8
392,6
398,9
400,1
400,8
396,6
381,1
358,9
355,5
380,6
375,3
359,4
360,1
360,1
344,0
329,7
337,5
335,4
329,7
413,7
503,6
561,0
557,9
477,7
422,6
378,3
355,1
334,5
318,1
298,7
297,0
280,6
263,6
256,5
225,0
190,0
163,2
135,3
81,4
51,5
51,6
60,7
72,5
103,3
88,6
77,0
62,7
46,7
48,1
65,2
63,7
47,2
42,4
44,9
32,9
15,3
7,7
8,1
13,8
19,7
26,2
32,5
51,6
70,5
89,8
116,2
117,9
119,6
132,3
153,2
189,1
235,5
266,3
341,2
361,3
366,3
364,6
382,2
424,2
500,3
557,1
613,9
662,1
629,2
627,4
644,5
589,7
527,8
491,5
354,9
277,6
241,0
230,2
243,7
160,6
156,9
180,5
168,1
210,9
203,8
194,2
180,5
130,0
113,8
80,2
77,5
77,6
105,3
125,1
135,1
137,0
125,1
115,3
106,7
113,2
134,7
148,1
214,6
284,0
383,4
489,3
618,3
779,3
830,4
953,3
1004,3
994,5
1047,9
1106,4
1146,9
1192,5
1165,8
1074,6
1005,4
853,6
716,1
620,5
511,7
485,7
511,4
433,6
477,3
608,0
811,4
959,3
1035,9
1087,3
1177,3
1185,1
1087,3
953,6
845,9
805,7
953,5
1058,6
1086,4
1053,3
931,2
923,1
921,9
1066,9
1436,5
1913,5
2185,7
2327,0
2441,9
2563,4
2605,6
2597,2
2575,2
2533,0
2499,8
2469,6
2336,7
2164,3
2095,3
2114,4
2061,8
2082,1
2135,4
2149,4
2183,0
2251,4
2323,4
2417,4
2501,6
2532,2
2494,8
2456,7
2514,4
2536,4
2503,9
2383,0
2165,7
1991,8
1942,9
1864,2
1726,0
1632,1
1579,6
1618,0
1738,3
1805,2
1903,4
2039,0
2111,6
2197,4
2268,0
2300,5
2270,2
2269,5
2294,6
2398,4
2533,1
2604,9
2522,4
2469,7
2425,4
2459,1
2484,9
2485,4
2453,1
2479,9
2535,5
2545,8
2448,6
2336,3
2246,9
2171,4
1881,9
1792,2
1867,6
2094,1
2199,2
2177,5
2128,3
2041,9
1833,4
1572,1
1251,1
961,1
633,7
463,3
459,7
494,2
515,0
516,7
552,6
669,2
754,0
709,0
807,3
982,1
1041,6
1155,3
1566,4
1906,6
2062,0
2230,4
2373,5
2463,8
2514,2
2497,6
2587,8
2653,5
2590,0
2536,8
2507,1
2452,0
2361,6
2188,3
2000,3
1792,1
1643,7
1558,0
1474,3
1372,4
1277,3
1330,1
1526,2
1607,4
1580,5
1551,8
1636,3
1709,4
1712,6
1604,4
1464,4
1194,9
789,8
495,1
428,1
377,5
292,8
239,2
206,8
149,3
101,7
76,6
51,9
35,5
22,9
10,1
13,5
30,8
53,9
94,2
113,3
152,5
184,2
229,2
303,1
372,3
377,2
438,9
492,1
580,0
696,4
719,5
772,7
855,1
922,3
934,5
911,4
952,6
934,0
859,5
991,3
1130,2
1154,6
1044,9
845,3
708,9
620,0
512,7
379,8
318,2
231,5
153,3
116,3
69,6
61,5
67,2
63,5
69,3
94,0
116,7
131,9
141,1
142,8
150,1
209,5
389,4
512,4
626,9
702,9
748,8
733,5
720,5
717,1
710,1
636,5
534,4
517,7
580,8
707,4
880,9
1022,3
1053,9
1166,3
1336,3
1455,6
1480,3
1394,0
1265,5
1304,3
1230,3
1198,3
1170,9
1137,4
1057,2
977,5
928,8
849,7
787,8
733,6
695,4
767,8
829,0
900,5
1000,2
1045,6
1072,4
1202,0
1290,8
1292,5
1263,6
1184,4
1281,7
1496,7
1477,6
1365,9
1269,4
1080,5
947,5
927,1
873,5
873,0
781,3
575,2
391,5
297,1
228,1
180,3
129,2
108,1
85,1
68,9
59,9
63,9
72,8
96,5
87,9
98,1
204,0
290,3
438,5
624,5
728,5
863,4
942,5
923,1
940,0
817,9
685,6
722,9
867,7
1007,2
1144,0
1318,0
1420,9
1531,6
1673,2
1606,7
1516,8
1397,8
1322,9
1248,9
1192,3
1153,9
1132,2
1163,2
1175,0
1150,3
1095,2
1061,9
1014,5
957,8
981,1
1123,4
1257,5
1394,6
1537,6
1595,7
1636,2
1722,5
1871,2
1981,5
2060,3
2096,9
2079,8
2036,4
2084,5
2165,8
2127,4
2018,9
1854,1
1763,7
1638,3
1371,7
957,7
624,3
424,8
350,4
303,3
258,1
207,9
225,1
191,6
164,7
165,4
178,9
186,6
261,2
253,8
208,4
283,4
391,6
387,9
402,8
393,8
383,3
368,8
339,7
254,8
158,6
137,4
135,3
142,8
139,0
143,7
153,3
144,8
139,1
161,4
162,7
161,2
142,9
120,5
104,1
83,8
72,0
63,2
56,5
42,6
41,6
51,7
46,7
35,8
23,2
12,7
12,4
13,8
12,2
8,8
10,9
18,0
23,8
24,5
31,4
33,2
21,8
20,1
24,7
27,9
27,1
45,7
80,6
130,5
176,9
202,4
203,8
165,6
115,3
72,7
56,2
46,5
56,0
75,0
87,1
107,8
141,1
202,6
187,7
137,8
106,4
96,8
115,4
118,6
124,9
154,3
173,0
183,3
168,2
147,4
126,5
82,9
45,7
27,0
20,4
15,6
32,6
50,4
89,8
156,3
190,9
177,1
181,5
303,6
417,0
517,3
702,5
817,0
880,1
945,3
961,8
1011,0
1060,6
1116,4
1214,5
1184,8
1033,7
809,8
757,4
792,3
813,2
819,2
827,7
883,7
923,1
958,7
1005,3
992,9
1015,2
1209,3
1538,3
1590,4
1602,5
1653,7
1831,4
1964,6
2074,3
2084,0
2056,2
1916,5
1732,4
1497,7
1373,2
1319,3
1318,8
1197,9
1079,6
971,4
915,8
761,3
740,9
702,2
641,6
690,2
765,8
719,3
683,4
748,6
854,4
912,8
962,8
904,9
823,5
708,7
626,5
628,6
658,5
763,9
855,0
957,1
939,7
932,2
895,3
804,6
739,2
701,0
695,2
753,6
852,2
888,3
905,6
862,9
797,8
725,6
683,0
639,9
562,1
560,9
558,5
664,7
739,7
835,1
883,6
940,1
951,8
974,0
1022,0
1077,9
1144,2
1204,3
1196,1
1228,8
1319,2
1506,5
1714,6
1880,2
1908,0
1821,3
1786,7
1767,2
1583,5
1314,3
1171,1
1142,9
1113,5
1120,2
1180,6
1317,7
1247,6
1188,9
1141,3
1127,3
1138,2
1154,9
1155,7
1176,6
1181,3
1163,6
1102,7
1016,9
904,4
761,9
661,4
589,0
550,4
472,4
391,3
352,2
324,9
273,1
236,4
252,8
259,8
242,0
225,5
191,3
162,2
177,0
168,6
171,4
173,7
195,6
257,4
276,5
293,1
346,7
381,0
303,0
261,4
250,3
162,0
133,1
153,5
139,7
140,0
124,5
110,1
105,7
86,8
63,7
99,3
103,8
132,4
128,1
141,3
204,6
219,5
247,8
274,7
259,0
227,2
209,7
216,0
176,9
148,5
172,1
162,9
147,5
162,2
159,6
169,3
171,2
142,1
166,5
215,2
257,1
277,1
295,0
338,7
371,2
468,6
483,2
537,2
588,8
441,3
357,7
307,1
206,7
117,0
83,1
90,0
83,4
110,4
147,4
170,0
179,4
206,7
237,4
290,2
323,4
320,4
329,7
395,7
509,5
650,8
779,7
963,8
1016,0
982,3
1030,1
990,0
770,3
641,5
697,5
629,2
494,5
391,4
327,8
270,0
220,8
140,2
77,7
43,9
26,8
13,8
10,5
29,9
35,0
46,2
76,2
115,9
151,6
196,3
187,0
161,1
173,1
180,3
218,2
405,2
651,6
819,1
894,0
920,6
881,0
940,6
1025,8
1031,8
1093,3
1153,6
1314,3
1371,2
1494,9
1603,6
1629,1
1648,9
1589,6
1649,5
1615,5
1572,8
1529,7
1401,9
1330,3
1298,2
1312,6
1358,2
1435,1
1523,4
1660,9
1696,8
1733,3
1774,8
1823,6
1839,1
1955,1
2141,1
2296,9
2342,9
2405,9
2424,4
2413,4
2373,3
2275,4
2109,6
1895,0
1629,7
1271,1
861,5
545,9
421,3
340,5
261,7
292,1
296,8
260,7
236,8
216,7
232,0
362,7
396,5
397,7
390,8
366,5
419,0
500,8
624,5
696,3
516,8
482,5
589,0
646,7
523,0
477,4
499,4
553,3
655,0
844,1
1033,5
1151,1
1126,9
1171,3
1130,2
1187,0
1327,1
1385,6
1600,8
1785,2
1806,2
1862,8
1938,0
1989,9
1863,6
1762,4
1579,1
1491,9
1383,1
1203,0
1129,6
1096,7
858,7
633,1
524,4
460,5
388,4
300,2
215,7
126,4
60,7
25,8
14,4
30,7
37,3
56,9
74,2
101,4
137,5
135,1
122,4
136,9
247,7
342,1
430,4
477,8
522,4
482,5
459,8
489,9
560,9
588,1
534,7
441,7
406,8
474,8
610,3
786,0
898,4
874,2
794,3
746,0
731,3
731,3
623,7
519,7
437,5
400,7
382,6
441,4
416,5
434,6
415,9
375,2
290,3
206,9
157,4
110,3
89,5
113,4
156,7
237,4
330,5
423,4
411,0
447,4
467,6
457,9
386,2
302,0
246,1
190,9
148,8
128,7
141,9
158,1
208,3
222,2
216,7
180,5
76,7
74,1
81,9
44,6
19,1
24,3
35,7
36,5
47,4
66,0
83,5
87,0
69,7
55,0
70,9
111,1
139,9
170,3
186,2
205,2
215,2
203,2
191,8
185,4
206,1
238,2
260,1
317,9
428,7
528,6
598,3
651,6
675,8
712,4
792,3
910,8
1052,5
1164,4
1238,7
1371,0
1463,7
1502,0
1513,2
1480,1
1489,5
1488,5
1470,4
1517,8
1626,3
1854,4
1890,0
1837,1
1799,7
1766,9
1716,1
1678,6
1586,2
1500,3
1483,2
1397,0
1193,3
870,7
631,3
518,3
466,2
413,1
373,3
309,8
236,4
202,9
154,2
158,0
132,3
148,4
145,4
136,8
127,7
151,0
174,2
209,9
225,8
271,9
303,2
338,5
329,2
274,0
215,1
200,8
210,5
201,1
160,0
149,5
140,2
116,4
95,3
79,5
55,0
78,2
112,3
128,4
129,5
134,9
154,3
174,7
163,4
132,9
98,9
81,0
51,3
27,1
20,9
34,6
52,0
83,6
139,0
251,7
362,8
547,7
635,9
641,8
691,5
943,2
1278,6
1397,1
1463,0
1486,3
1479,0
1465,0
1415,5
1250,9
1000,2
750,4
570,4
475,0
390,9
298,0
268,4
245,0
199,5
162,0
107,6
85,0
88,8
92,4
72,1
82,3
89,7
122,6
134,5
172,2
227,6
285,3
320,2
352,7
352,9
311,5
244,5
172,5
122,8
111,1
98,4
95,2
99,8
83,8
100,1
217,9
421,9
520,7
663,0
852,2
1075,4
1298,8
1658,0
1981,8
2229,9
2285,3
2246,0
2167,7
2063,7
1875,3
1788,4
1653,9
1495,6
1371,9
1237,1
1179,0
1172,8
1337,4
1484,4
1614,7
1664,2
1653,7
1653,7
1735,4
1820,0
2004,9
2195,5
2359,9
2415,1
2363,9
2261,9
2280,3
2382,2
2400,1
2338,0
2285,6
2209,7
2265,3
2355,1
2411,8
2441,9
2455,7
2479,4
2485,0
2480,1
2464,3
2449,3
2410,8
2320,1
2226,7
2154,3
2132,4
2140,2
2149,3
2119,2
2119,0
2107,0
2074,6
2008,7
1892,7
1843,4
1793,1
1706,4
1584,4
1391,0
1188,4
1030,3
849,9
680,1
588,3
573,1
591,3
527,7
533,0
627,5
865,7
1151,2
1350,8
1496,5
1626,1
1643,2
1583,2
1449,0
1250,2
1181,8
1310,4
1491,6
1674,9
1830,7
1949,9
2062,0
2155,8
2228,7
2226,1
2213,9
2212,1
2241,2
2296,2
2280,6
2188,8
2082,7
1917,6
1682,7
1416,0
1170,8
918,8
657,1
408,1
264,3
190,0
136,5
120,4
118,0
78,3
70,1
78,9
72,6
67,3
76,7
83,2
94,5
109,3
131,2
165,4
196,6
245,6
279,0
322,1
350,3
377,8
334,7
360,0
443,2
449,9
446,2
516,2
619,4
657,6
692,0
730,3
769,1
813,8
827,1
843,2
970,6
1080,4
1183,9
1292,9
1405,8
1581,8
1772,1
1964,6
2055,4
2108,5
2106,9
2047,3
2046,2
2037,8
2046,6
2100,4
2097,8
2082,2
2043,6
2018,7
1966,2
1987,4
2119,7
2293,2
2422,5
2459,9
2448,0
2386,0
2332,3
2267,0
2150,7
2013,0
1835,6
1640,7
1403,8
1100,9
829,9
707,7
633,1
599,1
554,6
506,4
459,4
390,1
322,7
275,3
250,4
310,1
282,3
258,7
239,3
241,3
249,1
293,2
368,3
459,9
588,7
635,0
571,1
640,9
672,7
727,3
811,5
843,1
801,3
701,2
628,8
511,8
426,9
396,1
368,7
365,2
303,8
277,1
257,5
237,9
215,5
169,2
152,6
133,6
103,0
69,7
48,0
31,7
28,6
35,9
39,1
35,6
23,9
18,4
15,6
19,5
41,2
94,8
104,3
79,8
83,7
114,1
161,8
199,0
204,2
195,6
202,2
230,1
263,1
288,0
294,3
326,3
423,1
500,0
516,7
512,9
588,8
609,5
577,4
591,5
661,6
689,0
595,7
468,9
486,1
568,9
637,8
739,4
762,6
811,6
882,3
905,6
884,5
898,7
838,2
812,0
877,9
987,6
1012,2
993,7
985,3
941,0
912,1
892,5
854,7
831,0
760,0
670,1
638,4
650,6
730,1
838,5
891,3
819,4
764,7
700,0
644,1
606,2
604,8
555,5
553,3
521,4
498,3
488,8
456,9
427,1
438,1
452,2
536,3
572,1
652,7
623,4
557,0
556,0
595,1
696,3
767,0
845,6
779,2
760,9
793,2
722,8
644,0
526,5
534,5
580,8
527,9
440,2
400,0
408,9
396,2
322,9
247,4
196,9
176,8
177,9
161,3
144,0
145,4
143,8
149,7
157,7
142,3
144,1
139,0
133,3
103,9
81,0
87,5
95,5
107,9
107,1
99,3
100,0
97,6
99,1
83,0
78,4
66,6
68,3
110,4
137,9
133,4
154,1
180,5
203,1
220,4
208,2
204,1
230,9
200,6
165,1
111,7
92,0
103,8
144,7
146,6
144,6
141,0
122,6
121,4
111,6
72,7
56,1
76,9
82,7
98,5
123,4
151,0
157,5
164,1
174,7
211,9
238,0
228,9
200,2
220,8
231,7
239,7
247,3
227,1
248,7
248,2
237,4
218,0
150,3
78,5
61,8
59,0
66,7
78,9
74,8
56,0
50,5
39,8
33,9
46,7
64,8
84,5
94,3
122,4
161,5
182,6
199,8
230,2
256,3
303,1
320,5
360,0
372,1
352,9
389,3
439,4
485,9
538,2
638,4
740,6
915,6
1035,5
1110,4
1153,4
1232,9
1231,8
1190,9
1164,4
1260,3
1350,1
1424,9
1456,9
1537,4
1745,5
1872,3
1669,6
1327,7
1117,4
996,9
932,7
789,0
606,7
446,3
328,1
288,6
324,3
356,9
312,1
216,0
130,7
140,6
179,0
246,0
264,9
290,7
337,4
389,6
400,4
410,1
547,3
584,7
640,9
724,7
688,5
565,8
546,0
537,4
573,0
645,5
667,0
708,0
728,8
701,3
709,7
604,8
469,7
408,8
459,8
525,6
563,6
625,7
744,8
831,0
848,6
874,1
937,1
1015,6
1148,7
1135,2
1106,2
1032,5
842,6
841,2
947,0
841,9
755,4
779,2
784,0
791,7
786,9
830,2
1017,9
1160,8
1267,7
1466,0
1623,4
1691,0
1728,5
1881,2
2157,2
2328,2
2363,2
2366,4
2384,7
2399,9
2343,2
2247,5
2138,9
2057,2
1982,7
1924,7
1828,0
1646,3
1462,7
1366,4
1300,0
1257,1
1267,3
1218,0
1176,4
1112,4
1110,9
1084,9
1182,0
1364,1
1253,6
1186,9
1148,6
1116,5
1142,5
1189,3
1245,6
1338,7
1495,2
1593,7
1674,4
1593,8
1376,8
1287,0
1287,6
1302,5
1297,1
1289,3
1259,2
1144,9
1082,4
1102,5
1277,9
1494,6
1556,2
1562,1
1595,2
1609,1
1563,4
1496,4
1398,8
1344,3
1251,3
1190,7
1135,2
995,8
908,2
898,2
917,5
995,8
1057,5
1077,3
1114,6
1137,0
1145,7
1166,0
1256,7
1300,3
1382,3
1449,1
1478,4
1448,6
1378,2
1350,0
1306,1
1257,2
1267,5
1237,8
1265,1
1233,3
1156,0
1144,9
1203,6
1227,4
1249,0
1311,9
1335,8
1394,1
1396,6
1435,1
1540,6
1743,7
1873,5
1861,6
1829,5
1797,3
1763,2
1806,5
1820,8
1712,4
1552,2
1363,5
1134,8
871,2
600,9
439,9
335,9
294,0
276,6
211,6
186,0
163,1
181,8
196,4
204,8
250,5
270,4
300,0
345,8
407,6
496,2
490,5
474,6
451,1
440,5
463,4
509,0
479,1
430,6
387,5
368,0
363,8
396,2
389,9
377,5
360,0
338,4
323,6
326,8
348,1
321,0
304,5
275,2
255,2
266,5
287,9
315,9
415,0
477,5
536,2
617,0
613,3
583,1
655,6
687,9
748,0
797,4
807,1
830,9
836,8
845,2
854,1
814,3
615,9
481,2
439,0
419,4
380,3
460,1
372,5
367,1
340,1
407,7
388,1
407,1
492,2
554,4
622,6
709,3
831,1
983,7
1046,5
1101,8
1096,5
1122,1
1121,1
1213,5
1362,1
1478,7
1556,2
1604,7
1645,9
1683,8
1659,5
1620,4
1572,8
1537,7
1483,1
1482,9
1487,9
1497,1
1517,9
1522,4
1496,3
1438,3
1372,8
1304,8
1240,3
1151,5
1099,3
1056,8
1061,7
1069,8
1083,0
1108,6
1081,3
998,8
920,3
843,4
753,5
628,4
536,1
461,6
365,5
287,2
245,6
230,9
223,9
222,0
209,3
195,7
187,4
165,7
139,2
124,8
122,8
136,3
152,4
152,5
144,2
128,9
121,6
108,4
102,1
111,4
123,4
119,0
100,8
84,6
77,5
81,9
77,9
69,3
75,2
84,9
89,7
70,3
57,7
54,4
53,0
46,0
42,2
26,8
30,7
41,5
58,3
96,7
135,8
160,3
164,5
137,1
115,6
94,4
75,8
64,5
60,0
59,9
66,5
81,7
114,5
143,1
181,4
219,2
325,7
338,3
377,5
428,1
477,4
608,5
726,8
864,5
984,6
1043,9
1073,8
985,8
865,4
792,2
699,0
687,3
645,8
673,9
707,3
769,9
737,7
777,5
840,2
799,0
846,3
918,1
940,3
909,6
943,2
1009,8
1030,2
1040,5
1008,8
935,5
845,1
752,1
594,6
410,9
340,3
344,1
325,1
261,0
218,4
192,4
177,7
148,0
97,2
87,0
121,2
137,8
159,4
210,6
280,6
404,9
571,4
764,3
880,5
928,9
925,1
1023,2
1041,5
1035,8
979,7
880,0
794,4
750,8
801,6
806,5
734,2
639,3
603,6
680,0
784,0
830,2
819,0
843,5
827,6
856,9
929,1
786,3
678,4
646,3
650,1
543,4
416,2
377,3
424,8
498,1
644,5
819,7
920,5
963,9
977,8
991,6
1061,1
1167,8
1319,7
1355,1
1445,4
1618,7
1822,3
1990,0
2082,5
2091,5
2079,5
2024,4
1959,1
1826,4
1641,3
1406,3
1237,3
1037,7
870,9
726,9
633,8
575,6
455,8
391,9
315,7
219,0
192,3
170,3
154,6
189,5
180,1
273,8
385,9
556,4
522,9
540,1
475,9
335,1
280,9
259,0
286,7
354,3
351,3
325,8
288,9
297,9
309,9
315,7
307,6
331,2
361,2
336,1
323,6
312,0
266,0
252,7
254,0
244,6
216,1
159,1
108,8
94,8
82,7
58,1
45,3
49,3
51,6
58,3
62,8
65,8
65,2
92,7
80,1
48,3
43,3
39,1
42,0
54,9
73,0
97,1
135,6
177,7
209,3
232,7
249,1
233,8
185,9
182,1
201,3
208,7
180,0
181,2
178,4
182,8
215,6
265,8
273,0
238,6
206,8
264,6
304,1
312,8
303,5
336,3
410,6
503,5
596,9
665,3
770,7
902,3
844,7
821,9
890,8
914,1
918,1
968,8
963,3
964,3
1022,0
1071,8
1053,9
887,9
571,6
530,4
586,6
573,0
647,6
780,8
708,9
723,8
592,3
532,3
567,0
579,6
631,0
585,3
639,1
664,1
740,0
758,4
781,6
805,7
853,3
882,9
913,4
1032,4
1188,1
1317,7
1460,3
1574,5
1693,4
1802,6
1959,2
2071,2
2045,5
1965,3
1809,3
1613,6
1414,5
1329,8
1275,5
1235,4
1086,1
927,4
834,3
771,1
725,7
727,3
732,0
669,5
803,4
850,3
909,0
784,8
667,7
503,4
460,0
298,0
203,0
137,1
98,9
94,8
137,2
247,8
412,1
518,5
593,3
645,7
707,6
742,2
760,3
785,2
805,3
850,8
907,4
940,6
1025,7
1252,6
1436,9
1549,5
1625,9
1608,4
1655,4
1722,3
1786,1
1834,5
1852,9
1764,5
1730,4
1724,3
1726,1
1689,2
1551,9
1477,8
1428,1
1406,6
1398,6
1456,6
1477,4
1508,5
1553,2
1608,6
1751,3
1882,8
2044,9
2173,2
2211,2
2204,1
2204,5
2106,1
1965,3
1818,7
1700,4
1631,4
1540,7
1458,3
1369,9
1233,6
1149,7
1105,4
1041,1
1040,4
1039,5
1017,4
959,6
762,2
531,2
376,2
317,1
295,2
275,7
273,6
262,6
227,4
174,8
126,1
112,9
127,8
135,1
123,3
95,3
85,6
72,1
47,4
30,4
14,9
11,6
6,0
9,0
9,7
15,8
23,4
31,3
29,0
47,7
82,6
136,7
227,0
406,0
505,0
611,1
744,2
834,1
969,6
1168,6
1215,4
1148,7
1206,4
1186,7
1030,1
1108,8
1128,9
1148,8
1200,5
1263,1
1311,4
1215,8
1129,3
1081,4
979,7
830,6
676,1
601,8
479,8
429,1
486,7
533,1
642,7
716,3
711,1
759,3
843,0
839,6
837,8
980,4
1113,4
1159,3
1173,9
1239,8
1190,7
1201,8
1177,8
1056,1
938,2
811,5
710,4
548,7
396,1
331,2
322,1
338,4
323,7
366,0
345,3
256,7
209,7
228,4
226,6
353,1
612,6
905,8
1184,2
1439,0
1578,8
1691,0
1819,9
1831,1
1741,5
1655,7
1511,4
1175,6
918,8
802,0
754,6
741,0
924,0
1028,1
1009,1
920,1
773,2
642,1
611,9
814,3
1056,3
1233,6
1307,0
1194,1
1042,9
763,6
525,3
385,2
286,1
230,4
167,0
120,8
99,9
80,0
53,9
45,2
78,8
88,2
89,6
91,2
120,3
161,6
118,0
97,1
131,9
188,2
221,6
231,6
237,1
223,3
181,1
142,5
116,3
122,6
115,3
117,9
149,8
189,7
238,1
291,6
351,5
369,6
371,1
335,0
296,3
257,4
223,9
210,1
202,6
218,0
249,6
320,7
333,9
331,9
379,5
395,5
379,9
374,9
376,1
352,5
341,4
358,5
362,5
328,9
334,0
360,7
353,7
359,3
375,3
353,3
314,8
390,9
508,6
630,4
690,6
716,2
654,7
554,8
476,8
414,0
368,4
339,5
351,6
360,5
346,7
365,0
363,8
384,9
352,2
381,4
449,1
482,5
449,3
394,0
355,4
363,3
453,1
536,5
617,7
564,4
490,5
358,3
284,3
227,4
158,7
107,0
93,6
69,5
38,1
39,2
125,1
117,9
129,4
97,5
92,4
99,0
104,7
89,9
89,8
104,0
117,2
128,3
113,5
98,6
81,5
53,8
38,2
30,6
28,0
24,3
17,3
10,3
6,4
6,9
6,9
13,5
32,1
61,5
75,0
83,5
79,9
66,1
44,9
51,4
59,8
89,8
108,4
140,4
162,6
241,3
315,0
369,1
438,7
604,3
460,9
243,2
316,0
386,5
366,1
433,2
537,5
553,5
528,1
497,0
471,6
522,0
531,8
625,0
634,9
601,9
631,6
700,5
798,1
854,0
889,3
1004,1
1053,7
1125,7
1116,7
1113,5
1082,9
1091,8
1074,7
1056,5
1071,7
1089,9
999,2
952,6
924,9
918,9
881,5
960,3
1078,5
1176,4
1216,7
1197,4
1111,9
1088,2
1071,5
958,6
908,4
797,9
661,3
496,7
360,7
309,6
296,9
285,5
270,7
235,1
171,9
131,8
118,7
114,8
107,8
136,9
206,4
242,7
329,4
373,8
365,5
354,4
356,4
345,0
345,3
325,1
304,2
304,1
326,8
421,3
380,5
433,3
451,5
464,3
444,3
438,6
389,9
395,8
431,4
510,4
521,7
499,5
537,9
573,8
641,5
788,4
886,7
958,7
974,5
946,3
883,8
881,9
928,3
994,0
1022,9
1054,7
1055,3
1039,2
998,9
945,7
876,8
793,7
717,6
717,8
744,7
754,5
754,0
728,7
637,8
533,9
453,4
376,5
283,7
172,1
85,4
46,7
35,2
44,6
95,3
200,3
200,6
180,5
114,2
115,9
112,4
130,6
115,1
141,1
152,6
193,7
284,1
390,1
445,0
524,8
697,2
822,3
877,9
873,3
877,5
824,9
814,4
795,0
733,4
678,4
619,8
616,1
620,7
632,7
576,9
556,5
582,0
697,1
870,6
999,0
1171,9
1301,0
1376,3
1459,0
1487,9
1455,0
1441,6
1443,6
1358,0
1178,6
1043,6
1025,7
992,7
956,3
1055,8
1131,1
1120,0
1120,4
1093,0
1128,7
1117,7
1126,6
1259,9
1458,1
1609,6
1688,4
1710,3
1823,6
1897,3
1801,6
1693,7
1568,4
1259,0
906,0
623,9
522,1
422,2
325,5
286,1
301,8
373,0
437,4
514,2
555,4
691,4
960,8
1157,6
1363,7
1500,8
1629,2
1747,8
1822,9
1820,0
1782,9
1685,0
1611,0
1479,4
1344,4
1264,7
1205,4
1165,2
1152,5
1108,4
965,7
804,8
723,2
683,1
533,0
463,7
492,6
503,8
472,1
449,1
377,4
272,4
222,9
187,2
199,5
252,4
233,9
383,3
476,3
537,0
570,5
572,5
469,3
405,9
327,6
288,6
270,4
192,1
146,0
150,9
140,7
198,0
311,0
323,1
275,7
242,7
168,7
157,3
239,0
333,1
357,9
363,8
342,8
341,8
422,3
492,4
527,1
511,2
590,5
691,4
703,2
721,2
716,7
717,7
813,2
1000,3
1131,5
1252,6
1323,3
1495,1
1612,3
1708,4
1859,4
1940,7
1913,3
1778,3
1561,1
1395,6
1374,9
1380,5
1348,0
1306,2
1297,2
1255,8
1210,0
1177,7
1129,9
1120,7
1125,0
1098,4
1041,0
979,4
903,9
957,3
1071,9
1157,9
1279,8
1345,4
1359,1
1160,6
900,5
694,7
616,9
669,8
674,9
577,9
586,0
501,5
435,2
451,8
360,0
329,8
409,5
453,6
459,5
592,2
794,2
1060,5
1292,8
1463,1
1417,6
1356,9
1252,0
1090,2
963,3
1036,6
1196,6
1351,8
1469,0
1504,0
1542,2
1612,2
1679,4
1692,2
1686,4
1744,3
1865,4
2018,1
2047,1
2063,7
2177,6
2232,5
2219,9
2173,7
2106,4
1921,5
1691,8
1400,3
1094,6
849,8
834,1
888,9
851,5
802,0
778,5
752,6
782,6
801,0
701,8
577,8
522,9
530,5
537,5
542,1
545,8
542,8
499,2
439,9
349,9
252,5
177,6
106,9
67,8
67,4
78,1
66,0
56,5
46,8
34,3
20,5
15,2
12,7
15,8
16,3
17,9
13,5
7,7
2,4
15,2
43,3
106,8
195,9
346,0
358,0
290,2
259,7
255,5
264,8
283,7
295,9
335,1
404,0
495,4
563,7
595,1
551,0
494,8
523,2
562,5
442,5
364,7
317,4
289,6
267,5
299,4
329,4
360,7
359,5
347,5
334,3
244,7
202,0
175,8
144,4
115,0
85,4
74,2
75,0
59,8
47,3
34,3
22,8
35,1
49,1
48,0
53,2
67,1
95,3
127,7
146,5
158,5
184,1
210,3
203,3
237,5
245,8
219,9
198,9
211,3
208,6
197,0
224,3
235,0
256,2
274,8
292,9
378,3
378,7
424,0
476,2
512,1
686,7
916,5
982,1
1031,3
1042,6
885,8
682,0
455,9
303,8
267,3
217,8
143,7
106,6
94,1
85,0
73,2
38,2
20,0
34,3
43,2
52,7
60,5
71,3
44,0
37,0
41,4
48,2
46,7
25,7
15,8
14,0
16,9
30,8
36,3
47,5
61,3
57,7
86,3
85,6
92,5
120,8
201,9
102,0
124,4
256,8
208,0
277,9
341,4
374,6
403,9
527,1
745,7
708,8
704,6
657,4
564,6
488,1
501,0
604,7
703,9
745,5
711,2
656,3
714,6
715,2
593,8
571,8
647,1
868,2
997,3
1081,1
1106,5
1169,4
1204,5
1185,3
1134,3
1046,3
812,2
578,3
399,8
307,0
293,6
253,0
215,0
170,8
137,3
127,5
138,7
128,6
127,6
124,9
101,4
137,5
218,0
282,6
308,7
315,5
317,8
311,8
277,7
254,6
221,6
208,8
205,8
228,6
350,6
514,5
633,2
754,9
853,3
930,7
995,6
1074,0
876,1
595,3
442,2
352,6
415,4
427,4
408,9
356,6
459,0
547,3
627,3
565,8
455,5
355,7
339,5
343,3
339,7
295,7
273,3
252,9
217,9
182,9
159,6
144,6
143,0
130,7
172,9
189,2
193,5
262,7
330,4
292,2
254,1
201,3
225,2
266,6
313,1
264,3
182,1
155,3
176,3
190,5
220,5
216,6
194,7
196,4
214,7
217,4
204,2
169,6
170,2
255,3
355,8
374,0
348,2
316,0
322,0
320,9
378,4
394,7
380,9
319,0
259,4
197,4
193,1
211,3
222,8
259,8
225,8
191,5
185,0
126,8
95,2
49,0
26,0
26,8
38,9
49,3
59,0
64,6
68,1
72,6
66,9
60,0
47,2
30,3
21,0
17,6
34,7
83,7
149,8
186,5
222,5
190,1
199,7
199,5
162,0
142,0
192,4
271,7
394,0
508,9
565,0
674,2
886,8
1000,9
1104,2
1224,5
1212,7
1010,7
780,2
688,2
726,6
793,2
885,6
993,1
1010,4
1032,7
1054,0
1039,1
1095,3
1255,0
1468,8
1691,1
1793,6
1899,7
2042,6
2106,6
2117,4
2156,3
2149,7
2085,3
2050,5
1958,2
1804,6
1727,6
1674,7
1695,9
1698,8
1680,3
1628,9
1614,5
1560,3
1537,3
1517,0
1550,4
1708,2
1821,7
1884,6
1838,2
1800,1
1823,2
1847,5
1827,3
1762,8
1641,1
1519,1
1341,4
1025,2
799,8
692,6
696,1
714,0
702,9
745,1
721,7
709,7
661,7
557,8
596,9
740,2
787,4
718,1
681,2
688,6
746,9
781,1
798,3
876,2
869,1
928,5
886,8
699,9
620,7
590,1
598,0
651,3
674,7
665,9
660,5
676,8
747,1
772,0
719,6
773,7
951,1
986,3
941,1
928,8
971,0
984,6
947,7
870,8
783,5
654,2
514,3
394,7
355,2
339,8
287,5
239,7
186,9
146,2
104,7
73,4
49,4
28,3
13,1
1,7
1,9
2,0
3,7
11,5
24,6
44,3
56,5
66,3
65,2
53,7
41,1
30,7
33,4
41,6
50,9
41,3
42,7
50,2
60,2
55,8
52,5
64,6
65,3
49,8
59,6
70,4
71,1
75,2
82,0
100,3
124,2
134,2
138,3
176,5
200,1
187,5
232,2
313,9
380,6
410,6
421,5
455,9
492,6
500,3
474,0
415,9
328,1
303,9
399,6
477,6
533,7
617,5
740,5
773,3
770,7
766,8
753,4
736,3
694,1
614,0
686,3
761,2
793,0
780,1
764,8
726,0
649,0
581,7
555,0
568,7
531,8
518,8
614,2
657,7
668,2
599,1
538,6
488,2
430,5
371,9
331,5
297,7
242,1
237,3
362,6
408,6
407,0
435,6
394,0
390,7
395,7
351,7
331,2
282,4
279,8
237,5
240,7
319,7
367,9
396,7
432,0
502,7
573,6
665,9
800,4
884,4
775,7
625,8
697,7
775,8
800,9
830,4
847,7
791,7
763,4
844,7
805,9
621,9
557,9
532,1
543,1
609,0
538,4
431,2
305,8
226,4
196,6
162,2
132,8
134,5
111,8
80,7
94,4
121,6
134,6
95,3
70,7
60,1
43,7
33,4
25,8
25,4
27,8
26,9
28,6
48,0
85,1
116,9
133,2
143,5
161,7
171,8
167,8
171,4
224,8
292,7
373,0
442,5
584,0
699,0
765,1
735,9
764,3
733,8
671,3
597,7
450,0
282,8
209,1
195,3
219,8
263,5
336,1
405,2
462,4
629,7
766,6
743,3
739,9
759,3
827,9
884,9
754,9
541,6
360,9
266,9
204,2
155,1
130,6
99,5
65,0
42,3
40,2
57,1
83,2
145,8
157,7
114,3
113,9
120,3
117,6
104,2
110,3
172,5
262,8
230,8
280,8
341,1
368,0
305,4
310,5
306,3
265,8
263,0
200,7
178,5
216,3
248,5
254,3
267,4
306,0
378,1
484,1
540,2
544,1
507,3
432,2
331,7
300,1
259,1
273,0
272,5
264,0
254,6
218,2
221,2
197,1
168,7
134,4
136,9
149,0
144,4
146,0
135,1
152,2
159,5
128,0
99,7
73,8
49,7
30,0
36,4
41,0
37,9
37,8
50,7
49,5
166,5
170,4
162,2
183,0
261,7
460,8
570,6
721,3
909,3
1244,0
1602,0
1921,6
2057,0
2095,2
2116,8
2054,9
1951,2
1700,4
1476,1
1364,2
1313,3
1288,6
1185,3
1210,5
1247,4
1219,6
1217,6
1190,5
1155,6
1143,1
1266,7
1568,2
1746,3
1859,3
1859,2
1849,4
1751,0
1608,7
1475,2
1297,7
1054,6
764,6
557,8
485,0
413,7
362,7
310,8
263,6
180,1
136,6
101,1
91,7
68,8
46,7
25,1
22,2
40,2
57,4
70,9
82,0
78,8
57,5
40,2
40,1
31,6
19,8
17,5
22,2
31,4
41,6
58,8
79,4
115,4
172,7
211,3
279,6
394,7
445,9
281,0
256,0
377,3
598,8
638,1
792,8
808,6
819,7
771,2
641,5
484,7
404,4
302,5
249,5
246,5
223,7
234,6
201,0
147,8
155,2
163,6
200,6
226,1
237,7
252,9
276,4
276,0
380,8
578,8
741,9
973,5
1208,2
1452,1
1675,0
1763,1
1690,5
1565,9
1565,2
1572,3
1612,4
1599,6
1493,9
1461,0
1447,4
1355,7
1213,5
1056,2
834,3
660,9
567,0
448,2
325,9
198,2
121,9
92,4
83,9
89,1
89,6
94,9
120,7
195,6
319,7
425,3
557,4
702,0
791,1
868,5
977,0
1082,5
1134,7
1125,3
1094,6
1108,8
985,0
962,4
944,2
978,8
973,6
820,0
743,2
665,1
599,4
496,2
300,8
210,2
247,6
236,8
179,0
139,4
113,3
106,3
112,8
107,0
101,4
131,1
135,8
139,5
168,1
242,6
284,9
292,6
307,0
333,2
351,4
417,5
480,7
428,1
358,7
460,3
617,5
844,4
972,2
1055,8
1089,8
1024,6
896,4
636,3
460,7
362,7
269,2
235,1
181,8
182,7
201,5
203,4
193,5
192,0
170,1
133,5
96,4
61,2
33,0
24,5
24,1
64,6
226,2
330,9
383,8
487,7
592,4
677,0
672,3
672,2
687,7
709,6
733,4
710,2
658,9
615,5
588,9
581,5
599,3
584,4
585,8
585,5
543,3
499,8
505,0
570,8
606,3
544,8
604,7
551,3
442,2
366,6
352,9
370,5
335,1
301,7
392,5
424,3
465,9
509,8
500,3
500,4
551,6
608,4
767,6
783,3
732,7
813,6
830,9
892,9
987,2
1047,9
1009,5
966,9
949,7
984,5
1025,3
959,7
994,8
1100,5
1304,3
1392,8
1336,5
1259,3
1137,2
1034,3
1013,8
876,4
698,1
541,9
437,5
376,7
378,2
361,4
346,0
315,0
306,2
286,5
262,4
221,4
225,7
212,8
201,0
200,0
266,6
292,8
289,9
349,0
456,8
542,0
563,3
571,0
492,9
362,4
219,8
229,1
267,5
238,7
257,5
304,5
357,4
398,1
392,5
382,6
457,8
503,7
605,8
850,6
1190,7
1461,3
1526,0
1524,4
1451,7
1341,7
1284,9
1289,4
1227,9
1088,2
894,3
769,8
721,0
761,2
744,4
769,3
905,0
1044,1
1230,1
1281,6
1297,6
1333,2
1339,4
1368,5
1521,7
1669,1
1679,4
1653,2
1753,3
1829,6
1905,8
1999,8
1988,4
1972,7
1832,0
1721,8
1666,9
1710,5
1669,5
1512,8
1440,3
1317,7
1185,7
1108,7
1014,4
845,8
667,8
566,0
650,9
958,5
1110,9
1323,7
1360,2
1377,6
1377,3
1400,0
1429,1
1552,5
1708,7
1854,2
1992,8
2083,8
2013,1
1922,0
1822,5
1702,1
1656,7
1634,0
1526,9
1376,6
1251,0
1235,3
1221,9
1407,6
1563,3
1679,7
1752,0
1848,5
1871,9
1793,2
1662,4
1398,3
1113,1
1018,7
1036,0
991,0
905,2
860,7
872,5
849,6
815,4
793,7
691,8
682,2
688,7
730,9
869,8
1096,7
1230,2
1521,0
1744,8
1767,7
1718,1
1605,9
1370,8
1031,5
640,3
465,6
397,9
326,7
257,7
167,0
107,7
58,4
52,2
44,3
59,7
109,4
171,7
212,0
307,8
424,0
547,1
576,8
520,9
434,6
348,9
337,8
407,3
502,0
559,4
770,3
899,9
931,0
993,4
989,5
872,2
758,6
691,5
685,6
735,0
790,5
777,9
665,4
624,5
734,9
903,0
1082,3
1140,3
1099,7
1013,9
1027,9
1065,7
1076,9
1005,1
871,6
915,4
949,5
931,8
952,1
1000,3
1065,6
1104,6
1198,8
1299,4
1398,4
1464,7
1546,9
1639,9
1692,3
1787,8
1633,0
1332,3
960,7
871,6
759,1
753,8
776,4
750,7
682,7
630,2
623,6
641,4
670,9
681,1
642,1
677,5
693,2
688,4
680,9
604,6
686,4
723,5
797,6
834,4
913,3
805,1
930,4
952,2
768,4
690,3
545,1
424,3
358,3
295,5
262,1
278,5
288,4
277,3
277,7
253,8
227,7
263,3
280,1
324,5
213,4
215,6
321,1
415,1
438,0
481,6
573,9
621,1
680,0
753,1
683,7
844,1
988,3
1099,4
1247,3
1419,1
1662,2
1886,0
2086,2
2220,2
2301,1
2347,1
2341,3
2350,1
2244,8
2149,2
2080,2
2048,6
1987,4
1848,2
1758,6
1642,6
1488,4
1310,6
1234,3
1104,4
1013,8
1026,3
1072,3
1210,1
1234,7
1325,0
1350,2
1452,7
1501,2
1491,8
1417,2
1419,0
1491,5
1616,2
1779,0
1899,9
1967,8
1932,9
1879,2
1699,7
1464,1
1286,8
1115,6
982,7
952,2
762,4
686,8
656,5
570,3
497,9
497,7
477,0
518,0
631,0
730,4
853,5
879,4
1069,2
1304,7
1334,7
1207,0
1200,8
1115,8
1162,0
1060,7
888,0
831,1
743,7
720,7
741,2
726,8
795,8
992,9
1201,4
1471,7
1646,3
1547,7
1457,4
1494,7
1439,6
1289,1
1203,6
1358,7
1451,5
1506,5
1503,5
1444,8
1266,0
1074,4
854,1
670,8
526,8
560,6
545,3
613,0
796,0
853,0
823,7
812,3
867,5
892,3
914,2
996,7
934,6
896,2
681,5
672,9
747,3
606,8
610,9
612,3
658,2
655,8
785,1
975,7
967,9
956,9
1052,0
1132,7
1265,3
1338,3
1374,2
1459,9
1491,8
1506,8
1539,0
1588,7
1446,1
1476,8
1484,5
1524,0
1559,8
1630,0
1582,8
1637,6
1700,8
1643,2
1503,8
1280,0
1107,8
1041,1
925,6
967,0
1030,0
1002,7
1060,0
993,3
943,7
892,9
863,2
853,7
656,6
660,1
568,6
616,3
631,1
667,4
686,5
661,3
703,4
604,7
511,7
295,6
236,7
201,1
200,3
188,5
188,6
181,0
157,2
157,9
219,2
400,9
474,1
536,1
660,5
735,5
930,3
949,0
1001,8
1094,0
1054,4
976,7
928,3
872,5
787,5
768,8
741,2
670,9
613,5
631,3
644,9
617,5
543,3
579,9
589,5
564,2
535,9
576,0
621,3
595,5
658,1
875,1
1188,7
1362,9
1497,3
1551,8
1580,6
1501,3
1313,7
988,7
768,0
724,8
748,9
728,9
707,5
666,7
715,9
620,1
580,4
585,7
561,9
523,8
479,2
369,7
294,7
300,1
308,7
254,5
196,4
148,2
108,9
81,0
55,7
33,5
37,0
59,2
96,7
159,0
241,6
319,6
381,4
468,7
577,6
732,7
882,0
1010,2
1052,8
1199,2
1409,4
1738,7
1967,1
2028,7
2037,2
2147,1
2280,1
2418,5
2495,6
2528,8
2526,9
2488,1
2488,6
2397,5
2223,5
2001,3
1781,3
1632,8
1475,0
1283,1
1107,4
1002,3
919,9
943,0
993,5
925,1
1075,9
964,3
870,3
763,3
647,1
576,4
557,6
444,6
385,3
415,5
532,7
504,9
354,5
339,2
296,4
280,4
251,9
343,1
379,3
373,8
316,8
293,5
332,2
442,2
585,5
700,3
749,9
767,9
698,8
613,9
622,7
593,5
629,7
746,3
661,9
771,0
839,7
766,4
782,7
900,6
793,7
696,9
636,5
656,3
632,1
491,6
434,6
443,7
418,5
383,8
341,3
327,4
368,5
335,0
295,3
287,9
346,3
507,1
535,7
706,8
706,4
697,3
815,4
842,8
897,2
905,0
866,9
735,2
538,4
434,0
328,2
332,2
504,4
644,7
816,9
952,3
1007,8
1052,7
1017,9
1033,5
981,4
1031,4
1211,6
1249,0
1098,4
1001,3
821,5
670,4
707,8
739,4
740,6
696,1
742,2
831,6
926,0
941,3
1003,4
1150,6
1360,4
1481,4
1555,5
1434,7
1407,2
1329,7
1288,9
1362,4
1465,2
1541,2
1592,7
1685,3
1779,7
1823,9
1862,7
1839,5
1679,5
1565,8
1463,3
1230,9
1125,6
1065,3
1296,4
1397,7
1550,3
1476,5
1425,4
1490,1
1519,0
1554,1
1651,0
1740,7
1783,7
1780,0
1717,2
1667,1
1625,5
1522,3
1440,9
1301,5
1179,5
1048,5
1108,5
1191,1
1282,5
1260,9
1279,9
1261,8
1165,7
1002,3
824,6
681,9
581,9
559,6
677,2
659,3
573,6
804,9
967,2
1017,0
980,7
930,1
847,9
818,4
796,7
737,7
721,3
714,0
817,7
886,8
1003,3
1048,9
1048,8
1076,0
1009,1
851,7
589,0
561,9
549,7
618,2
702,0
854,5
928,1
979,6
1018,7
1061,6
1178,7
1356,5
1507,7
1616,5
1683,4
1718,0
1788,0
1876,9
1849,8
1660,7
1521,1
1352,4
1279,8
1193,6
1061,3
957,9
944,1
860,2
857,1
801,1
674,8
589,1
513,4
474,6
581,3
588,5
482,3
509,0
554,0
529,7
459,6
387,9
396,8
284,9
214,1
214,5
287,8
362,0
461,7
533,1
595,6
691,4
688,6
772,9
700,1
585,8
458,8
351,6
341,4
310,5
275,8
301,8
415,3
590,1
487,0
357,9
374,2
289,8
189,7
169,1
224,4
345,5
580,4
762,6
953,7
1104,7
1087,2
1016,2
834,5
686,1
567,1
462,5
411,7
293,8
202,9
152,8
119,7
120,7
139,5
99,5
108,3
144,1
280,6
394,1
557,3
718,0
718,9
696,8
900,5
990,7
1109,7
1204,2
1288,6
1332,9
1351,8
1397,7
1402,9
1432,7
1447,8
1455,2
1471,7
1519,9
1581,4
1725,1
1906,4
2066,2
2215,2
2344,8
2430,6
2429,2
2394,4
2357,8
2382,1
2370,0
2278,5
2154,5
2125,4
2044,2
1916,5
1773,9
1729,9
1591,5
1516,6
1476,2
1411,9
1305,0
1251,9
1277,8
1495,7
1522,1
1589,7
1652,9
1603,6
1482,9
1475,8
1433,0
1545,1
1693,0
1781,9
1839,8
1985,4
1999,5
2019,2
2017,8
2038,7
2112,3
2208,0
2299,3
2315,9
2307,9
2300,0
2287,0
2285,3
2175,3
2030,3
1894,1
1737,3
1523,4
1200,9
955,0
917,3
895,7
936,0
962,0
974,5
927,0
924,6
1021,3
1095,3
1104,4
1133,1
1143,1
1074,5
987,2
908,9
978,2
1114,5
1217,5
1239,2
1165,9
1022,9
928,2
740,6
573,0
465,2
404,9
360,3
338,2
326,2
330,8
346,4
292,2
231,5
209,2
156,3
120,2
86,4
50,9
22,1
7,5
3,1
2,3
6,3
12,3
31,2
43,1
59,5
76,2
95,7
132,3
195,6
298,5
396,5
485,5
515,5
535,7
562,7
603,7
649,1
736,0
795,2
848,0
892,4
1044,6
1317,8
1554,2
1738,2
1841,0
1909,2
1919,7
1849,1
1778,8
1800,0
1827,1
1868,0
1934,0
1938,8
1878,5
1734,6
1490,7
1437,8
1513,2
1545,3
1486,2
1522,4
1557,5
1499,1
1476,4
1468,4
1374,9
1293,7
1100,8
799,9
615,4
446,1
369,8
309,6
289,7
271,2
259,2
313,6
408,2
478,3
607,8
690,0
693,6
670,6
620,0
499,6
528,2
423,5
377,3
305,0
202,2
150,4
150,6
178,6
184,2
172,8
198,2
256,4
358,6
383,8
341,9
393,4
347,1
339,8
402,1
423,5
522,4
581,4
576,9
543,5
566,5
526,0
494,7
532,2
632,7
573,3
327,2
515,4
452,7
289,2
298,0
356,3
288,5
444,6
585,2
448,6
483,8
620,5
683,0
631,8
585,5
503,2
521,7
615,3
789,2
923,6
1078,0
1291,9
1508,3
1689,5
1775,8
1839,0
1926,1
2020,6
2025,1
1998,2
1909,7
1849,4
1905,3
1971,3
2057,3
2094,3
2121,0
2157,5
2201,4
2190,7
2099,9
1841,6
1671,4
1543,2
1305,7
1213,3
1158,6
1041,9
977,2
998,9
1020,1
1042,4
1021,1
1062,7
1012,8
881,2
846,5
781,6
643,9
568,7
473,1
417,8
403,6
400,3
382,6
336,4
392,3
522,8
710,4
844,3
971,6
1075,3
1127,8
1324,1
1405,2
1213,1
1040,9
851,6
635,7
516,2
396,0
304,2
232,6
185,8
171,5
134,4
119,2
112,9
94,1
56,6
60,2
42,4
20,1
15,2
12,0
27,0
43,8
68,1
108,7
160,2
186,5
249,6
278,8
194,8
182,3
217,2
217,6
261,8
285,4
300,1
322,0
360,8
389,7
425,6
525,0
589,0
603,5
634,7
638,4
705,1
821,6
727,9
616,1
447,0
368,9
306,9
239,9
195,9
173,6
127,2
85,2
69,0
46,8
31,9
22,4
17,3
12,0
9,9
12,6
30,2
50,9
61,8
57,0
63,7
71,1
109,9
133,5
120,8
128,3
168,0
200,9
225,2
274,1
352,3
336,2
305,6
380,8
409,4
483,5
614,1
682,3
688,9
691,1
646,5
640,1
644,9
620,3
511,5
432,8
398,4
374,1
364,5
342,0
356,6
343,4
345,9
352,2
353,0
335,7
344,0
308,0
252,7
253,9
297,8
296,3
321,6
331,6
315,8
276,6
209,5
180,5
219,1
216,2
159,1
125,6
128,3
134,1
110,8
84,6
43,4
24,4
17,6
8,6
3,8
2,3
4,1
12,0
30,6
69,7
129,2
185,0
231,6
313,0
426,6
503,3
557,2
650,8
728,4
711,8
672,5
683,8
680,7
588,8
608,2
728,1
769,6
881,1
966,4
1094,5
1142,3
1150,8
1276,8
1229,9
1222,3
1264,4
1269,0
1360,3
1533,2
1739,1
2023,8
2210,7
2281,4
2214,8
2166,5
2205,0
2236,7
2319,5
2313,5
1960,6
1411,4
1062,3
880,7
875,8
905,3
971,6
999,6
966,7
996,4
973,9
1081,7
1108,8
1161,1
1263,9
1200,6
1038,9
899,7
785,6
552,5
377,2
245,6
288,6
207,5
147,0
133,8
67,4
52,3
68,1
46,2
65,2
105,2
144,6
197,5
310,0
342,0
309,0
301,8
413,7
627,3
727,5
696,1
536,7
534,2
534,0
492,1
375,6
263,7
237,5
253,3
166,3
85,1
191,7
106,8
91,7
89,3
101,5
103,9
105,2
96,6
71,0
95,0
161,2
284,0
398,6
474,7
633,1
782,6
1002,9
1164,1
1324,6
1503,1
1656,2
1789,2
1955,5
2139,3
2287,2
2368,6
2404,6
2405,1
2324,1
2198,0
2010,8
1846,3
1776,4
1776,4
1619,4
1642,4
1545,1
1447,7
1359,7
1163,0
1101,6
1141,8
974,4
788,7
702,8
746,0
695,7
657,1
636,5
560,6
460,9
386,9
341,7
316,5
313,6
164,9
153,6
153,0
157,7
161,0
184,2
154,3
219,7
354,4
534,8
636,0
787,8
945,9
994,7
1108,4
1195,2
1179,6
1161,6
1243,0
1363,4
1444,6
1484,2
1568,4
1710,3
1811,3
1924,7
1931,7
1852,3
1819,6
1751,4
1673,8
1715,1
1802,4
1862,1
1837,1
1750,3
1710,5
1640,1
1558,5
1500,9
1481,0
1506,6
1583,5
1653,6
1638,5
1635,5
1703,5
1777,6
1843,5
1861,1
1804,9
1765,4
1814,0
1904,7
1969,7
1870,2
1714,3
1625,3
1528,8
1267,0
1141,9
1190,6
1086,8
1153,2
1319,2
1266,9
1401,1
1206,2
1229,3
1091,6
1150,9
1043,4
987,9
1310,1
1476,3
1640,2
1622,7
1460,7
1328,0
1254,3
1106,1
1065,6
914,3
915,5
838,0
789,7
858,0
878,0
770,4
759,6
823,7
928,7
839,8
824,5
903,6
876,7
801,2
753,1
740,9
629,6
568,0
656,3
614,9
537,8
462,2
401,3
497,6
508,3
477,9
406,6
328,0
371,2
475,2
480,4
647,7
692,7
799,5
736,5
675,8
595,1
493,1
358,9
290,1
272,3
172,3
112,3
60,4
51,4
124,1
242,5
244,1
182,6
190,9
222,3
299,5
327,4
338,9
324,8
308,2
305,9
287,1
295,6
339,2
364,8
358,9
340,2
292,6
279,6
250,8
203,7
196,2
238,9
313,3
361,5
459,2
527,6
472,5
383,4
324,4
290,1
348,3
513,0
575,2
571,5
641,3
602,0
624,2
593,3
700,3
726,7
841,2
1104,9
1303,7
1464,0
1612,2
1698,1
1801,2
1932,1
1975,1
2085,1
2186,8
2201,1
2267,3
2337,6
2352,4
2324,7
2251,5
2093,5
1960,9
1864,6
1798,1
1715,2
1709,3
1764,5
1743,5
1749,8
1800,3
1889,9
1966,4
2010,1
2044,4
2099,1
2149,8
2169,5
2123,1
2129,1
2052,6
1981,3
1971,8
1943,3
1814,2
1673,2
1572,8
1562,1
1542,6
1393,6
1176,1
1125,4
1140,8
1153,5
1139,4
1078,2
1002,2
954,3
867,0
829,5
800,5
753,2
686,8
580,0
532,6
376,2
279,1
268,4
221,9
212,1
161,4
129,4
78,4
127,5
152,1
250,9
461,3
702,2
769,0
859,3
937,8
1008,7
1048,9
1208,5
1328,8
1443,8
1583,5
1646,9
1636,3
1623,9
1611,9
1501,0
1316,0
1231,3
1086,2
1017,6
1001,8
982,8
1008,3
950,1
827,2
681,0
641,3
600,6
488,2
466,7
530,3
594,4
576,0
512,6
466,8
439,5
461,2
497,7
532,6
475,8
494,9
559,9
762,1
997,0
1310,0
1296,0
1155,6
1156,6
1157,1
1358,3
1559,8
1606,1
1469,3
1372,2
1349,6
1167,4
999,1
996,0
993,2
1007,0
1074,9
1098,0
1100,1
1051,5
1051,1
977,4
855,7
795,5
677,9
656,6
578,6
487,6
532,0
513,8
479,6
438,2
344,6
327,6
320,9
299,9
294,2
280,2
293,3
379,0
579,3
659,2
727,1
721,5
730,9
761,6
763,7
786,5
778,5
820,0
888,1
943,6
966,8
930,4
868,3
853,9
914,3
966,7
1095,8
1232,6
1262,0
1245,8
1199,0
1152,0
1140,8
1123,9
1119,2
1146,5
1203,1
1174,2
1177,8
1209,5
1180,7
1146,1
1080,0
985,5
977,9
962,3
900,8
866,7
827,9
845,8
893,3
928,2
1017,1
1116,7
1211,4
1267,5
1259,4
1163,4
1070,7
894,5
703,8
568,0
461,5
360,3
257,1
199,0
160,1
141,0
143,3
151,2
164,9
140,5
105,9
95,7
86,0
91,7
110,1
110,6
130,2
172,5
211,8
243,1
266,7
251,0
253,8
325,6
327,1
324,5
298,0
294,1
331,7
358,2
390,5
394,5
392,5
396,0
362,6
340,8
353,3
418,3
480,2
518,2
601,5
645,2
583,9
546,7
519,6
609,9
662,1
746,8
892,7
911,3
968,9
1053,5
1130,3
1191,4
1157,2
1082,2
938,9
839,4
858,1
916,2
1019,5
1095,4
1107,7
1097,4
1060,1
964,6
795,2
580,3
388,7
306,0
273,0
259,1
319,9
378,6
390,9
370,0
407,8
401,9
424,6
441,1
442,4
428,3
466,6
469,0
460,1
457,5
423,7
399,0
421,1
428,3
469,6
487,5
450,6
467,7
511,2
530,0
584,6
649,2
765,4
944,1
981,2
988,5
1090,5
1194,3
1211,1
1154,8
1141,3
1263,5
1425,1
1522,2
1605,4
1686,8
1683,8
1635,7
1621,0
1604,6
1536,0
1454,1
1323,7
1255,5
1290,4
1303,5
1237,9
1222,8
1208,5
1205,9
1167,8
1124,0
1087,3
1105,9
1113,5
1161,9
1333,8
1427,0
1455,7
1460,7
1436,4
1384,5
1353,0
1321,6
1294,9
1229,6
1193,0
1140,7
1139,3
1214,4
1264,6
1219,7
1151,7
1150,2
1161,1
1136,0
1112,5
1138,1
1193,8
1298,3
1402,9
1502,6
1507,3
1463,5
1407,2
1254,6
1043,8
960,7
909,0
1027,8
888,1
887,6
1012,9
1202,1
1469,9
1575,3
1561,2
1463,1
1365,7
1355,9
1365,1
1236,9
1123,7
1178,1
1342,3
1453,8
1556,0
1585,3
1570,0
1570,5
1602,9
1652,9
1702,4
1772,2
1841,0
1910,5
1954,5
1985,9
2006,5
1998,3
1962,3
1959,8
1941,5
1865,0
1542,9
1142,6
951,2
846,5
668,3
529,7
467,9
374,5
354,1
343,5
326,5
303,2
274,9
268,9
294,8
312,6
316,0
339,5
455,2
401,0
336,4
310,7
300,0
208,5
149,9
126,2
130,2
148,6
186,5
262,0
319,6
363,2
377,6
431,9
614,4
812,3
1073,9
1281,9
1524,0
1699,8
1863,6
2062,7
2314,5
2501,7
2587,2
2582,4
2484,4
2314,1
2186,2
2101,0
2078,7
2089,2
2122,2
2161,0
2287,2
2364,9
2459,9
2459,7
2429,7
2370,8
2314,1
2266,9
2197,5
2085,3
1962,5
1771,8
1452,5
1072,7
786,0
583,7
476,1
392,0
282,7
220,7
202,2
168,8
144,3
116,8
115,9
153,7
164,5
154,1
136,3
115,3
105,4
106,9
103,9
95,9
104,4
86,5
64,3
48,8
38,9
37,5
24,6
25,3
22,6
39,3
56,3
54,5
83,9
122,2
115,2
113,9
139,4
195,0
238,2
242,3
255,3
266,6
264,2
318,1
325,7
319,2
314,5
287,2
283,3
263,6
271,4
280,5
299,5
333,1
331,4
364,3
422,4
467,1
519,6
583,9
662,8
706,1
796,4
860,7
975,2
1036,5
1109,0
1123,0
1142,8
1179,4
1146,5
1164,1
1133,8
1118,1
1097,3
1102,0
1037,6
921,8
873,3
849,7
849,7
839,9
778,7
688,9
630,7
537,8
439,7
393,1
365,9
368,1
357,9
357,5
355,5
320,8
238,8
227,0
173,8
150,3
130,8
130,9
140,8
142,7
117,9
126,7
129,7
118,4
105,2
107,2
105,6
95,4
96,6
95,6
83,6
94,9
104,1
120,9
141,8
161,8
188,0
232,7
316,9
276,3
203,4
210,9
226,2
306,9
420,7
478,9
521,8
601,5
637,3
607,7
727,9
844,3
958,3
1113,6
1219,3
1236,0
1256,0
1197,9
1137,2
1098,7
1033,7
880,4
686,4
535,0
480,9
386,6
293,7
216,6
179,3
171,4
150,4
123,1
108,6
96,5
148,6
219,0
313,4
443,6
578,6
723,4
879,6
876,9
724,8
679,3
598,0
556,7
554,8
511,1
434,0
388,0
396,7
384,7
504,6
439,1
487,1
661,7
814,7
833,3
907,8
880,7
732,4
573,9
553,9
600,0
646,4
718,8
753,3
808,7
974,8
1083,8
1080,0
1122,1
1164,7
1248,4
1274,6
1272,4
1301,8
1305,8
1283,3
1228,0
1113,2
978,5
937,6
893,6
717,2
698,5
689,2
656,2
653,3
628,7
575,5
546,9
473,8
449,7
405,4
368,5
317,7
285,8
343,5
402,9
484,1
528,0
624,5
768,0
740,3
770,9
769,5
794,8
816,4
895,6
948,7
932,8
962,5
961,7
934,2
842,8
747,9
680,5
545,2
386,6
291,2
230,5
204,9
203,0
248,0
361,1
496,9
365,6
419,8
388,4
402,4
453,1
528,5
622,2
742,9
795,6
815,1
799,2
793,3
759,7
770,6
738,1
668,9
551,0
387,9
260,0
218,2
238,7
274,3
276,3
277,5
234,9
174,8
157,6
132,6
97,8
96,0
105,4
121,7
149,6
152,3
124,4
120,7
90,4
78,0
68,8
69,8
62,1
44,0
27,3
30,1
44,3
73,9
132,5
275,8
468,6
690,7
856,9
928,5
1008,4
1154,6
1332,1
1420,5
1694,2
2008,8
2114,8
2044,6
1845,2
1694,7
1297,4
1145,4
1050,5
967,6
742,0
693,2
687,0
613,4
676,1
672,6
730,9
933,9
1152,3
1370,3
1523,2
1614,1
1774,7
2027,8
2146,3
2235,7
2288,1
2254,0
2198,8
2113,9
2072,4
2050,6
2022,7
1950,7
1924,9
1930,5
1898,8
1818,4
1773,3
1759,9
1713,1
1681,6
1581,9
1434,6
1353,7
1289,1
1192,5
1108,5
996,1
830,2
722,5
638,5
528,5
499,5
553,8
596,0
538,0
469,6
412,1
353,9
286,8
227,3
201,8
189,9
172,7
154,1
130,0
101,2
86,6
71,6
70,6
65,9
62,2
53,1
56,5
77,4
118,5
164,5
203,9
277,3
344,7
401,1
416,9
408,7
398,1
440,0
534,5
620,6
730,2
770,4
806,4
840,2
832,7
783,5
790,4
846,3
907,8
942,1
942,3
974,8
1023,7
1073,1
1067,7
1045,9
1008,2
988,9
1002,9
994,7
1026,3
1070,8
1118,7
1121,9
1115,5
1110,9
1061,5
1023,4
993,7
1011,8
1038,6
1089,2
1140,7
1209,9
1378,4
1538,8
1676,8
1751,2
1844,4
1918,5
2048,0
2147,5
2259,6
2301,5
2344,7
2434,8
2536,7
2609,8
2673,1
2744,8
2816,2
2824,4
2787,7
2688,1
2567,2
2459,7
2381,5
2256,5
2106,0
1988,8
1918,8
1874,3
1764,4
1694,3
1611,0
1524,5
1435,6
1376,6
1340,8
1316,6
1263,4
1245,5
1267,3
1276,1
1295,8
1278,5
1218,8
1117,7
1017,9
904,2
790,7
678,0
619,8
564,8
493,6
447,9
395,2
368,8
323,2
288,7
253,4
245,5
247,7
250,8
266,6
284,1
305,1
323,4
348,2
334,5
339,8
362,0
360,1
383,3
383,6
393,3
412,7
429,1
447,9
475,9
458,8
473,9
416,5
337,3
293,5
259,9
281,6
313,8
369,5
395,0
441,8
446,9
468,5
495,5
524,4
545,5
523,8
538,0
616,6
654,1
688,8
720,0
743,2
723,5
756,6
667,2
664,0
643,6
627,0
602,6
586,7
617,2
658,7
649,5
598,9
557,6
488,2
423,2
362,5
301,6
332,1
360,3
361,6
321,5
305,5
250,3
232,9
191,1
192,2
206,3
183,3
157,0
131,8
149,7
188,1
194,3
213,9
199,0
185,8
159,1
160,7
252,2
305,1
373,5
387,7
407,4
455,6
513,9
576,2
639,5
727,2
766,3
827,2
874,5
928,9
979,6
1048,3
1178,1
1313,6
1407,2
1497,5
1582,5
1561,1
1577,0
1572,7
1534,4
1524,6
1561,2
1560,5
1587,8
1664,8
1694,6
1688,2
1736,4
1805,7
1868,7
1876,7
1858,3
1855,9
1832,1
1858,0
1889,8
1907,6
1904,6
1874,4
1865,9
1842,2
1791,4
1785,6
1706,2
1712,6
1666,7
1639,4
1618,2
1548,1
1557,4
1701,4
1839,3
1881,2
1863,4
1850,0
1875,6
1939,0
2011,3
2003,0
1964,2
2012,4
2128,7
2282,1
2336,4
2415,6
2487,4
2529,7
2559,7
2535,0
2467,0
2451,0
2547,9
2625,1
2713,1
2763,5
2771,2
2827,8
2868,0
2867,9
2850,1
2830,4
2792,6
2722,3
2595,9
2399,8
2174,1
1884,2
1729,6
1568,1
1499,7
1536,7
1666,1
1812,0
1873,9
1938,0
1940,3
2004,2
2028,5
1988,9
1799,8
1521,3
1288,9
1137,2
958,8
832,8
749,7
688,8
675,1
594,3
508,6
519,6
613,3
771,4
987,4
1213,1
1622,4
2020,3
2069,5
1864,5
1822,6
1924,4
2068,5
1930,4
1500,4
981,4
571,6
386,4
233,3
264,5
360,6
423,8
460,6
493,3
580,0
615,3
650,9
538,2
588,0
557,6
454,4
426,0
360,1
441,6
610,4
560,3
661,0
780,7
926,2
1055,6
1288,2
1454,9
1549,6
1655,5
1816,5
2014,5
2166,2
2201,9
2085,5
1960,6
1814,0
1652,6
1456,6
1190,5
1133,3
977,2
716,6
442,5
318,2
241,3
150,4
144,2
206,2
252,3
430,0
766,2
740,4
638,6
863,3
1119,0
1158,0
1303,9
1377,0
1316,7
1194,8
1094,4
1174,6
1144,8
953,2
752,6
633,5
716,4
767,6
637,4
508,3
377,2
257,4
185,2
187,6
305,3
570,2
767,8
898,9
1025,6
1069,2
1157,9
1280,8
1415,2
1595,8
1782,0
1900,1
2002,7
2124,8
2218,0
2314,2
2277,6
2161,7
2114,6
2058,3
2127,7
2026,6
2044,9
2140,2
2111,5
2122,0
2200,3
2289,7
2299,5
2236,0
2165,6
2134,7
2186,6
2272,1
2344,2
2386,5
2420,4
2445,2
2455,3
2433,8
2271,8
2223,2
1894,2
1603,1
1529,6
1507,9
1453,9
1555,5
1757,3
1857,3
2038,1
2134,7
2228,7
2248,2
2121,8
1960,9
1935,7
1882,9
1833,4
1765,3
1790,0
1862,0
1935,4
2069,8
2012,0
2002,7
1906,1
1643,3
1759,6
1865,0
2011,6
2253,2
2515,4
2596,8
2710,3
2802,7
2793,6
2861,9
2851,6
2826,3
2831,5
2829,4
2834,5
2825,0
2800,8
2752,0
2672,4
2405,2