447,4
484,4
508,5
540,2
574,8
603,7
641,2
705,6
781,1
751,1
698,7
681,6
671,7
634,6
571,7
532,2
426,3
379,9
623,3
686,5
689,3
674,0
640,8
676,5
699,1
579,6
619,5
559,4
455,4
524,7
612,0
558,8
576,3
478,3
473,6
532,8
513,6
450,6
436,6
443,8
391,6
423,0
488,2
572,7
621,1
672,6
692,3
714,5
692,7
733,9
756,5
770,6
787,9
796,2
803,3
804,8
802,1
801,6
747,1
542,4
546,6
666,3
773,8
791,3
814,3
776,0
634,4
579,1
470,6
458,0
460,7
386,7
450,1
379,7
480,4
606,8
663,4
722,3
787,7
800,9
803,2
801,7
800,3
791,1
805,3
799,0
804,1
805,9
807,7
801,2
803,3
807,4
804,7
802,7
805,3
802,9
805,6
796,8
779,5
734,6
553,6
599,9
572,7
714,9
779,5
790,8
753,2
782,2
790,2
675,2
461,7
406,3
454,9
517,9
664,3
743,6
769,8
784,9
781,1
768,6
788,8
780,1
752,2
781,2
761,2
745,8
691,0
590,2
482,7
546,0
467,6
558,6
507,1
489,7
492,7
454,1
365,7
353,5
388,1
418,2
539,6
515,7
651,8
674,3
700,9
670,5
707,3
740,4
713,7
662,7
726,9
748,4
743,4
735,5
751,8
694,0
696,2
768,8
760,0
760,9
736,6
763,3
738,7
751,1
742,6
757,8
760,9
764,6
764,9
756,2
756,0
747,2
727,0
694,4
630,9
557,6
517,4
545,7
563,6
502,7
437,6
278,8
399,8
335,7
403,1
355,5
294,9
130,3
88,8
80,8
73,0
58,9
45,6
56,0
52,9
56,3
46,8
38,7
29,4
64,9
106,5
159,1
246,7
334,9
356,3
416,0
427,4
532,5
606,0
591,6
655,3
758,5
786,6
799,8
792,9
794,3
813,6
790,3
713,8
664,3
549,1
388,5
408,2
461,8
513,6
498,9
457,3
430,7
413,6
392,9
356,5
367,8
343,6
350,1
391,1
514,0
500,9
595,4
635,5
628,1
651,5
623,0
743,2
767,7
698,1
711,8
718,1
735,2
762,0
756,6
734,3
723,2
697,7
656,6
569,3
526,6
493,1
506,8
515,9
470,8
560,0
617,9
642,3
677,9
767,4
802,9
810,5
814,2
808,7
809,2
819,4
814,6
806,0
791,5
736,1
789,7
806,4
777,7
793,1
760,9
803,0
801,2
802,7
803,6
806,2
807,2
803,4
787,5
799,7
775,7
794,3
760,9
786,5
785,0
777,8
754,6
592,7
557,0
683,5
780,6
797,4
793,3
806,4
793,5
780,0
811,0
815,7
815,0
815,0
814,4
811,9
810,6
809,1
804,1
800,3
777,1
725,7
664,2
563,2
439,4
391,2
283,6
206,5
269,6
303,0
356,6
356,0
371,9
415,2
335,3
274,5
245,6
230,1
204,3
159,4
145,1
104,6
85,8
89,3
104,8
82,1
78,1
54,3
58,1
42,3
19,1
22,5
24,5
25,2
26,8
24,8
35,8
48,3
53,1
65,0
66,5
74,4
94,1
95,2
88,4
118,0
118,7
165,3
168,6
180,6
194,2
190,8
199,2
192,9
190,2
203,4
208,1
221,6
239,4
299,7
334,8
361,7
378,8
362,8
352,7
409,0
375,0
427,9
453,3
478,2
414,8
444,5
484,2
433,0
352,9
374,3
245,1
72,3
37,9
18,1
15,8
30,3
51,8
81,2
124,4
149,8
163,3
151,3
159,5
204,8
249,9
180,0
219,3
198,5
261,1
245,1
205,6
287,4
362,4
426,9
452,0
479,1
490,2
488,9
569,9
713,4
755,5
735,4
778,9
765,5
770,0
800,3
757,9
599,1
622,6
632,4
629,7
491,8
550,2
532,6
601,3
582,8
538,5
641,3
646,6
644,9
654,2
635,0
686,4
491,8
598,8
637,2
647,4
625,6
700,5
765,1
782,1
783,8
790,2
764,4
654,4
539,3
491,5
608,6
303,2
189,3
202,4
370,7
415,1
411,9
493,5
589,2
586,9
488,8
484,1
523,2
521,1
504,1
524,9
517,9
399,7
263,1
184,0
125,2
69,1
51,0
90,0
138,8
196,6
251,0
347,0
407,7
507,5
641,6
730,4
767,6
799,4
824,7
805,4
805,9
781,4
776,0
764,1
784,9
777,1
738,4
716,4
755,5
699,5
718,0
731,4
736,1
742,3
735,6
616,9
400,2
375,0
283,0
300,9
311,2
353,2
254,6
199,3
157,6
233,5
237,6
190,2
125,6
126,7
96,8
115,4
114,6
95,5
83,4
64,3
71,2
65,9
60,2
58,8
48,7
44,8
59,2
68,1
66,3
88,1
79,1
98,3
92,7
100,3
126,9
135,8
115,6
91,5
39,7
47,2
45,9
20,4
19,3
46,4
85,8
112,8
107,2
104,4
121,4
124,0
142,8
137,3
134,1
118,5
89,5
75,7
76,6
83,7
78,1
79,9
94,9
113,1
129,5
139,4
160,5
150,5
130,6
145,3
169,1
191,6
194,4
247,1
269,3
293,1
329,7
341,3
350,3
355,2
352,7
348,4
347,9
341,8
380,2
403,3
436,2
465,3
489,4
530,2
539,4
587,0
601,9
576,7
597,9
614,2
647,0
703,3
712,7
714,1
724,2
719,1
705,8
690,2
699,1
729,8
736,4
754,6
760,4
789,2
815,2
818,3
827,0
824,4
825,8
828,5
829,8
829,7
827,2
827,1
820,4
818,6
818,8
817,9
819,8
820,8
806,8
775,3
743,3
713,4
697,5
664,3
652,1
610,1
604,4
572,5
553,4
542,2
520,7
490,0
442,0
394,5
378,2
396,2
371,5
346,7
371,2
402,8
384,1
349,6
374,9
361,8
298,7
339,3
438,9
513,8
584,1
548,4
494,4
435,7
342,6
324,9
244,0
247,3
232,2
183,6
186,2
288,5
342,2
361,3
388,6
431,3
420,3
365,9
298,9
265,4
298,5
330,6
339,8
385,2
531,7
677,4
735,3
785,8
798,7
795,5
758,1
767,0
785,5
780,2
788,3
786,7
791,7
796,5
793,5
796,2
814,1
818,3
817,3
808,1
813,2
818,6
820,9
827,4
831,0
834,7
834,6
832,2
830,3
818,3
814,3
805,6
790,1
784,1
791,6
793,1
783,0
778,9
788,8
788,8
793,6
796,9
795,4
791,2
782,2
776,1
790,0
797,6
800,8
792,5
793,3
772,8
773,4
745,9
725,5
719,0
700,2
668,1
573,3
519,1
597,2
508,3
433,0
402,4
453,1
599,9
581,1
542,9
520,8
473,8
405,1
486,5
573,1
632,8
676,9
685,9
642,4
602,2
477,8
359,3
313,6
261,0
148,6
86,0
80,8
107,3
94,6
81,7
98,0
105,1
122,6
100,4
67,7
48,9
40,4
56,2
78,6
88,1
92,5
72,1
56,2
104,2
105,8
117,7
117,0
156,6
175,4
303,5
393,2
410,7
606,0
617,2
518,4
613,4
600,8
489,4
382,5
283,4
195,8
146,6
97,0
116,5
120,3
121,5
144,0
137,7
73,7
70,8
46,3
54,6
94,2
126,3
138,6
121,0
109,4
168,2
200,2
190,3
140,3
113,6
102,0
71,2
69,0
83,2
86,6
91,7
112,8
145,7
197,2
237,2
292,4
350,0
369,4
360,6
334,2
263,8
254,9
236,9
241,8
296,6
373,2
455,8
514,3
524,2
478,2
447,2
432,3
412,5
403,9
413,6
432,8
451,1
467,3
486,1
460,9
427,9
370,5
323,2
316,5
317,3
291,3
278,7
273,5
278,9
279,7
318,3
360,1
387,2
366,1
364,8
342,9
362,0
374,6
338,4
287,0
261,3
247,6
248,7
278,3
313,7
388,2
390,4
320,4
303,1
301,7
270,1
144,8
104,3
98,1
151,6
295,0
345,8
298,5
323,6
328,7
357,7
391,0
405,2
424,5
413,5
397,2
359,6
358,4
406,0
356,9
297,3
314,8
303,5
347,7
310,8
269,0
251,7
175,8
126,5
85,6
55,9
58,5
72,3
103,5
78,3
15,3
24,4
52,6
36,4
67,5
115,8
152,0
178,8
227,2
247,2
396,9
388,2
459,2
621,7
610,2
536,4
651,1
734,9
726,6
694,0
609,0
591,6
617,2
625,8
608,3
574,3
514,2
498,6
410,5
389,3
310,5
273,8
253,7
219,5
192,7
166,1
123,3
103,4
86,3
82,4
79,4
72,4
59,2
41,9
26,3
17,0
28,1
46,8
53,0
54,0
41,4
51,2
51,7
50,3
29,7
17,7
22,7
27,8
26,0
22,2
18,0
30,7
33,9
36,6
46,5
52,3
61,9
54,7
62,4
86,8
112,9
117,1
121,8
109,9
102,7
158,3
212,0
256,7
231,3
238,4
303,1
395,6
468,3
481,2
524,5
553,4
572,0
597,8
604,5
658,8
687,6
669,1
611,8
584,4
530,4
462,9
330,3
239,3
114,9
121,1
159,4
117,9
78,5
43,0
42,0
44,9
23,8
14,8
17,1
11,1
13,7
12,1
22,7
27,5
43,1
66,6
89,2
82,4
93,9
113,8
153,4
188,8
183,8
161,7
109,2
136,0
148,6
189,6
193,6
248,5
319,3
346,6
457,7
468,2
452,1
477,8
404,6
444,1
385,1
410,7
430,2
368,2
405,0
350,0
449,7
590,0
689,3
735,9
794,7
811,1
814,9
794,8
649,4
624,8
701,2
795,2
787,8
789,9
804,1
808,2
806,9
809,8
800,6
802,0
798,4
803,5
806,5
810,4
798,2
781,5
692,1
682,7
508,8
380,0
374,3
297,2
250,4
202,8
174,1
145,5
91,4
131,8
130,9
97,9
158,5
187,4
217,1
293,9
373,0
461,2
500,9
549,1
658,8
728,3
718,0
731,5
764,9
778,5
782,2
718,2
726,3
775,3
759,2
738,4
739,4
765,7
752,4
673,9
577,0
490,8
440,1
497,3
592,3
628,4
560,8
555,6
485,3
462,8
396,7
351,6
343,6
371,6
391,0
376,8
381,7
393,1
465,9
565,0
593,4
624,7
718,5
747,8
766,4
791,2
805,2
810,1
813,8
811,6
809,9
814,5
811,8
815,7
805,3
804,0
722,0
675,0
655,3
665,7
682,7
612,8
535,7
626,7
668,3
685,4
714,9
738,9
774,7
791,7
777,3
788,2
799,7
796,6
804,1
796,8
807,4
801,9
790,9
787,8
793,7
787,7
800,0
790,6
760,8
618,9
538,1
528,8
455,1
454,0
445,1
423,7
433,0
438,1
540,6
669,8
661,1
669,3
594,8
612,8
696,1
738,8
779,0
807,9
821,1
821,1
821,1
819,0
821,1
819,9
817,8
818,9
809,6
795,3
779,1
763,8
741,3
728,4
729,0
651,3
704,0
697,2
619,6
624,1
615,8
604,3
580,3
625,1
677,3
731,6
707,8
635,5
647,6
555,3
634,7
734,6
729,0
758,8
770,4
769,5
782,4
782,8
781,5
792,8
788,9
791,5
792,4
805,1
809,1
813,9
816,2
817,5
818,2
820,4
820,3
820,2
817,4
814,2
811,0
798,0
778,4
805,3
810,8
805,6
804,5
803,9
804,2
799,1
792,5
787,8
735,0
768,5
756,8
726,6
691,1
716,1
704,9
768,3
791,6
807,4
802,2
798,7
795,9
785,9
777,7
777,5
776,4
779,8
778,6
769,8
779,1
791,1
792,8
799,2
804,7
799,8
799,8
809,5
812,8
812,3
811,1
806,8
809,9
812,4
812,1
811,7
811,4
811,0
806,2
806,3
811,8
810,8
807,0
749,3
777,8
805,1
799,2
800,5
804,6
799,4
789,3
801,1
780,0
764,6
757,0
669,2
561,5
466,0
477,3
447,3
356,1
323,5
280,3
227,1
159,0
96,7
73,8
48,4
32,0
30,3
39,9
53,4
87,5
94,6
95,9
110,8
112,5
86,7
63,1
26,3
12,2
6,7
23,7
63,0
88,2
136,3
180,4
221,4
246,4
318,7
334,6
321,9
362,3
369,8
351,2
367,3
345,5
369,7
402,3
411,9
442,2
421,5
416,7
440,9
509,3
613,5
614,0
573,6
633,8
664,2
637,4
694,0
697,1
755,7
766,8
749,8
768,8
750,9
767,8
798,3
800,2
776,6
748,5
703,9
624,5
643,4
710,8
620,9
535,2
398,2
389,0
376,6
283,1
210,0
196,9
245,2
314,0
347,2
352,0
361,8
320,9
282,7
273,5
360,8
346,2
337,2
268,1
353,2
331,4
326,6
311,7
321,1
370,3
437,8
377,3
429,8
412,5
393,9
430,0
369,1
334,6
362,3
429,2
459,5
439,2
424,0
391,5
314,3
422,2
531,1
568,3
593,4
610,9
625,7
636,9
594,3
571,1
484,6
502,5
509,2
475,2
464,4
398,7
384,7
283,1
154,5
89,5
57,9
42,6
30,8
23,8
23,4
37,1
30,8
14,0
11,0
11,7
16,3
28,2
67,1
190,3
282,9
380,6
407,6
409,3
402,4
434,7
426,7
417,6
412,0
444,6
458,7
438,7
452,4
448,5
451,3
547,6
670,4
766,1
785,6
780,9
780,9
779,7
757,5
725,6
701,5
736,1
758,7
706,1
608,9
541,3
522,9
520,2
499,2
521,9
539,3
554,4
513,8
471,9
497,9
518,4
541,0
599,1
663,9
628,8
675,8
710,1
684,3
664,1
668,4
693,0
735,5
756,9
749,8
738,3
730,1
727,9
702,9
727,0
728,5
737,3
710,4
680,2
660,4
689,3
702,5
703,0
726,1
684,3
626,0
637,1
647,7
582,5
609,9
621,3
634,9
632,1
576,4
531,8
484,2
475,2
451,8
443,5
400,5
323,8
280,4
265,7
285,8
237,8
257,1
310,5
421,1
494,2
480,7
486,9
478,0
556,4
652,2
676,9
648,8
582,6
610,0
648,8
662,7
706,8
743,1
750,7
763,9
727,4
671,6
666,9
671,2
729,2
805,6
799,3
816,0
797,8
715,8
599,4
519,5
568,2
557,1
568,9
503,6
446,6
325,1
242,1
229,6
223,0
221,9
251,3
255,0
299,5
332,7
393,5
435,7
377,2
331,8
274,5
186,4
179,6
235,5
293,1
285,6
273,7
326,8
353,7
290,0
299,4
371,7
395,7
428,2
441,6
485,8
596,9
651,1
735,0
750,1
791,5
801,9
811,2
821,5
796,9
762,9
761,9
754,0
792,7
734,3
692,3
747,9
730,5
667,9
563,4
529,0
478,5
525,8
579,1
637,4
629,3
636,0
666,4
517,5
502,8
574,5
606,1
685,7
759,6
748,5
784,8
820,0
825,3
833,1
832,6
825,1
826,6
814,2
786,8
779,3
693,8
692,1
571,2
521,5
494,2
458,2
396,6
404,5
528,6
612,8
532,7
581,1
632,3
666,2
755,6
729,7
688,8
745,9
691,1
758,8
776,5
769,7
756,8
752,5
747,1
723,9
723,7
638,1
594,3
521,6
504,4
569,0
606,8
713,5
699,4
756,3
785,1
739,4
679,6
600,0
611,0
683,7
660,3
661,4
639,3
623,2
532,2
508,5
489,6
589,0
616,9
590,0
592,7
577,5
611,2
630,9
658,6
718,3
740,1
698,5
652,7
648,4
652,7
652,0
662,3
633,6
629,1
659,4
666,7
642,6
638,7
678,7
651,7
635,0
575,8
464,8
397,3
355,6
285,1
249,5
282,8
268,6
206,3
169,5
146,2
122,2
101,9
93,8
98,0
100,1
115,4
123,4
115,8
132,3
140,4
141,2
125,8
101,1
100,6
134,6
142,8
141,4
144,7
135,1
121,9
117,7
82,5
65,9
63,5
51,6
94,7
112,7
125,2
119,6
122,7
135,4
100,9
96,7
98,7
105,5
145,1
171,9
191,8
206,1
191,1
155,1
175,7
187,7
212,4
248,7
180,4
170,3
292,8
379,0
416,3
386,2
288,1
265,8
316,0
351,1
271,5
210,9
267,8
146,8
209,8
264,7
269,6
320,4
347,5
336,1
350,1
330,2
409,0
400,0
323,7
284,1
263,3
224,8
134,0
92,7
70,8
63,0
57,3
39,4
90,6
75,3
65,1
84,2
88,9
107,7
75,1
71,8
67,2
97,8
102,4
243,0
405,6
397,0
464,0
570,5
487,0
301,4
337,9
539,1
651,4
647,3
526,2
703,7
761,3
764,3
758,1
752,6
770,6
796,3
818,4
825,2
710,0
633,3
593,9
521,4
469,1
385,1
296,9
362,2
440,6
514,2
490,5
473,1
471,5
503,1
571,8
633,3
706,9
624,1
683,8
667,2
724,8
727,1
733,5
763,8
734,7
748,1
743,3
758,4
736,4
762,3
759,1
755,6
729,1
712,5
641,2
563,2
605,1
637,8
656,0
644,6
735,8
703,4
640,0
561,6
516,9
589,2
537,5
439,1
374,3
384,2
355,6
378,1
373,2
444,0
462,2
409,2
353,2
338,6
265,7
210,2
192,3
238,9
236,2
209,8
179,7
154,9
161,2
165,4
189,8
158,9
146,1
133,9
135,2
120,0
85,9
81,3
80,4
93,1
129,6
121,1
124,1
123,5
130,7
119,4
161,6
129,0
101,0
94,0
83,5
63,1
56,3
54,7
58,2
55,0
46,3
37,1
19,7
11,2
10,0
21,9
57,7
57,5
54,6
65,9
48,1
36,8
41,5
47,3
43,0
28,2
25,1
27,3
20,0
12,2
3,5
2,6
8,7
22,8
22,8
39,9
37,9
44,1
43,2
53,8
43,0
45,8
54,8
65,3
99,7
118,6
122,0
166,5
171,6
167,5
184,0
205,0
247,1
256,9
264,7
272,4
308,7
358,5
369,5
362,4
325,3
371,9
353,7
241,1
205,0
168,7
167,7
164,9
111,3
118,4
178,2
186,5
201,5
133,8
102,2
92,9
61,4
45,8
22,2
28,1
28,3
38,1
67,1
72,5
62,4
50,5
50,2
53,7
56,2
79,2
71,4
82,1
68,9
92,7
141,8
229,6
332,2
398,1
506,4
585,4
568,9
596,7
646,0
645,9
623,9
659,1
604,2
533,6
471,8
498,7
446,1
347,3
291,2
249,7
158,4
204,7
243,2
307,6
380,5
439,8
481,5
511,7
526,4
482,9
360,5
311,2
267,9
397,0
388,4
455,6
508,5
521,8
499,0
467,7
484,8
537,3
606,2
698,8
718,7
790,9
830,4
838,8
839,1
839,6
837,1
837,5
838,7
841,7
839,0
800,6
811,2
809,2
803,5
766,2
765,8
771,2
791,3
798,9
792,4
816,5
804,5
790,0
801,7
796,8
806,3
825,4
801,0
724,1
683,1
708,3
766,2
773,5
722,6
675,7
687,2
692,6
745,2
724,6
737,1
662,7
696,8
668,2
685,5
700,1
747,6
758,2
756,1
764,6
794,7
805,2
810,9
804,9
807,3
825,8
830,1
821,9
833,9
833,7
829,2
814,8
812,0
800,5
794,3
797,6
792,3
778,3
718,4
795,2
802,7
809,8
785,4
725,5
689,2
604,4
573,0
573,2
407,2
299,5
250,8
255,7
293,0
302,4
355,2
324,6
250,8
276,9
352,6
439,4
516,3
570,9
566,3
619,6
715,5
767,9
796,7
820,5
820,2
826,4
826,5
825,7
824,7
830,8
832,3
830,3
829,7
815,3
798,1
791,0
770,9
753,5
707,5
649,2
643,0
593,4
522,9
479,3
439,8
516,2
527,9
484,8
419,2
414,9
358,2
297,9
289,0
258,5
217,2
182,2
127,3
93,6
58,5
39,8
32,5
15,8
4,1
4,6
3,1
4,7
9,5
7,9
15,2
18,3
22,8
33,2
59,5
127,6
172,3
230,4
342,8
417,2
460,5
531,0
634,0
651,3
686,7
736,4
734,7
691,6
730,2
720,9
705,8
727,6
730,6
726,1
683,2
566,5
498,0
473,5
442,3
398,1
378,2
328,4
246,8
179,2
136,7
115,0
84,7
54,5
46,7
35,2
31,9
32,0
26,0
19,1
17,7
15,8
11,4
10,3
13,1
15,1
21,8
29,9
37,9
41,9
47,3
47,7
47,3
54,9
62,2
87,0
126,1
178,1
213,2
290,4
361,5
420,2
442,9
455,0
470,5
462,4
359,4
284,6
318,4
345,5
294,4
313,1
462,9
493,3
536,5
611,6
619,2
675,5
637,0
529,8
480,6
394,0
407,6
500,5
514,6
546,8
644,9
719,0
751,9
726,7
623,8
574,4
528,0
484,6
415,4
505,4
495,9
545,5
565,0
488,2
343,9
215,4
178,3
159,9
137,8
126,4
136,9
96,8
78,6
68,9
54,6
73,1
54,4
48,1
57,0
81,4
135,2
139,0
107,7
113,2
134,6
164,1
212,6
244,7
289,8
356,3
430,9
502,6
586,9
674,8
736,5
780,7
794,1
660,4
677,9
684,8
654,2
696,0
666,0
654,5
615,7
643,9
661,3
621,7
565,8
549,0
578,1
644,0
661,3
701,5
714,6
713,3
718,7
734,2
749,6
751,2
761,2
762,8
809,4
820,2
790,7
748,9
771,1
791,9
794,9
784,3
731,3
683,1
570,1
428,1
422,6
305,7
267,0
276,8
227,2
237,0
233,6
303,4
296,4
402,6
406,5
367,1
390,2
373,2
316,9
384,4
210,3
127,9
150,0
118,1
118,0
91,0
70,0
61,8
48,4
38,3
53,3
46,8
47,8
54,5
58,9
65,7
62,1
65,0
65,5
48,5
42,5
32,6
21,1
10,7
4,3
1,6
1,6
1,2
1,1
4,8
22,0
32,4
50,1
57,1
72,2
6,7
2,5
1,1
1,1
1,2
2,6
5,2
7,3
11,6
11,7
1,8
3,8
11,8
26,6
23,6
36,2
41,5
62,8
105,9
144,3
163,5
99,3
45,3
38,0
43,7
52,4
60,5
60,4
46,8
59,4
78,3
140,2
117,0
93,0
74,8
58,0
58,5
52,4
40,6
52,7
55,7
52,4
48,8
36,7
27,4
15,1
8,7
11,2
17,3
25,4
46,2
50,2
68,3
110,4
136,0
124,9
128,7
222,3
305,1
328,9
324,1
314,1
287,3
267,1
240,3
232,2
212,4
230,8
277,8
271,8
238,5
264,6
295,3
357,7
425,7
478,6
448,1
450,4
428,6
397,4
424,0
414,3
423,5
442,1
511,0
543,6
477,2
418,3
489,5
497,2
527,8
598,5
676,2
608,8
652,7
643,0
639,9
653,0
673,0
603,6
585,1
496,8
474,5
382,8
387,9
427,9
331,3
346,7
262,8
268,1
260,6
289,8
383,7
422,3
422,6
358,4
347,2
354,7
361,4
415,5
438,5
611,4
661,4
739,1
729,4
697,9
673,0
581,6
506,1
422,2
365,3
351,0
377,8
363,3
325,9
265,5
219,4
148,8
130,5
147,4
130,8
99,8
143,4
356,6
440,7
627,5
726,9
657,5
630,2
635,5
645,4
650,5
632,5
584,7
586,5
552,0
541,2
527,5
513,1
559,0
600,3
558,0
616,9
660,4
591,0
434,2
461,3
529,0
532,6
531,2
489,1
591,7
576,0
488,6
489,0
484,9
418,2
388,5
420,2
485,6
490,0
312,1
262,5
282,4
226,7
183,9
164,3
133,9
140,7
157,6
147,8
182,0
167,2
151,3
124,3
132,6
139,9
128,9
118,0
93,3
50,1
48,0
41,9
41,9
26,2
19,0
32,6
38,3
36,5
46,7
50,4
87,6
87,4
89,5
28,2
30,5
82,2
131,3
69,4
60,6
109,0
83,8
47,7
38,6
61,7
69,9
88,6
76,6
76,4
109,1
92,9
101,9
107,8
140,8
76,4
60,9
65,2
60,8
76,6
131,9
168,4
168,6
260,0
182,4
145,1
142,9
104,3
98,3
142,5
140,1
158,5
174,3
200,6
192,6
239,1
216,0
185,6
176,3
132,3
120,9
102,4
61,3
75,0
41,4
61,3
114,9
105,8
86,7
117,5
166,4
159,5
135,9
143,0
202,4
196,1
247,3
222,4
297,1
364,8
328,8
486,8
536,4
569,7
618,6
413,2
286,7
248,7
306,6
204,4
169,8
130,8
169,3
126,4
95,0
72,2
46,6
11,8
4,0
2,2
23,0
85,7
81,2
117,4
90,0
101,1
83,1
65,6
62,1
52,6
78,6
111,5
148,3
328,6
570,7
679,6
734,5
681,2
635,2
731,2
742,2
724,2
751,1
719,3
681,1
628,7
609,4
619,1
685,2
668,3
534,9
629,3
664,3
621,7
633,4
592,3
498,2
472,7
613,7
709,3
754,3
729,9
760,2
757,3
683,1
716,0
655,5
694,2
683,3
670,4
722,9
675,7
579,2
552,6
569,4
484,1
397,3
372,6
360,1
350,4
336,1
218,0
111,3
76,5
63,1
52,4
79,9
107,2
102,8
91,7
83,5
100,8
131,3
148,2
216,6
298,8
279,0
360,0
484,6
581,5
623,4
523,0
516,5
469,9
518,0
422,6
382,6
432,7
538,7
552,5
714,8
755,0
747,1
776,2
763,4
747,9
728,9
718,1
750,2
755,9
739,1
727,8
762,7
801,3
804,8
723,8
760,2
789,4
766,7
708,1
619,5
598,1
568,1
347,3
216,4
153,2
101,7
59,4
34,4
16,7
8,4
3,3
5,0
4,2
13,0
6,2
1,2
2,5
25,0
52,4
48,8
43,1
35,3
79,0
140,6
216,8
259,5
349,3
308,4
304,8
325,0
307,7
421,9
490,5
474,8
425,5
434,3
470,7
530,7
566,5
524,2
479,2
481,4
487,8
570,0
598,7
553,2
456,8
434,6
444,2
521,6
518,7
584,0
556,4
497,0
472,3
412,6
348,3
263,6
254,0
245,4
206,9
296,0
383,1
447,3
484,0
495,1
442,5
399,1
354,2
278,9
199,5
139,4
97,7
42,2
31,3
44,1
86,2
93,6
107,2
117,2
81,0
92,7
97,7
56,5
43,4
34,9
23,8
8,9
12,2
16,9
20,0
17,1
17,2
17,2
16,7
27,0
137,5
196,6
116,0
107,5
112,6
87,2
76,7
120,0
136,7
142,7
124,1
130,8
164,6
140,0
139,5
200,8
294,9
167,6
180,7
211,1
300,5
370,7
405,2
461,2
485,9
520,8
531,9
515,5
568,0
549,8
497,2
510,9
519,6
491,4
382,9
313,3
319,2
328,2
324,7
308,4
273,6
255,3
301,8
307,6
242,8
170,6
193,7
177,7
185,6
159,9
146,7
133,4
133,8
143,8
105,0
121,5
91,3
71,0
41,5
26,6
28,5
36,8
39,9
44,4
68,3
78,6
72,8
63,4
52,6
58,6
47,5
43,4
46,4
47,6
26,7
20,7
15,4
12,6
8,3
8,5
5,0
4,8
14,0
13,5
8,1
4,5
5,9
4,8
7,9
7,2
2,3
1,2
0,9
1,0
8,5
17,5
23,8
47,9
95,1
155,7
212,1
308,3
345,6
363,6
400,0
400,8
437,1
452,4
461,2
489,6
508,2
468,0
486,5
479,2
487,7
436,4
431,0
435,7
449,8
471,6
446,9
457,1
456,3
450,8
426,1
399,1
369,3
351,2
297,9
291,3
314,1
304,6
157,0
138,2
120,7
86,7
143,7
159,8
54,1
49,4
28,3
11,0
13,4
26,6
35,0
50,4
85,0
109,5
146,2
229,7
398,4
454,9
590,4
576,3
587,4
599,2
667,2
730,5
790,9
804,1
812,8
816,4
813,7
759,8
707,7
630,0
553,4
659,6
707,0
615,4
556,6
529,6
691,3
796,1
785,7
765,7
667,4
682,5
656,6
775,4
722,2
738,2
626,1
634,7
697,7
709,3
780,7
817,1
826,3
824,0
819,3
835,8
827,3
829,9
836,0
835,5
843,7
845,9
835,4
835,1
841,3
843,2
846,2
845,6
842,9
844,6
847,5
846,0
840,0
829,4
827,8
827,6
825,4
816,7
793,4
783,3
771,5
742,1
698,4
625,9
595,6
513,6
395,7
359,5
345,9
272,4
178,2
180,9
262,0
319,9
358,4
343,0
364,2
386,6
325,5
308,0
301,2
337,4
379,8
423,2
478,1
545,8
573,1
614,3
631,1
622,8
613,0
648,2
694,7
701,6
671,5
666,6
659,9
579,7
527,4
478,7
393,3
313,5
280,5
229,9
158,1
104,9
103,9
123,4
227,8
233,5
190,1
153,1
154,2
152,0
166,7
187,2
208,1
234,2
223,2
225,3
209,2
145,6
98,2
103,6
103,4
161,6
135,7
162,7
208,5
234,9
350,6
373,7
375,7
372,2
380,1
395,8
393,7
408,9
419,9
484,6
593,0
629,1
593,1
624,8
663,0
699,3
735,5
771,8
786,1
816,9
826,7
823,3
825,5
819,9
819,6
813,8
814,7
813,4
816,7
821,0
812,0
813,1
808,8
803,9
803,0
806,7
810,4
797,6
766,5
693,9
685,2
653,9
591,1
443,6
351,6
269,4
192,2
140,4
102,0
69,2
52,5
43,0
45,6
33,9
26,6
19,4
13,9
11,0
12,2
22,0
29,4
44,5
61,6
96,9
133,8
154,0
207,0
242,4
314,1
344,7
406,3
554,8
624,9
637,8
670,0
666,1
614,7
508,3
442,2
334,6
253,9
220,8
213,9
204,0
152,8
143,9
105,1
66,1
70,7
34,7
30,3
40,1
24,5
35,5
53,4
74,4
69,9
85,7
103,5
57,2
35,6
21,9
15,4
18,0
38,3
74,9
80,7
59,9
63,5
75,6
107,4
167,4
177,8
217,1
206,3
270,6
273,0
286,8
355,5
344,0
353,4
379,9
401,0
380,0
402,5
402,2
364,6
415,4
398,9
399,9
448,4
345,8
362,5
368,3
429,5
463,6
486,4
515,0
538,7
572,9
561,0
543,7
566,0
594,5
638,0
688,4
635,8
615,2
623,0
620,3
583,3
540,0
501,9
500,2
444,2
408,9
426,5
447,4
482,9
515,1
480,9
403,4
404,5
426,3
468,1
554,2
592,9
565,9
570,2
508,0
460,8
450,7
453,2
441,7
430,9
420,0
437,6
466,5
550,4
500,5
446,0
424,4
432,4
467,2
457,5
498,8
436,3
483,2
598,7
613,4
638,7
610,2
654,9
660,2
612,9
505,9
389,7
292,5
268,6
221,4
187,9
192,4
244,2
294,2
256,2
179,3
132,6
113,0
103,7
68,2
66,1
81,2
67,9
59,1
37,8
12,4
9,2
7,3
9,4
10,8
7,3
12,8
18,7
18,6
10,7
9,7
15,0
17,8
31,9
52,7
67,1
101,2
143,9
191,0
217,3
206,8
186,6
206,4
168,1
127,4
76,5
61,9
65,2
69,8
76,5
63,5
40,8
29,9
29,3
27,0
14,4
13,6
20,5
11,0
3,5
3,3
8,6
23,9
25,1
19,0
36,8
49,3
51,2
66,9
87,5
92,8
71,1
84,5
96,9
69,5
65,6
88,7
77,3
54,6
22,9
18,0
45,5
49,8
21,5
9,4
8,3
13,1
35,7
18,4
18,0
11,3
6,0
3,5
15,8
27,3
26,7
24,4
28,1
28,2
42,2
53,5
80,8
111,1
142,4
148,6
163,8
208,8
220,8
259,3
300,2
304,4
342,6
282,1
364,3
394,8
433,4
479,2
529,9
602,5
598,3
638,2
692,1
686,5
699,3
714,2
765,4
764,3
694,1
565,3
554,1
554,4
528,6
501,9
455,1
373,8
289,2
208,2
131,9
86,3
70,1
98,4
93,1
145,2
154,3
155,7
186,9
227,1
220,6
209,3
293,8
351,5
362,2
413,4
381,6
315,9
310,8
319,0
278,8
288,0
296,5
309,7
303,5
281,6
268,5
266,3
212,4
185,3
181,2
195,1
209,0
275,2
299,5
298,0
225,1
184,3
189,2
198,9
203,9
175,3
202,8
160,4
135,3
99,7
66,1
48,0
38,6
54,8
79,9
121,8
195,8
246,7
316,5
356,8
435,9
489,0
588,4
616,2
636,1
740,5
794,7
804,0
825,0
830,1
833,6
839,3
840,1
840,5
837,9
839,8
838,1
837,8
831,6
824,1
814,8
800,6
801,4
769,9
780,3
759,6
749,8
761,9
750,3
759,5
737,3
737,9
675,3
673,6
650,2
613,1
596,6
610,8
589,3
600,4
569,9
572,8
631,2
654,2
681,1
695,0
692,1
675,8
713,0
686,8
659,6
651,1
620,6
596,5
542,9
489,0
453,6
387,7
369,9
332,1
312,6
326,9
316,2
339,3
338,2
328,5
387,1
387,8
429,4
477,9
499,8
516,9
489,5
517,1
514,5
532,4
472,6
462,8
464,6
505,3
519,2
535,3
527,8
477,5
459,6
417,5
389,3
411,3
382,3
373,7
410,5
438,8
481,3
496,9
518,0
547,1
517,4
537,2
582,8
496,1
496,6
532,5
502,5
539,8
560,7
504,3
473,9
466,0
399,3
429,3
423,1
355,4
295,1
213,0
150,7
213,8
262,1
179,0
109,5
80,7
47,4
23,5
26,4
35,1
59,0
105,2
155,6
179,2
181,4
180,3
189,8
197,9
251,6
224,5
163,1
125,2
136,3
210,8
261,7
293,4
281,7
255,1
257,0
250,1
252,9
223,7
212,8
182,1
158,8
153,6
155,0
165,5
131,7
116,5
89,2
72,8
77,6
86,7
94,8
144,8
211,5
278,0
417,5
425,1
409,7
426,0
440,5
428,4
412,7
419,1
426,3
447,8
413,2
397,3
325,0
169,6
108,9
108,2
183,6
226,9
319,9
139,4
67,7
60,1
108,3
230,5
316,8
368,2
431,5
450,5
401,6
393,9
486,1
420,7
412,0
434,1
513,8
535,0
568,1
517,6
531,7
575,7
586,2
627,7
574,2
621,4
611,0
640,7
696,9
641,4
586,2
572,7
645,4
625,1
598,0
580,4
556,8
596,0
607,8
652,0
716,1
745,0
751,7
745,8
734,2
701,6
637,4
572,0
484,1
413,2
290,8
251,4
225,2
184,1
162,0
140,6
105,1
90,8
66,3
52,5
46,3
41,2
29,1
26,2
23,5
18,0
11,7
9,7
15,3
18,4
11,4
5,4
4,6
2,6
2,3
3,7
8,0
13,4
15,2
25,0
31,5
32,2
29,8
25,0
22,4
40,0
65,6
77,5
69,8
88,1
78,5
70,8
77,7
56,8
24,1
18,8
43,4
46,8
50,8
64,1
71,9
92,1
66,2
52,6
55,5
48,0
50,2
42,8
36,6
40,4
40,6
68,9
103,9
161,8
172,0
225,0
243,3
292,1
274,9
231,6
243,8
245,5
253,2
296,4
354,6
451,1
426,8
369,6
374,6
374,8
376,1
317,5
327,0
313,1
385,8
330,2
306,3
301,9
217,3
243,6
255,1
185,3
118,0
126,1
138,0
121,6
103,5
108,0
99,2
77,4
60,4
32,8
19,8
16,5
18,4
15,6
12,7
10,1
6,2
6,6
4,7
3,4
5,3
31,2
81,3
124,2
155,6
170,4
226,0
349,1
408,4
399,4
426,3
456,7
597,8
641,5
717,0
481,9
412,3
415,3
488,9
461,8
425,4
393,8
329,0
245,1
275,3
303,4
268,1
267,4
297,8
295,7
238,1
290,8
221,2
265,5
315,0
306,8
151,0
140,4
179,2
155,6
207,7
486,7
398,4
354,9
412,9
545,4
675,8
665,7
628,5
700,9
666,2
672,4
619,0
630,1
646,6
570,4
521,3
500,8
470,8
474,1
455,9
424,7
398,5
353,3
272,4
164,5
123,4
87,9
55,1
34,3
31,2
40,4
42,1
26,6
34,8
59,3
109,1
133,9
281,1
290,8
270,2
211,1
306,5
278,8
272,7
289,3
300,5
197,9
165,8
184,9
137,3
82,2
68,0
70,7
60,7
66,8
48,0
33,7
28,9
18,3
16,1
13,5
11,2
10,4
8,4
8,1
7,4
5,0
2,9
1,9
1,7
2,6
2,7
1,0
2,1
4,0
7,9
12,5
32,4
48,9
55,5
71,3
81,8
77,1
84,4
76,7
88,1
105,5
119,5
136,5
158,2
165,2
157,0
129,9
120,8
118,3
113,4
79,7
86,0
101,0
104,9
110,3
140,5
145,0
149,5
123,2
148,9
138,0
121,0
112,9
153,2
186,1
221,0
247,0
262,6
404,7
560,5
537,6
477,3
500,2
496,3
478,5
475,9
454,5
442,9
430,1
423,8
415,9
307,7
103,4
161,8
257,3
209,8
219,8
322,4
260,8
251,9
172,5
127,6
219,3
283,5
332,8
272,9
337,9
433,6
391,6
373,3
397,9
474,5
552,6
563,2
591,3
589,9
514,7
497,2
539,2
590,8
576,0
538,5
522,7
548,6
586,4
637,5
597,3
510,8
457,0
460,7
453,1
419,4
359,3
321,9
320,1
308,7
295,1
282,9
269,5
298,8
451,2
323,1
323,8
183,9
181,3
246,2
351,5
342,2
403,7
297,8
361,6
334,9
351,8
394,6
448,8
548,3
477,9
600,6
732,9
746,3
735,6
731,3
719,4
721,7
716,6
648,7
602,3
683,7
734,4
761,2
757,4
768,2
782,5
799,4
793,6
805,3
817,0
818,6
818,6
824,0
822,4
818,6
817,0
813,0
804,5
789,6
786,0
795,3
788,2
792,6
787,1
781,0
769,0
766,0
790,3
794,2
791,8
783,9
778,2
744,9
726,6
686,0
672,1
650,2
622,0
586,9
539,1
497,5
468,5
402,9
376,8
324,4
290,9
279,4
244,5
183,4
149,4
83,3
69,2
74,3
80,6
79,5
48,9
35,5
40,7
33,3
44,5
43,3
42,1
31,2
39,5
28,9
14,0
6,7
3,9
1,3
0,5
0,9
3,1
4,6
11,4
17,8
20,7
17,4
31,7
44,6
70,9
145,8
287,9
339,7
447,7
564,2
655,7
665,3
670,1
673,2
644,2
670,3
673,6
432,4
372,2
395,1
420,2
350,5
326,7
288,0
251,5
305,2
323,5
262,1
239,2
211,5
288,9
235,0
221,1
273,2
260,7
270,8
313,4
277,5
289,2
339,4
333,6
300,1
346,1
375,8
368,8
333,7
301,0
260,1
231,7
223,5
193,3
196,6
179,0
181,5
169,4
162,6
179,4
190,8
167,8
130,0
209,9
172,9
159,8
145,7
209,9
254,9
318,7
383,1
406,4
416,8
393,6
421,6
438,0
430,4
406,5
394,1
371,8
324,1
256,8
305,6
307,6
351,6
321,9
467,9
618,5
474,3
345,2
239,0
248,2
261,1
223,5
220,7
225,5
277,3
220,9
137,7
70,3
43,0
41,3
44,9
64,5
80,4
122,9
157,1
77,1
46,2
17,3
36,2
42,5
48,7
52,7
63,1
78,5
71,2
67,5
67,9
88,4
108,9
81,2
74,5
90,5
86,3
52,5
52,0
52,3
46,0
73,7
100,8
120,3
143,1
194,5
214,1
207,0
218,1
197,7
185,9
186,7
201,8
172,0
151,6
119,8
127,4
155,1
138,7
120,9
146,1
174,8
223,6
274,2
256,7
248,5
244,9
247,0
224,8
180,9
162,1
189,4
222,9
203,1
219,7
225,1
192,6
188,4
212,4
258,9
274,9
266,4
221,2
194,9
181,2
161,6
198,9
243,8
313,0
329,4
353,1
395,9
406,2
411,8
381,2
418,1
464,4
514,3
484,5
447,0
378,5
352,4
296,1
239,7
185,5
126,3
146,1
118,2
103,8
93,0
52,7
25,9
10,0
8,0
6,6
10,4
75,3
45,3
41,9
27,4
23,3
40,2
51,3
27,8
22,0
28,2
18,9
12,0
8,6
9,1
4,5
5,9
5,5
3,7
4,1
2,7
0,8
1,5
1,2
1,3
0,5
0,1
1,4
12,0
17,0
17,4
26,2
27,7
32,0
51,9
44,3
61,0
63,2
80,8
98,8
135,4
226,6
310,8
315,2
290,2
213,6
53,4
177,2
271,9
183,4
131,2
230,1
313,3
285,1
285,0
359,2
469,2
447,7
455,1
417,5
379,5
346,1
348,6
433,9
548,2
560,6
666,1
699,9
765,0
774,8
777,1
754,8
729,1
728,7
707,2
680,5
688,4
645,1
638,6
612,7
538,5
489,5
418,1
392,5
385,0
324,5
294,8
322,7
287,6
275,7
193,0
194,6
180,6
129,8
88,9
53,4
38,8
38,6
35,6
40,0
23,2
20,5
22,4
24,2
39,7
61,6
89,6
121,5
99,8
174,7
219,8
188,1
217,5
350,8
256,7
219,0
232,5
121,8
208,7
257,3
289,8
261,4
317,1
313,0
401,2
259,3
224,7
366,7
364,2
388,1
362,2
262,6
251,6
286,6
350,4
269,4
328,3
309,7
435,1
517,8
577,3
564,3
577,6
671,5
719,7
688,9
698,8
665,5
620,9
495,6
412,3
362,9
368,5
302,6
214,9
177,6
144,1
127,7
99,0
57,7
67,6
73,1
52,0
56,3
72,1
42,2
22,1
13,5
20,7
59,8
142,2
119,8
86,2
45,4
47,9
54,9
75,2
71,6
94,7
119,3
156,5
217,0
285,3
300,8
245,9
272,0
346,1
376,7
379,7
542,0
578,9
639,1
599,6
514,6
444,8
358,5
375,4
357,7
313,1
203,7
229,7
222,4
238,1
212,5
248,1
363,8
264,5
228,8
244,0
282,8
348,1
382,9
483,0
453,7
461,7
543,9
529,6
495,1
435,7
520,5
557,2
585,3
576,0
574,4
690,4
695,0
696,5
749,4
637,0
649,6
757,1
744,7
715,2
757,9
703,9
731,0
688,9
591,5
409,5
229,6
250,2
263,8
250,8
157,4
142,8
155,4
176,5
184,2
168,7
220,1
260,9
320,4
440,7
488,2
500,2
515,7
568,0
586,6
614,6
619,9
625,9
592,8
586,6
670,9
618,3
630,1
615,4
572,0
499,3
463,8
419,0
409,6
330,6
231,1
157,8
107,3
80,2
57,7
46,4
34,9
62,3
113,8
137,7
201,9
183,6
278,1
351,9
497,0
539,5
461,6
365,6
343,0
313,1
314,6
316,4
214,2
207,8
165,3
158,0
155,9
242,9
347,2
94,2
88,7
134,0
220,6
369,6
397,5
458,3
505,5
508,6
463,9
452,9
431,2
551,0
563,1
628,1
595,3
579,4
437,9
421,6
503,5
505,3
585,7
565,2
581,6
482,5
567,8
598,0
566,8
572,1
539,3
619,5
672,1
669,8
647,4
660,1
656,6
665,9
638,4
657,9
679,8
683,2
654,2
656,9
683,9
696,2
700,0
682,5
645,9
566,7
592,9
599,0
580,6
621,0
587,8
534,4
475,4
328,9
259,4
217,8
316,4
381,2
329,7
348,5
258,5
196,5
223,1
186,3
151,0
121,6
113,6
105,9
176,4
281,3
332,1
311,0
352,0
364,7
369,2
389,5
365,4
351,1
372,3
398,1
417,4
446,0
460,2
455,4
480,6
505,5
529,3
524,6
556,1
576,8
589,0
571,8
592,0
634,3
649,1
619,6
579,7
571,5
468,2
397,2
360,6
309,1
260,1
287,5
361,2
354,0
355,7
345,8
322,0
324,7
313,7
265,4
222,2
199,5
178,6
132,6
100,8
93,6
83,5
67,1
62,7
78,3
98,7
117,7
115,4
95,8
101,2
193,6
195,3
177,1
114,3
58,7
48,0
40,9
23,2
12,4
12,1
15,3
13,4
8,5
3,5
22,0
50,1
99,7
124,1
148,6
115,4
125,0
118,6
121,7
120,8
112,2
111,5
129,6
171,3
212,9
243,6
273,3
251,4
221,1
229,7
221,1
167,4
128,9
113,8
98,8
95,5
107,8
102,6
131,0
130,7
122,2
111,1
69,1
46,7
31,1
20,1
10,9
7,1
4,7
2,5
1,6
1,3
3,1
12,7
30,1
41,4
33,2
28,9
31,0
37,3
30,8
49,4
104,6
197,7
220,4
263,2
272,7
332,9
367,6
327,5
91,3
115,5
160,9
204,4
205,0
318,5
362,9
296,5
279,2
314,7
337,1
331,9
328,6
501,6
507,7
468,8
396,6
339,1
269,4
222,0
186,4
145,0
107,8
80,4
63,4
40,8
32,0
15,5
20,3
27,2
31,8
39,9
42,0
49,4
50,7
58,7
42,3
50,1
63,1
81,5
91,2
42,3
34,6
46,7
23,0
25,1
30,3
44,4
48,6
30,2
137,2
151,3
137,6
123,5
167,6
72,1
90,6
171,9
63,7
89,7
234,4
306,4
312,3
391,0
582,2
324,3
323,7
306,7
428,2
402,7
380,1
436,6
506,0
508,5
531,8
433,0
443,0
457,3
417,6
343,3
270,6
328,0
267,6
290,6
327,5
376,2
289,6
275,3
162,1
194,2
150,6
139,2
148,8
101,5
76,9
41,7
25,2
21,6
27,5
33,3
37,6
35,2
41,3
56,1
47,2
85,3
114,7
111,1
120,5
120,6
133,6
112,7
101,3
117,9
143,8
132,4
107,3
151,8
296,9
475,8
528,2
580,6
621,0
654,3
687,5
668,2
520,1
444,8
386,1
387,7
454,3
362,8
267,9
232,8
312,0
332,0
278,7
253,2
168,9
136,1
142,4
147,4
162,6
137,4
138,9
120,6
97,5
54,4
66,7
41,2
49,8
49,6
43,9
39,8
40,2
61,8
63,0
37,7
60,4
24,9
39,8
48,4
56,9
182,1
63,7
61,6
91,1
137,7
115,8
90,1
92,7
82,2
73,1
60,9
66,3
56,8
39,3
48,4
108,7
126,2
104,6
83,1
70,9
65,6
120,9
98,4
96,3
100,3
95,6
64,7
53,4
52,2
57,4
66,8
68,1
56,9
46,5
19,8
30,7
26,9
10,6
11,7
15,6
14,2
23,4
13,8
13,5
17,1
27,0
25,7
15,5
16,8
22,9
55,1
98,7
75,3
85,6
109,3
124,1
92,0
74,7
69,1
71,6
74,2
76,2
87,3
114,8
147,8
190,9
210,0
274,6
457,0
517,6
554,3
458,8
314,8
261,1
291,3
303,9
364,2
412,2
481,1
527,9
498,9
504,4
570,9
668,4
649,2
614,3
661,8
718,4
748,5
743,9
734,0
643,8
644,9
675,2
703,1
754,0
771,7
762,0
770,3
722,6
729,0
696,3
715,2
684,0
668,1
632,3
627,6
608,3
604,6
659,4
650,8
664,6
532,7
578,0
587,5
598,1
635,0
611,8
556,1
544,8
589,7
594,3
567,6
469,0
471,2
429,2
370,6
379,4
342,6
315,1
295,7
268,7
300,9
347,1
342,8
287,7
277,2
321,8
338,3
293,6
319,9
353,9
324,3
355,7
360,9
319,5
341,8
360,6
361,2
360,8
366,1
330,3
292,8
265,9
305,0
359,5
292,6
257,0
295,8
333,8
341,8
341,2
337,5
335,7
367,6
308,3
296,6
283,8
282,4
246,0
239,9
216,5
144,8
114,6
100,0
82,6
61,2
45,4
38,6
24,8
13,8
3,2
0,0
0,0
0,1
0,4
1,5
2,5
1,7
0,9
1,2
2,5
2,4
0,8
2,6
9,9
13,3
11,4
20,1
28,6
39,9
37,5
22,5
25,2
33,5
39,6
50,8
51,2
38,0
34,2
23,0
12,3
22,0
75,5
117,0
159,0
164,4
162,9
149,6
176,2
222,5
246,6
280,2
305,9
336,6
353,5
374,9
364,9
322,6
308,6
294,3
284,5
236,3
243,7
332,2
380,9
430,6
445,4
434,5
470,8
539,1
558,3
542,5
491,8
431,4
419,8
416,4
425,5
400,4
353,6
316,2
346,6
360,8
356,2
351,4
299,1
240,4
233,6
210,2
191,7
180,1
156,7
125,0
110,6
108,8
131,2
175,0
190,7
172,2
192,8
166,8
146,7
133,6
110,7
106,6
98,7
122,5
153,5
159,9
160,8
82,5
54,0
49,2
69,4
72,6
121,5
226,3
330,2
399,5
444,7
486,8
460,0
460,5
506,2
521,6
474,5
502,3
438,0
362,2
292,5
276,0
235,4
202,9
206,4
167,7
114,2
68,7
42,8
44,5
49,9
32,7
42,2
35,1
24,7
29,3
39,7
47,3
43,1
47,8
39,7
20,6
12,9
14,0
14,8
16,8
16,3
12,1
11,2
36,8
58,2
72,3
79,7
77,7
72,5
74,3
105,8
163,0
222,6
235,5
218,3
328,3
421,6
468,7
467,9
459,1
430,3
413,9
359,7
341,1
266,2
195,3
194,3
200,4
175,5
198,3
214,3
251,3
317,0
378,7
369,3
396,3
427,9
453,2
467,5
410,2
305,0
222,8
244,7
256,5
236,4
168,1
135,6
108,9
83,5
42,8
17,9
8,6
8,1
3,6
11,3
34,3
55,0
65,6
66,5
80,9
118,6
145,7
142,6
187,4
186,3
299,9
142,7
151,8
158,1
113,5
94,7
87,7
126,0
134,9
292,7
267,7
176,5
134,4
165,7
253,8
307,2
281,2
357,5
329,4
296,8
281,3
302,1
254,7
231,9
200,7
174,0
184,9
123,2
83,0
66,2
50,6
39,0
30,0
31,2
37,8
40,3
34,4
15,6
10,8
7,5
10,9
3,1
6,8
17,2
19,7
19,1
17,6
25,3
18,1
146,1
118,8
59,6
142,0
244,2
336,6
380,9
585,2
631,7
675,2
721,5
610,9
662,0
784,1
764,5
777,2
779,3
762,1
762,9
710,5
690,1
612,6
553,8
629,6
660,9
644,6
662,1
628,3
599,9
582,8
614,3
689,0
650,3
609,9
612,6
605,9
514,9
383,6
440,7
413,8
350,0
340,5
306,8
273,1
230,1
171,7
129,5
74,5
45,9
34,1
16,2
13,7
6,7
3,7
1,5
1,8
2,3
9,2
13,4
11,8
14,8
8,8
3,7
2,7
2,5
2,0
1,9
2,7
4,9
16,2
43,5
53,8
70,5
107,9
113,1
162,2
236,2
274,9
133,2
163,3
295,2
452,4
434,5
419,6
238,0
171,1
147,3
97,1
110,7
49,2
44,9
60,4
86,7
121,4
177,3
112,3
131,3
182,5
194,0
238,1
329,9
253,6
374,5
458,7
381,9
470,2
625,3
542,1
608,3
571,7
536,7
449,6
522,7
672,4
613,8
727,3
781,4
789,3
777,6
761,9
742,2
748,9
755,9
687,9
609,4
583,3
516,1
450,5
363,4
292,6
241,3
172,2
137,8
89,7
64,6
73,4
82,4
90,0
126,1
199,9
239,1
316,0
381,7
412,0
451,0
475,5
487,2
495,1
516,4
556,0
565,0
424,7
445,5
472,5
504,2
435,8
351,7
321,4
256,7
230,9
196,0
132,5
107,1
133,8
118,6
81,0
67,9
58,7
58,7
36,6
32,6
33,8
64,3
58,5
83,3
117,1
128,8
133,7
111,9
83,5
96,4
109,6
132,5
166,4
188,7
226,9
318,5
474,8
628,1
666,4
651,7
708,5
659,7
617,4
543,8
357,4
127,0
85,3
117,3
68,1
55,1
70,6
78,0
72,3
45,2
30,2
38,8
12,0
12,1
8,5
2,5
3,2
18,8
151,0
222,0
250,1
285,3
337,2
374,0
351,1
350,2
353,4
381,3
379,7
370,5
370,7
408,6
426,1
407,5
414,5
416,8
417,3
420,9
475,3
458,5
440,1
430,1
408,9
332,0
333,4
273,8
209,8
137,7
130,5
136,3
131,3
108,5
87,8
104,0
178,9
217,1
259,9
244,8
204,8
214,7
243,3
246,6
300,1
354,7
416,7
447,0
444,7
460,1
430,3
444,5
457,6
554,4
554,5
554,8
558,4
559,3
558,4
509,0
394,2
346,2
377,0
371,2
366,7
307,9
249,1
210,3
203,3
163,4
159,9
125,7
105,1
101,3
74,8
77,1
85,2
67,8
59,6
51,5
53,7
55,7
64,5
54,0
26,5
45,1
77,2
93,4
80,9
82,4
64,8
64,0
50,4
58,3
67,1
90,2
86,6
104,6
114,8
132,6
119,8
123,4
207,6
218,8
266,2
353,3
392,0
388,1
348,6
342,5
347,0
253,7
225,3
288,9
361,2
341,3
299,6
318,2
379,1
400,7
271,9
350,6
360,4
311,2
345,3
357,1
323,3
345,5
360,2
411,8
479,6
475,5
470,6
484,0
506,9
555,7
596,2
688,4
734,2
778,2
740,2
754,3
757,9
795,0
773,2
765,1
718,0
717,1
728,1
688,1
651,6
607,8
518,1
430,5
420,4
484,8
385,3
402,0
436,8
463,8
540,3
616,1
557,3
669,6
702,3
704,9
749,9
775,3
755,6
809,5
830,6
818,3
808,9
791,1
751,1
720,1
655,7
612,5
565,6
522,3
448,4
446,5
470,7
468,7
492,8
424,9
448,8
439,6
407,5
357,0
399,9
353,8
230,7
217,5
216,7
223,7
191,0
213,8
169,0
136,1
199,2
221,8
212,1
224,1
348,4
437,8
425,7
369,0
373,7
456,4
505,2
439,3
403,9
405,0
346,4
222,7
159,6
102,5
73,7
36,7
14,5
8,6
26,0
47,0
78,0
102,2
164,2
215,0
254,4
257,1
226,3
177,7
142,5
158,8
215,1
291,7
402,7
537,7
607,3
638,3
689,9
617,9
562,8
466,7
393,9
406,3
475,1
505,0
474,5
375,9
326,6
356,5
423,4
450,4
378,7
310,9
218,1
339,9
385,4
495,3
420,6
303,6
350,2
345,6
334,4
367,9
407,6
442,9
455,9
483,8
539,1
642,3
712,9
674,5
614,3
554,3
663,5
471,9
566,4
444,3
301,8
356,2
329,9
476,7
439,1
475,8
460,5
537,6
463,1
409,8
348,0
327,4
351,5
338,6
361,3
363,3
331,4
400,5
422,8
350,7
332,0
368,3
344,9
453,1
418,4
304,9
368,6
448,0
301,0
274,1
202,7
181,3
174,7
215,6
230,4
203,8
150,7
132,9
131,0
127,5
153,7
85,2
56,0
63,3
52,7
53,5
90,3
145,8
184,2
194,3
232,8
247,0
336,3
389,7
473,1
518,3
503,8
584,7
709,6
788,8
827,7
832,6
830,9
836,0
842,9
840,1
836,0
846,2
839,3
832,0
830,2
820,6
806,9
786,8
785,5
795,1
775,7
782,3
770,9
752,4
753,8
729,8
740,8
730,9
780,3
765,1
752,8
742,5
712,9
710,7
737,0
743,5
730,7
734,7
773,6
724,1
679,5
626,1
522,2
536,8
444,7
482,6
435,6
463,5
353,0
258,3
266,9
281,7
277,3
311,9
342,2
449,0
539,5
469,6
485,1
555,8
515,3
449,6
485,0
494,3
525,7
538,1
427,7
412,9
290,3
257,7
320,7
290,7
250,7
384,2
555,8
574,4
605,3
638,7
694,1
686,2
690,5
632,2
525,4
468,7
470,1
480,5
401,2
340,5
313,6
255,8
252,7
236,4
220,3
230,6
159,5
214,0
385,2
476,9
458,3
396,1
495,0
594,0
627,4
694,1
665,0
619,8
531,9
448,5
389,0
358,6
360,4
516,8
528,4
396,7
640,9
697,0
678,7
672,4
646,8
650,4
588,0
632,3
641,4
685,1
681,1
705,7
671,3
679,6
643,9
668,0
739,4
770,0
753,1
759,0
740,9
780,5
758,7
741,3
725,6
682,7
607,6
630,9
518,6
563,6
563,7
594,5
629,6
618,2
559,8
499,3
518,1
527,6
384,7
455,2
358,8
435,0
411,7
394,0
430,7
490,7
513,1
494,9
361,8
322,7
264,1
161,9
144,8
201,8
275,7
350,9
302,7
340,0
440,9
601,5
580,6
524,5
537,3
566,7
743,4
735,6
722,5
733,1
651,5
554,4
573,9
563,0
570,9
613,0
554,6
517,2
439,6
469,3
473,4
418,9
293,8
311,6
265,0
222,2
191,2
235,7
283,1
220,6
213,2
320,2
471,5
572,4
698,8
725,9
723,8
703,3
680,7
611,0
543,9
639,9
685,9
654,8
584,5
583,8
638,0
590,6
539,1
523,7
512,8
465,9
430,6
399,8
334,2
218,3
158,7
127,7
110,4
97,4
85,8
61,1
34,7
11,9
6,0
8,1
18,2
43,9
81,1
123,9
178,9
211,7
283,9
363,4
500,6
655,8
722,5
768,5
754,0
789,4
821,2
827,9
833,8
832,4
830,8
836,1
842,4
840,2
835,6
782,9
819,9
834,1
737,9
628,3
625,4
552,9
568,1
524,2
503,7
470,5
516,3
548,9
578,8
443,5
494,4
409,6
420,4
375,3
330,8
257,8
246,4
210,2
242,9
211,3
270,1
209,5
73,0
148,6
157,5
143,9
93,4
157,3
185,2
194,5
174,5
210,2
204,1
253,0
325,8
376,8
368,7
382,0
359,0
328,3
307,1
302,6
357,9
358,7
332,4
432,5
474,8
322,1
321,7
405,6
371,5
309,0
264,4
252,9
249,5
203,3
203,3
212,4
166,3
171,8
170,8
273,1
338,7
337,7
395,1
446,2
485,0
463,6
486,2
655,9
510,3
454,6
458,1
531,2
596,4
581,1
568,3
478,9
346,1
370,4
348,8
259,0
290,5
384,6
492,9
511,7
499,7
577,8
626,5
635,6
565,4
627,5
688,3
630,4
547,9
472,4
399,7
402,6
559,1
641,9
649,7
631,9
694,6
711,7
681,2
671,1
693,6
705,7
657,4
728,9
500,2
532,0
554,4
619,3
671,7
731,3
774,8
796,1
798,7
809,6
803,3
812,8
798,7
792,6
772,7
703,3
721,7
696,8
680,6
610,1
657,4
664,6
643,5
632,3
607,1
581,1
553,0
555,4
585,8
589,6
637,7
702,7
721,8
711,2
655,2
580,6
581,0
548,4
559,1
515,2
520,3
586,2
564,6
498,2
519,1
515,6
429,2
338,0
265,0
238,3
225,2
223,1
308,6
219,8
151,0
386,4
553,0
562,4
464,8
394,7
338,0
327,9
333,9
309,5
304,0
317,7
460,8
494,6
494,0
430,1
383,1
365,2
342,5
308,4
249,3
331,8
330,3
354,2
388,9
481,2
491,1
485,8
492,2
527,8
512,3
541,3
556,0
596,9
592,6
593,5
656,5
718,3
745,8
764,5
709,0
681,0
707,9
706,5
643,5
530,9
566,6
594,8
574,5
559,0
416,4
424,7
285,5
228,2
372,0
443,2
366,7
334,7
379,7
372,0
260,9
182,4
188,3
102,5
90,7
112,3
167,1
271,0
397,0
501,5
560,1
630,8
621,0
629,1
565,7
474,6
353,4
332,6
323,1
318,0
317,7
243,2
374,2
591,5
428,6
371,5
408,8
360,5
214,9
346,5
338,7
293,7
683,1
746,5
717,4
765,1
793,6
797,6
800,1
786,9
658,2
607,0
566,0
453,9
395,3
366,0
363,2
362,7
384,2
320,0
292,6
251,8
269,1
335,0
368,2
480,9
524,5
430,7
552,7
583,7
632,0
619,8
643,5
638,3
661,4
685,2
661,2
662,9
662,2
676,1
704,4
747,1
713,8
746,5
777,2
753,8
784,5
781,7
793,5
830,0
827,4
829,9
824,1
825,9
834,9
839,2
833,7
820,2
819,9
817,6
792,6
772,4
792,3
785,7
769,2
745,6
722,4
699,8
687,7
643,8
625,8
633,5
567,7
578,3
680,1
691,3
735,9
734,6
748,2
809,8
822,3
828,1
837,0
833,5
818,4
781,3
802,3
826,1
838,5
835,4
834,6
834,2
834,4
837,5
837,3
827,9
827,6
810,9
732,0
577,2
531,1
489,1
503,7
587,3
593,5
610,1
575,9
615,1
564,5
553,7
562,9
560,0
505,8
653,4
640,3
558,7
577,5
567,4
608,3
625,1
564,2
575,8
444,3
296,1
223,4
209,1
169,7
167,7
219,4
206,0
218,4
166,8
125,6
121,8
80,2
63,2
60,3
41,9
17,0
5,9
1,2
3,4
3,2
9,6
22,9
23,5
25,7
21,0
15,3
21,0
56,7
87,7
140,6
229,2
256,7
287,2
305,5
345,3
349,0
403,0
471,0
536,0
578,4
609,8
602,3
651,1
708,3
738,9
778,6
782,1
816,1
829,7
830,2
817,2
823,2
831,1
803,8
764,1
616,9
594,9
631,9
790,5
794,3
767,7
809,4
812,3
801,6
762,9
716,0
645,3
599,4
460,7
321,0
243,9
157,4
125,1
99,4
128,7
119,5
136,6
237,4
332,1
385,7
385,4
451,9
519,7
467,4
364,5
243,2
287,7
265,1
290,1
381,7
343,0
300,4
258,1
297,0
246,2
304,4
310,5
269,5
323,9
326,5
282,2
336,6
289,4
266,4
324,8
344,5
384,3
364,7
361,3
332,4
321,6
318,4
335,4
333,5
355,8
293,5
83,7
277,2
294,6
300,4
385,0
441,2
391,0
568,0
591,6
382,7
400,8
538,9
568,6
547,8
527,4
482,9
498,4
599,9
711,1
776,5
771,2
757,5
731,4
696,5
744,4
753,7
763,2
760,0
816,4
823,8
828,2
829,0
827,2
819,5
819,5
821,4
824,8
827,3
826,8
821,8
815,7
767,1
706,2
640,2
550,9
458,5
446,2
429,3
554,0
645,9
621,6
607,3
643,1
642,4
646,5
575,5
619,2
559,6
451,3
470,3
363,8
271,4
274,4
286,3
370,8
474,3
478,3
527,6
644,5
653,7
667,0
661,1
662,3
640,2
653,7
626,6
576,9
564,8
496,4
439,0
388,9
404,7
377,4
310,4
298,9
272,7
268,5
214,5
122,5
105,1
127,3
97,9
59,7
88,5
100,4
150,5
136,5
65,7
77,9
91,8
119,5
99,1
89,7
76,5
83,5
75,4
82,9
167,6
174,2
142,2
173,4
194,0
174,3
166,8
261,7
269,6
265,1
275,9
337,8
393,9
359,3
237,2
127,7
109,3
149,1
184,8
74,3
34,4
23,5
20,2
13,6
16,7
8,6
9,3
6,9
8,6
2,0
1,3
0,7
1,7
5,4
12,9
14,3
17,3
25,0
66,3
86,8
105,3
98,8
126,2
151,1
213,7
277,1
307,4
287,9
231,5
281,0
291,6
378,7
437,9
419,9
430,1
407,3
375,5
337,7
335,9
392,5
318,1
245,7
257,9
229,9
235,2
188,0
256,1
240,0
204,0
204,1
235,1
220,0
230,5
198,2
161,6
160,5
182,3
137,3
181,2
217,2
212,2
152,7
127,6
140,1
195,9
204,2
173,7
142,4
178,3
150,7
145,4
154,1
130,3
62,4
50,2
30,0
12,9
12,5
12,1
6,0
3,0
11,0
17,5
29,0
26,6
37,4
45,4
41,4
55,5
88,3
120,1
163,9
184,4
198,6
272,8
232,9
236,8
302,2
218,5
312,8
369,2
470,8
480,6
473,9
668,4
695,8
714,3
727,0
675,0
730,2
692,6
748,5
785,2
796,2
814,0
824,3
832,0
835,9
831,8
843,5
832,1
829,3
818,1
806,5
580,9
548,8
551,2
455,1
386,9
467,1
487,0
326,3
479,2
528,8
476,9
510,9
480,6
442,4
402,4
438,3
421,2
335,4
226,4
155,1
137,6
129,0
138,5
93,4
77,1
72,6
51,9
78,4
57,2
62,2
87,5
122,0
133,7
150,2
146,7
149,8
211,0
277,4
315,2
268,3
401,4
395,4
345,6
281,5
229,1
210,1
267,2
181,9
78,3
114,3
35,6
22,7
11,3
9,9
5,9
8,0
4,1
14,0
25,5
42,0
106,8
169,2
229,9
365,0
373,3
455,5
508,9
574,4
663,6
729,3
749,4
779,6
778,8
779,5
812,2
819,7
832,8
849,0
841,2
771,3
738,4
787,2
789,0
708,0
727,6
716,2
721,0
760,1
698,5
670,0
761,4
729,7
678,0
611,5
643,1
612,4
577,8
540,2
452,7
352,5
126,5
120,9
122,2
150,6
67,4
73,7
67,8
66,0
58,1
96,6
74,6
104,2
134,1
220,4
227,6
278,7
407,1
435,3
480,4
556,9
549,9
527,9
600,5
603,4
655,0
728,5
761,2
793,0
784,2
799,0
782,2
774,5
696,7
663,2
735,3
791,5
803,7
797,9
794,4
789,3
809,3
806,7
814,3
795,3
759,5
812,9
801,0
735,0
695,6
734,3
758,5
747,6
707,3
739,5
747,6
761,4
748,6
737,2
809,2
828,2
846,1
836,0
825,3
633,5
598,4
730,3
705,9
693,2
762,4
605,2
781,9
656,7
690,8
643,0
729,9
680,3
654,7
772,7
809,4
812,1
711,4
613,5
685,6
741,0
675,0
692,5
532,7
480,8
526,3
471,9
510,6
567,2
546,3
416,7
420,9
501,7
458,6
527,3
548,4
565,4
492,2
485,4
390,6
335,9
435,3
511,3
444,1
392,8
252,9
199,5
388,2
374,2
245,6
256,8
321,3
432,0
558,0
585,4
697,4
709,6
779,3
733,3
694,2
564,1
514,4
373,3
295,9
216,1
132,4
66,9
56,2
90,7
164,8
265,1
315,7
366,6
337,9
314,2
281,0
206,1
216,7
188,1
168,8
169,6
188,5
217,4
276,6
260,9
234,4
298,5
259,6
206,1
114,9
95,2
154,8
206,2
262,5
285,8
314,7
389,7
338,2
287,5
260,7
242,6
319,5
475,7
539,4
496,9
510,8
437,6
444,4
341,5
503,8
525,8
579,0
675,0
681,6
708,9
753,8
797,8
796,4
835,7
830,3
843,2
843,8
691,1
689,0
833,0
851,1
848,9
848,6
838,1
829,5
808,2
786,1
784,0
729,0
670,0
771,7
779,2
730,8
707,9
753,3
810,9
824,5
836,9
836,2
838,0
836,7
836,5
837,6
837,3
840,0
825,2
831,0
819,4
820,6
817,5
811,9
811,1
764,7
727,4
727,0
672,1
673,4
676,1
633,5
668,8
688,3
688,1
689,7
653,5
637,9
537,4
431,7
384,8
325,7
302,0
295,3
237,5
188,2
191,5
150,6
168,6
187,2
260,5
325,9
443,7
402,4
427,8
490,1
537,4
502,1
563,2
612,8
624,2
600,6
573,6
561,6
586,6
600,7
639,2
678,7
714,6
705,0
624,6
586,0
547,4
514,1
418,6
355,7
281,9
297,2
290,8
265,8
288,9
338,1
380,9
318,9
286,3
267,1
257,5
302,1
318,5
357,1
286,7
286,3
253,8
527,6
550,1
555,2
648,1
689,7
726,4
676,4
619,0
633,7
654,2
635,3
565,7
531,1
464,4
526,7
550,3
525,5
558,2
614,8
614,9
640,1
607,3
635,0
574,8
524,4
560,2
481,1
498,6
472,3
414,4
379,6
354,9
354,6
340,4
244,9
269,1
274,1
227,7
215,6
204,6
166,2
190,1
344,5
396,4
425,9
381,7
340,8
340,3
380,4
410,6
401,8
448,3
469,4
473,2
461,8
470,2
470,8
419,2
421,8
457,3
556,1
614,9
651,5
588,5
514,3
496,4
471,8
457,4
459,1
496,2
541,5
470,4
433,0
441,9
401,0
340,2
313,1
270,3
290,1
277,4
242,6
248,8
225,3
248,8
273,9
292,4
289,8
311,1
306,6
308,7
301,8
269,4
260,6
234,6
222,0
215,2
195,8
158,8
95,0
79,5
62,2
61,0
69,4
85,7
79,4
70,9
52,4
32,4
24,0
31,0
43,5
46,6
58,3
60,2
64,1
70,0
72,1
68,6
93,4
136,3
118,7
161,9
155,0
171,8
228,2
234,7
248,3
227,9
243,5
268,0
265,8
264,7
271,1
278,2
297,4
286,1
288,2
282,7
254,1
253,1
225,8
247,4
293,1
343,3
425,5
463,9
491,2
510,1
528,3
540,1
528,8
516,9
494,4
455,5
425,5
431,6
497,1
525,6
533,4
565,4
530,5
445,1
331,7
235,1
174,7
161,7
155,5
168,4
226,0
260,4
234,6
193,4
204,3
202,2
224,7
224,1
215,2
212,7
231,1
209,9
184,9
163,9
150,9
128,3
119,0
121,6
132,5
121,6
127,3
117,5
131,1
147,4
172,6
187,3
246,2
351,1
391,9
427,5
465,8
466,6
431,8
429,4
477,9
570,9
708,2
823,6
788,8
785,1
763,4
765,8
761,9
747,3
715,0
649,8
604,4
596,9
580,5
546,1
535,9
540,8
490,9
492,1
479,0
429,3
395,6
429,4
452,8
444,6
488,6
550,1
578,1
608,0
632,2
617,5
560,7
519,5
498,4
472,5
489,8
509,0
510,8
549,6
587,4
623,8
630,6
563,3
560,3
624,6
620,4
651,7
714,7
759,3
807,5
812,9
750,6
648,3
634,8
669,3
599,6
620,4
561,4
658,8
506,5
507,4
684,5
804,3
807,6
773,5
732,9
718,2
640,8
623,0
612,5
540,7
506,8
549,1
677,8
713,3
757,9
708,1
715,8
712,7
643,4
618,6
617,2
631,4
644,9
640,4
653,8
691,3
732,1
801,5
810,8
813,6
819,7
777,9
510,0
389,3
555,9
575,9
489,9
449,9
383,5
282,7
256,7
177,0
151,2
127,0
109,3
121,0
173,0
155,4
130,7
101,2
152,3
128,7
94,3
110,7
93,5
45,2
28,3
29,3
28,4
23,0
35,8
120,9
190,6
228,3
232,7
307,2
450,9
547,5
602,6
662,9
742,6
822,2
831,9
845,6
853,2
862,1
869,7
872,2
867,9
851,9
841,7
828,1
810,9
787,4
826,2
822,3
830,5
836,2
829,3
833,6
828,3
843,5
850,0
856,1
857,6
846,9
819,1
760,0
647,4
558,6
496,6
473,7
453,3
296,1
195,9
169,0
193,3
139,7
139,5
156,4
112,0
163,3
111,7
74,7
77,3
77,0
62,1
61,2
52,2
47,4
54,9
39,8
28,4
28,2
30,9
58,0
88,8
70,4
55,3
59,3
57,8
78,8
80,6
100,6
79,7
50,3
25,5
25,2
24,8
33,9
70,8
84,5
115,8
188,9
193,9
181,2
169,5
144,7
150,7
144,1
138,7
121,5
119,5
130,4
134,3
171,6
235,1
231,0
214,7
227,1
240,6
256,4
307,4
364,3
418,2
482,1
572,8
615,6
652,2
598,9
613,8
620,7
621,5
659,4
637,1
625,6
596,0
580,7
547,7
476,1
486,8
465,0
412,8
358,5
333,3
285,8
266,8
225,1
174,3
178,4
163,6
173,6
198,2
236,5
180,6
165,9
141,5
152,0
144,3
144,8
169,1
157,3
127,8
125,9
167,9
175,4
167,7
193,9
197,5
176,4
149,6
116,5
90,1
84,2
77,4
98,8
115,5
116,6
112,6
129,0
177,1
154,9
98,2
92,9
75,7
118,6
173,9
172,2
131,9
226,6
253,6
236,4
244,2
421,6
498,8
577,5
583,2
559,7
525,2
494,9
476,5
449,3
413,3
341,9
245,9
176,3
169,5
129,5
127,6
133,7
160,7
139,8
161,9
159,3
110,1
74,0
74,3
106,2
182,3
228,4
285,0
324,1
350,7
291,5
123,6
137,8
174,0
243,4
298,8
331,9
373,4
391,7
439,0
450,6
494,9
359,8
441,0
561,7
671,0
628,9
680,6
666,6
551,8
457,9
412,8
395,3
310,5
412,5
500,9
524,1
612,3
645,3
522,9
398,2
377,8
411,8
436,0
442,1
462,7
469,7
481,5
486,7
502,8
522,4
551,8
573,4
484,2
521,7
507,8
473,1
496,4
487,3
433,0
422,1
379,2
373,9
310,9
360,6
414,1
395,5
440,5
461,6
474,8
403,7
381,5
404,6
373,4
350,7
354,3
348,8
342,9
394,7
439,0
461,6
453,7
481,8
422,6
371,3
380,1
420,9
400,9
438,5
430,7
464,3
444,1
370,0
330,8
279,0
268,1
167,3
291,8
241,6
258,2
304,9
419,7
464,3
512,6
502,0
550,7
518,4
506,0
453,7
447,6
438,4
415,4
343,0
233,0
145,1
121,7
90,3
76,2
62,1
86,0
74,1
41,5
48,0
77,8
70,4
57,0
70,0
99,0
130,0
129,4
86,5
71,3
76,3
73,6
64,3
81,7
59,1
32,1
45,8
75,6
77,7
82,1
110,0
171,2
271,3
363,9
392,5
385,4
391,4
414,7
447,9
417,8
529,3
703,7
691,8
653,8
638,1
815,6
660,5
720,0
762,8
697,6
537,7
532,7
503,0
351,6
352,2
275,5
194,5
195,9
252,5
304,4
355,0
330,2
347,3
490,1
573,6
671,8
738,7
828,1
830,7
835,4
857,8
854,4
843,0
780,7
745,3
756,9
773,9
772,2
768,6
699,0
719,9
824,3
821,1
823,2
755,7
734,7
744,4
678,9
645,0
597,2
546,1
531,4
449,6
419,3
406,7
510,9
501,7
474,1
461,3
454,4
426,1
385,4
371,1
325,5
267,3
212,8
183,4
241,2
216,4
156,4
152,4
148,2
128,2
101,5
105,3
94,7
102,9
106,6
94,4
118,8
146,1
181,5
211,6
220,5
194,3
188,4
228,5
260,4
329,6
337,2
351,6
393,4
406,0
354,1
308,6
307,8
330,0
368,7
409,0
412,6
441,3
439,7
474,0
488,4
487,8
489,6
479,8
466,8
446,8
445,4
450,2
411,7
408,2
439,6
467,7
502,2
539,8
551,0
593,2
636,3
707,2
757,7
741,7
733,8
767,6
697,4
660,2
664,7
665,0
665,6
661,4
684,5
685,9
745,7
801,0
855,8
872,4
870,6
877,3
873,0
874,6
877,3
874,4
720,6
711,9
708,9
719,5
850,5
844,1
807,4
784,3
718,9
684,1
719,0
672,2
614,1
571,1
526,9
570,8
580,7
590,9
574,6
515,8
520,7
533,3
499,3
459,5
404,9
411,0
328,3
306,1
275,6
271,7
256,1
220,4
208,4
182,1
149,4
141,8
145,1
134,6
137,3
148,2
164,7
185,8
201,7
229,3
203,4
151,4
158,4
141,9
144,7
113,5
96,2
75,7
81,0
96,6
130,6
119,9
139,0
129,4
115,0
107,7
100,2
117,3
125,1
154,9
167,2
210,9
199,1
215,5
231,0
226,5
213,9
180,7
204,1
250,7
269,6
292,5
334,7
366,8
360,9
387,5
304,4
304,1
280,9
260,0
247,5
230,6
247,7
275,4
296,5
281,4
259,3
244,4
180,6
160,0
146,7
184,1
225,8
222,6
164,7
162,8
124,6
123,1
108,9
131,5
126,1
86,5
68,7
61,3
90,0
129,2
113,7
118,7
96,2
88,6
91,2
95,0
146,2
168,0
205,3
194,7
204,3
266,0
330,3
394,9
409,3
435,2
496,5
544,3
558,4
638,0
686,7
691,4
690,3
754,0
812,5
827,8
810,9
793,7
801,4
815,2
796,3
829,2
836,3
822,1
830,0
842,7
832,6
821,4
833,8
826,6
840,5
846,3
828,3
820,8
825,3
832,5
837,1
843,2
827,8
817,0
850,6
835,3
822,1
818,4
818,1
743,9
686,7
651,3
648,9
676,3
717,7
759,7
776,4
810,8
811,9
807,6
786,8
797,3
804,7
814,2
779,2
748,5
766,0
753,7
756,3
794,4
835,7
843,4
864,1
876,9
876,8
877,2
884,5
888,2
889,8
883,7
885,2
891,4
889,9
890,6
886,6
887,2
887,7
891,1
892,6
889,7
884,7
747,6
725,7
719,1
704,4
775,0
774,0
793,8
770,6
785,0
788,1
805,2
810,9
795,4
740,1
744,9
723,0
684,5
657,1
589,8
507,3
423,9
383,0
364,3
373,1
353,5
416,6
485,6
511,3
687,0
760,9
750,8
584,3
113,6
132,6
269,5
317,6
293,2
195,1
259,3
249,6
252,1
147,9
183,9
251,9
277,8
266,1
218,3
204,1
223,0
332,3
314,9
459,9
546,2
458,0
462,3
442,3
532,3
687,2
566,4
618,5
732,5
727,9
768,7
791,8
812,9
825,8
825,8
804,6
820,9
823,9
785,2
803,4
817,1
817,7
780,8
681,5
611,3
697,3
614,4
576,6
441,1
473,5
473,9
414,0
403,0
390,9
382,3
447,5
694,7
570,3
438,4
531,1
684,6
722,9
657,2
553,0
575,9
648,7
688,7
782,9
747,1
655,4
553,8
405,0
322,0
323,5
382,9
356,8
196,2
119,3
114,6
100,1
106,7
197,9
328,4
415,8
515,4
571,7
480,0
577,0
686,6
728,5
733,6
798,8
790,2
787,4
816,4
850,0
839,0
851,2
856,0
804,8
863,6
742,1
753,4
857,4
862,9
861,4
861,6
870,3
873,6
863,2
854,4
851,3
861,8
864,0
866,9
865,5
835,3
823,8
839,7
859,8
857,2
857,9
864,7
857,2
843,6
809,9
802,8
820,4
820,2
835,0
863,6
864,2
868,6
872,6
864,8
831,2
855,9
860,0
873,9
868,3
834,2
858,3
863,5
861,8
815,7
817,1
834,7
795,3
834,1
847,0
853,1
864,5
880,2
879,4
880,6
879,1
842,4
878,1
883,9
886,8
888,1
889,1
890,9
891,4
891,8
869,8
870,5
811,2