186,64
181,81
177,54
177,33
184,61
188,6
192,94
199,94
206,73
212,26
220,52
223,11
216,39
221,29
224,93
230,88
224,86
227,31
229,34
226,82
225,21
224,65
225,84
224,86
225
227,45
228,78
240,75
258,95
282,26
301,86
309,35
305,29
307,39
278,76
251,53
239,56
240,82
254,12
257,06
257,06
263,36
259,58
253,35
248,03
237,53
241,94
251,53
239,07
242,99
245,86
248,45
259,72
278,2
284,78
278,97
280,02
279,04
259,3
250,9
242,15
237,95
238,23
240,12
241,1
244,32
253
248,17
237,95
238,79
230,81
229,13
222,97
229,97
231,79
239,98
254,54
277,78
300,67
300,25
294,58
283,45
274,63
266,93
267,98
267,98
275,68
281,77
289,19
291,08
283,31
269,73
267
264,9
270,43
279,74
290,94
292,27
293,74
302,7
316,63
339,59
360,31
364,51
366,54
362,2
347,78
333,5
319,5
309,84
316,21
322,44
330
339,66
343,16
337,91
331,12
321,88
316,56
320,48
328,25
336,58
338,89
349,53
365
382,92
390,9
391,95
369,48
313,55
275,47
242,99
266,02
282,19
278,62
244,11
238,58
233,4
224,09
218,07
232,63
243,06
214,92
218,7
206,52
200,15
197,07
195,39
191,54
190,7
193,29
231,58
232,21
236,62
233,75
257,69
245,72
211,98
211,56
216,53
245,58
253,14
250,83
237,39
215,41
199,03
203,02
209,18
270,36
288,77
291,22
289,96
296,19
297,66
299,69
306,76
317,75
317,4
302,49
299,76
294,44
286,39
287,58
290,45
291,15
291,15
286,67
278,62
269,87
261,96
255,52
251,95
250,83
251,39
253,49
262,87
272,88
303,75
303,26
291,08
280,3
270,57
263,92
258,67
256,01
256,01
257,2
252,44
255,03
261,05
260
253,7
244,25
244,6
241,17
241,38
241,38
245,65
250,9
258,53
270,5
296,54
305,92
305,92
300,74
292,76
285,69
275,82
269,8
268,47
269,24
265,6
263,71
264,9
262,24
255,17
249,29
242,71
239,77
234,73
234,66
231,72
234,1
235,5
256,5
282,47
293,95
289,4
282,19
271,41
272,95
257,55
246
244,32
243,34
259,51
253,14
253,91
251,39
248,73
244,04
238,86
236,83
236,83
236,34
235,78
244,46
253,49
271,9
296,12
317,19
315,02
290,31
287,79
277,43
262,31
257,41
253,28
264,62
271,9
277,85
275,89
269,87
263,01
260,49
257,97
252,93
247,05
249,22
256,5
264,97
271,9
283,59
319,43
348,41
336,37
331,68
309,28
284,78
262,17
252,09
248,94
251,6
260,91
269,17
270,85
265,95
260,84
259,16
257,97
258,74
259,37
257,55
252,58
252,72
262,24
266,58
276,31
285,27
295,98
307,25
298,92
280,93
260,49
263,01
268,12
274,91
278,62
278,62
273,86
270,85
270,85
265,53
263,78
261,47
256,43
253,42
257,2
266,72
274,42
280,23
289,19
299,69
320,41
353,24
322,51
289,05
268,82
254,68
254,68
263,36
279,32
289,19
297,66
298,99
293,39
291,57
287,23
291,92
302,21
303,82
316,14
321,25
332,24
349,32
368,5
375,01
368,78
359,26
341,97
321,11
309,84
295,7
288,14
288
286,11
290,52
294,65
310,47
309
299,83
289,61
289,4
295,49
304,03
312,36
321,04
330,49
340,29
357,93
357,3
346,31
339,94
339,45
328,46
315,65
306,41
298,71
296,54
296,89
294,86
289,47
280,86
271,97
265,04
260,49
251,11
250,41
257,13
257,13
263,29
275,96
287,86
310,89
314,88
302,56
291,15
281,21
271,76
267,28
263,29
259,65
259,65
259,65
255,94
253
252,02
241,87
237,95
234,66
227,38
222,27
225,77
221,22
228,64
242,29
256,5
283,03
292,48
280,58
267
259,72
252,09
232,63
224,02
222,76
230,18
235,92
238,37
243,41
240,68
225,42
222,34
222,13
215,34
215,34
215,83
225,42
222,76
226,96
240,47
269,38
275,26
269,73
259,23
245,44
230,6
220,87
212,26
211,91
214,92
223,11
224,51
232,56
228,08
223,46
214,01
213,38
214,22
215,48
215,48
218,7
222,48
222,48
226,05
232,14
239,42
248,59
257,97
257,27
246,98
244,25
242,92
235,08
230,67
233,75
237,32
235,57
229,48
222,41
214,29
214,29
211,98
207,36
228,43
228,43
228,43
232,35
236,48
243,2
251,39
259,16
268,61
273,16
278,2
275,19
262,8
262,03
259,3
260,77
264,62
268,12
266,09
259,3
254,33
242,36
228,43
245,86
261,75
253,42
253,42
259,86
275,05
304,59
324,4
319,15
309,98
287,02
263,99
266,44
252,23
258,46
258,81
279,53
298,43
294,3
279,46
266,23
262,87
259,16
254,89
252,51
252,3
254,4
265,04
278,13
294,86
330,35
349,46
332,24
310,89
281,21
263,5
247,68
244,32
241,87
246,7
255,17
257,06
262,87
262,24
267,28
268,05
264,41
256,29
252,86
255,03
256,08
260,49
273,09
291,57
318,03
327,62
320,69
310,54
299,55
297,59
285,62
279,18
280,09
281,28
283,59
276,94
265,95
281
285,34
275,61
265,11
259,51
260,42
264,06
270,85
280,37
290,31
306,62
335,53
344,49
340,71
331,33
320,27
307,46
280,37
274,63
274,63
278,62
293,11
300,88
297,73
286,81
277,43
276,94
275,05
270,85
270,22
275,26
279,32
284,36
299,41
319,92
346,03
357,37
353,03
353,03
325,87
308,72
286,46
266,37
257,69
264,41
275,89
282,96
285,97
286,74
283,17
283,73
280,72
281,14
283,38
284,15
285,06
291,92
303,26
325,24
323,14
325,52
335,39
327,13
320,27
297,1
260,35
255,45
260,28
282,82
297,45
294,16
290,87
281,91
276,59
272,32
273,58
286,39
292,41
239,21
237,25
238,58
246,07
250,06
256,15
260,21
268,61
279,18
271,55
253,84
242,78
230,53
228,01
228,08
236,83
241,38
244,95
244,95
237,46
234,17
227,87
226,47
227,31
225,84
233,61
239,63
249,71
263,85
297,59
310,82
302,84
290,87
279,04
269,87
253,28
249,5
244,81
250,62
251,81
251,95
259,09
249,71
234,38
235,78
232,91
231,23
237,39
232,49
236,06
248,94
265,88
286,18
310,4
314,67
301,02
289,68
278,48
270,85
271,34
260,14
257,76
257,41
256,15
256,36
264,13
259,16
242,22
238,79
237,18
234,31
232,49
245,51
241,45
245,44
254,68
274,28
298,15
302,91
279,18
278,48
272,11
260,63
255,8
256,29
253,91
255,8
260,91
268,47
263,57
251,39
240,68
235,99
234,8
234,1
239,91
256,5
255,38
254,75
258,18
271,55
295,07
305,57
292,48
284,36
280,02
276,17
271,9
267,91
265,95
264,83
262,94
263,78
263,08
253,63
236,27
229,76
239,63
232,63
229,27
229,9
238,86
245,09
250,06
260,98
294,3
312,57
293,46
274,35
268,33
266,65
259,09
252,93
253,77
255,17
255,66
252,02
251,67
248,52
240,47
230,74
226,4
229,76
233,12
232,07
237,32
240,89
243,83
250,2
257,34
262,66
275,33
283,52
278,13
265,6
253,49
244,04
237,46
236,83
241,8
243,34
240,12
234,52
229,34
227,73
225,56
213,87
218,49
215,41
219,33
218,98
219,26
221,36
228,57
239
254,26
268,4
262,24
249,99
243,76
240,96
239,21
240,47
240,96
243,48
245,86
242,36
236,76
234,87
225,28
220,87
227,87
235,08
242,36
247,96
255,17
268,82
290,73
304,03
289,47
275,12
270,08
271,83
269,1
259,44
250,2
257,55
259,16
260,63
261,82
254,82
247,05
254,12
248,24
246
245,58
254,75
260
268,05
278,69
290,66
312,64
320,76
320,48
312,22
297,45
291,99
288,42
280,3
281,07
290,38
292,13
293,32
292,48
289,33
278,27
276,24
273,58
268,75
269,94
284,99
292,27
302,35
309,7
319,71
336,79
346,94
333,22
326,15
324,19
319,43
315,3
312,36
312,64
312,99
305,43
304,73
305,08
300,81
289,96
283,45
278,34
276,59
279,18
283,87
283,1
283,66
288,7
303,12
327,34
335,11
321,67
315,09
307,32
299,76
294,37
292,55
292,62
284,85
293,32
301,02
294,79
280,79
272,18
268,96
265,53
261,26
261,75
262,94
270,43
279,53
289,68
299,83
315,3
328,32
323,56
316,84
308,93
299,06
283,87
282,89
280,79
283,17
282,4
279,39
273,86
268,54
258,11
255,17
251,67
251,04
249,78
249,22
250,76
262,66
269,59
276,45
285,13
295,84
308,3
302
275,68
266,16
259,65
253,63
254,82
255,59
266,02
273,72
274,28
269,17
261,89
257,76
253,63
256,15
257,41
260,07
261,19
265,53
268,12
272,74
278,2
286,53
290,66
294,16
282,61
277,85
271,27
261,75
260,63
259,58
268,82
278,83
280,44
280,16
269,03
269,03
264,62
261,68
264,34
270,92
275,47
280,44
285,97
292,76
314,04
323,91
317,4
305,15
271,27
256,08
245,09
239,56
234,52
231,16
233,75
248,03
257,2
259,72
248,1
252,37
248,94
254,75
261,54
266,93
268,82
282,19
297,73
308,93
330,56
340,22
330,21
304,94
287,51
260,7
239,77
227,73
221,22
223,32
222,76
232,7
241,17
247,05
243,41
239,21
239,77
241,38
245,23
251,95
265,46
270,57
275,68
286,39
307,88
331,33
317,68
296,26
272,67
253,07
237,81
213,52
209,6
210,23
215,27
230,04
240,05
240,68
236,41
234,52
235,08
225,56
220,87
223,74
232,35
239,14
242,99
255,24
270,85
274
264,69
251,53
240,4
232,77
232,77
226,75
228,01
223,39
224,16
224,16
229,27
225
219,75
214,92
211,07
206,1
204,63
202,95
205,54
205,54
205,54
205,54
250,41
250,41
250,41
232,14
232,14
232,14
232,14
232,14
232,14
232,14
232,14
232,14
232,14
232,14
232,14
232,14
232,14
232,14
232,14
232,14
232,14
232,14
232,14
232,14
232,14
232,14
232,14
232,14
232,14
232,14
232,14
232,14
232,14
232,14
232,14
232,14
232,14
232,14
232,14
232,14
232,14
232,14
232,14
269,59
269,59
269,59
269,59
269,59
269,59
269,59
269,59
269,59
269,59
269,59
269,59
269,59
269,59
269,59
269,59
269,59
269,59
269,59
269,59
269,59
269,59
269,59
269,59
269,59
269,59
269,59
269,59
269,59
269,59
269,59
269,59
263,15
254,54
249,08
245,58
242,29
244,67
247,82
241,59
237,39
238,51
235,01
232,07
220,73
212,47
215,41
223,88
224,23
227,03
231,72
237,74
262,31
287,3
300,53
282,61
268,47
248,8
239,28
230,04
218,07
223,32
216,32
222,62
235,78
238,65
237,67
231,72
226,96
213,8
210,3
207,78
211,77
214,43
221,85
223,25
232,28
261,4
286,25
274,77
259,02
239,63
228,57
223,81
225,7
222,76
222,83
231,44
240,61
244,18
243,76
233,19
221,78
217,58
218,91
221,22
227,38
231,16
232,91
237,81
263,99
294,79
302,98
281,28
259,58
240,89
235,08
232
237,67
233,54
234,73
239,56
244,53
245,3
241,03
234,45
228,01
234,03
232,21
230,32
235,57
248,24
253,7
262,31
293,04
325,94
338,54
318,59
280,58
259,93
246,14
235,08
229,41
225,49
223,6
227,8
243,62
250,48
250,34
247,19
240,47
240,33
244,53
249,29
251,6
256,92
262,52
277,64
288,14
308,86
311,17
315,37
301,93
284,43
269,31
257,34
261,89
268,61
270,15
287,09
289,26
283,59
266,23
245,93
231,37
230,18
228,29
231,3
219,33
219,12
218,84
219,82
224,79
229,83
238,09
258,39
258,81
251,46
234,1
223,67
214,5
199,66
203,37
215,48
239,42
230,88
222,41
204,77
204,56
198,75
193,5
195,46
198,75
202,11
204,42
210,02
238,37
267,28
270,99
249,92
236,27
222,13
219,89
215,9
215,2
217,58
216,53
213,87
215,55
218,14
213,73
205,47
199,31
184,96
180,62
186,64
197,91
203,37
201,34
207,15
220,8
253,91
278,06
255,87
224,93
229,62
213,52
214,01
211,56
209,67
212,89
222,55
232,91
233,75
234,38
228,01
223,6
224,23
224,23
224,37
224,09
222,76
222,13
228,99
243,97
271,13
283,03
268,26
255,8
245,09
234,8
249,71
256,85
239,84
219,75
229,27
238,16
247,33
245,51
238,86
236,83
235,01
228,36
231,58
228,92
228,36
235,01
246,77
263,08
297,66
306,48
279,95
261,19
251,53
248,66
248,45
248,45
215,83
214,29
222,62
230,25
240,12
237,74
229,97
226,68
221,78
223,6
221,57
227,52
226,47
227,17
232,77
251,11
289,12
300,53
266,3
239,07
240,82
230,18
237,6
236,9
239,77
237,53
235,08
238,86
230,46
222,97
221,36
218,35
215,41
217,86
217,58
220,31
220,38
219,68
223,88
227,45
236,69
243,41
250,62
247,26
246,91
245,02
244,04
243,06
241,52
239,28
241,59
241,24
241,87
238,44
232,98
230,46
230,11
232,28
232,56
214,78
211,14
216,25
213,8
216,53
237,53
251,25
254,82
250,97
250,41
249,15
238,79
240,89
245,51
235,85
244,04
261,26
263,22
252,23
242,15
240,33
236,55
241,1
242,57
240,54
239,98
249,15
259,65
283,59
322,44
325,52
307,39
287,65
291,92
284,64
280,86
275,68
275,33
278,13
283,03
286,53
289,19
282,47
269,94
262,73
252,23
258,6
267,63
267,98
263,57
278,97
299,62
315,09
333,22
339,66
321,25
297,73
290,94
285,41
286,04
275,54
277,57
281,49
281,91
286,95
289,75
278,48
273,65
272,32
264,97
265,11
268,19
279,32
290,24
293,67
300,18
311,94
332,24
338,61
326,08
316,91
302,77
287,93
284,71
284,71
280,93
276,03
270,22
275,19
274,7
266,93
253,21
245,23
239,91
238,09
238,86
243,76
244,74
242,92
249,36
271,76
295,28
291,85
268,47
249,43
239,98
227,03
218,91
206,59
218
219,68
225,42
229,55
227,94
229,34
225
227,1
224,09
218,42
211,98
207,71
213,8
221,92
251,18
268,96
291,57
284,5
251,53
226,82
208,69
199,31
192,87
182,72
178,87
177,75
177,33
187,69
201,55
204,7
199,73
199,52
197,56
194,27
191,05
191,12
190,7
191,47
199,1
204,63
209,04
218,56
218,42
220,66
213,66
199,59
185,94
177,75
175,79
176,14
185,66
198,82
204,14
203,86
199,8
199,03
197,98
195,11
190,35
212,68
217,51
218,77
230,6
235,01
239,84
246,91
250,06
247,61
254,19
247,89
224,79
213,87
202,88
203,37
222,2
235,85
253,07
263,78
251,11
239,7
233,61
224,23
225,28
237,04
241,1
240,19
251,11
280,23
313,06
301,79
288,14
277,22
277,22
255,03
238,44
238,79
242,5
241,73
233,82
240,68
247,89
241,73
233,68
233,12
228,57
210,65
216,18
213,8
211,21
216,18
227,59
246,14
278,41
269,87
250,48
235,08
241,24
215,27
214,22
214,22
215,06
222,69
227,73
240,33
236,55
225,77
219,12
217,58
215,2
209,32
220,59
221,71
224,3
228,85
236,83
251,74
281,49
295,63
266,58
240,19
221,5
207,36
201,55
204
206,17
207,64
205,4
218,42
228,92
225,35
218,84
220,87
207,08
203,23
206,59
212,33
211,14
211,98
206,59
211,49
220,03
197,49
207,22
195,88
201,9
210,44
191,19
186,5
187,83
181,6
186,57
194,2
202,32
202,46
197,63
192,31
185,8
180,27
187,06
203,65
207,08
210,16
214,64
231,86
262,52
263,08
254,61
242,36
220,66
214,71
205,82
189,02
195,18
200,85
214,29
216,32
225,77
224,23
218,91
210,37
209,18
208,62
213,94
219,4
218,84
218,63
220,52
221,15
229,13
241,59
250,9
237,46
222,2
204,7
196,16
191,12
184,89
177,82
179,64
198,54
232,42
232,84
215,55
209,04
211
205,47
197,07
189,86
200,99
211,7
221,99
229,2
233,26
234,52
234,66
234,73
234,59
234,1
228,71
232
236,48
235,64
238,51
243,27
243,9
242,78
233,05
228,43
221,29
210,16
207,78
206,73
210,37
214,71
222,34
243,41
274,7
259,58
226,82
208,27
192,17
186,5
186,64
182,37
180,34
181,95
191,96
201,55
200,43
195,46
187,69
186,36
182,23
177,75
183,42
194,83
198,96
201,13
203,72
217,86
248,87
251,46
221,92
197,28
195,39
191,33
182,65
202,25
208,2
215,9
209,25
211,42
221,22
222,76
214,29
213,31
209,74
210,09
209,46
210,09
209,6
216,6
229,34
254,19
279,74
261,96
231,44
204,91
194,83
185,8
187,06
178,73
175,16
174,95
179,71
190,91
212,12
204
196,58
196,93
196,65
195,81
200,64
200,64
207,08
215,13
225,91
243,27
274,98
283,52
240,82
216,25
200,08
182,86
176
167,81
156,26
175,37
167,32
177,26
189,72
193,29
194,27
197,14
196,09
194,62
196,44
206,45
209,18
216,04
223,95
244,88
271,76
256,08
236,48
211,35
205,05
186,22
184,75
174,88
170,05
177,68
187,27
193,78
201,34
199,73
194,48
192,38
186,92
187,62
184,68
181,88
185,17
185,03
189,3
198,96
210,79
216,11
210,09
198,68
186,22
169,35
166,97
156,61
156,05
162,77
165,78
180,06
185,73
185,8
178,52
174,81
173,76
171,59
169,42
192,8
202,88
204,21
202,95
201,76
212,26
218,91
212,96
213,66
204,56
191,68
185,1
173,13
159,97
152,48
150,45
156,54
173,62
183
180,9
176,63
173,76
172,57
173,97
176
180,27
186,57
201,06
227,38
255,24
236,34
229,13
223,88
216,25
215,76
210,72
199,17
180,34
168,65
168,72
180,48
193,29
188,04
186,92
189,44
185,52
181,74
182,93
184,19
190,56
197,7
213,87
235,22
239,98
233,33
232,91
227,73
232,7
222,41
202,11
205,19
206,03
208,83
215,2
218,91
211,49
209,32
218,35
212,47
200,78
196,86
197,49
201,83
209,6
215,13
225,98
255,17
258,11
246
252,86
256,78
236,13
230,18
227,17
215,06
211,77
216,18
210,65
211,07
211,21
214,85
227,94
223,39
216,46
214,5
212,75
211,84
213,45
223,18
234,31
259,02
257,62
250,55
253,77
249,57
241,73
238,23
226,05
207,43
204,42
212,4
219,75
214,64
210,23
203,65
199,8
196,79
190,84
188,81
191,05
186,99
186,15
197,98
207,5
224,58
224,23
214,15
212,75
197,84
179,01
162,84
158,78
152,97
149,4
141,98
139,39
142,75
140,58
142,54
141
142,05
143,52
135,26
135,89
140,23
143,38
148,42
152,76
160,18
178,73
185,94
182,86
172,43
158,29
148,28
139,25
129,1
126,79
129,03
136,87
152,2
159,13
158,29
154,09
157,03
154,44
152,76
152,62
154,79
156,4
157,03
161,65
166,76
176,14
182,58
180,41
172,71
164,03
158,08
157,24
155,35
148,28
155,21
160,46
174,46
178,94
173,97
167,6
169,42
169,42
176,35
185,59
186,08
187,13
188,6
203,23
231,72
235,15
220,66
213,31
198,61
183,7
176,21
179,22
157,1
152,06
152,9
162,14
175,02
168,02
170,4
174,53
186,5
169,14
163,33
161,3
165,08
176,21
184,26
200,92
233,96
243,97
225,28
202,74
187,06
169,56
155,07
148,28
139,32
141,35
152,9
142,12
164,94
170,68
169,77
166,83
165,36
158,92
165,85
167,74
167,39
172,36
180,2
195,32
217,16
223,81
207,57
195,32
194,55
182,02
166,9
162,49
168,51
174,25
173,62
171,66
175,44
180,48
185,66
185,59
180,97
178,24
180,48
184,05
188,67
192,8
209,67
234,17
274,42
248,59
211,77
205,19
193,15
193,64
193,43
189,02
196,79
196,65
212,89
206,73
199,8
198,89
200,64
198,82
194,97
196,37
193,71
190,49
190,49
191,82
196,37
216,67
238,23
232
207,22
197,98
187,27
191,82
171,52
163,05
167,18
156,26
153,53
160,81
151,08
151,43
164,03
167,25
169,21
168,79
161,02
161,79
160,46
164,8
169,35
176,56
183,98
192,73
191,47
195,6
195,11
193,29
187,97
186,36
190,28
232,84
226,19
228,08
239,14
244,74
189,44
165,43
176,35
173,97
172,92
174,74
161,37
161,65
169,56
161,3
171,59
173,62
176,84
179,5
177,12
186,43
227,59
213,87
158,08
128,05
128,05
130,71
136,59
131,83
143,31
143,8
142,54
137,5
148,14
136,17
133,72
133,93
137,29
156,4
182,58
190,49
175,86
170,68
165,08
156,19
151,64
146,04
144,08
140,02
140,16
146,6
155,28
160,25
165,57
167,53
169,77
166,41
165,15
168,23
173,9
181,25
189,23
200,22
227,31
227,94
212,54
195,88
186,92
178,8
174,11
171,38
158,78
155,56
157,31
174,74
178,1
179,01
172,85
169,7
165,64
159,62
156,61
157,94
156,68
157,87
161,93
173,41
193,85
199,94
193,85
184,33
176,28
173,13
169,14
163,54
160,18
155,56
155,91
164,17
164,8
165,85
168,65
169,7
165,08
156,26
157,1
158,22
164,73
169,91
175,44
187,83
197,14
205,75
201,27
184,89
176,98
172,29
167,95
160,39
158,78
151,01
152,97
154,16
160,67
164,03
167,18
162,07
160,18
162,07
165,78
169,07
172,64
176,28
181,46
189,86
199,66
203,93
198,82
191,47
187,55
179,85
169,21
163,05
154,86
150,66
149,54
146,81
148,7
157,52
163,96
160,95
160,32
165,36
171,59
172,01
166,62
162,63
166,06
173,62
183,07
191,47
199,94
205,75
210,16
207,36
203,51
200,01
201,13
201,83
203,09
202,74
206,1
206,73
203,93
201,76
201,06
199,31
196,09
195,32
168,51
169,28
170,75
173,2
178,38
182,58
188,11
194,97
194,34
192,17
179,85
167,74
160,04
160,32
169,56
168,51
172,08
169,49
170,33
172,57
169,91
168,37
173,9
169,14
168,79
174,25
175,3
179,43
187,97
195,39
208,76
213,45
210,58
201,55
197,7
197,98
195,32
189,58
186,71
184,12
194,55
201,06
192,38
191,61
191,82
185,03
180,27
183,21
183,49
187,62
196,58
217,3
250,34
256,92
227,59
207,29
194,76
186,22
180,41
177,33
167,6
166,97
168,65
169,98
170,05
174,88
181,46
185,38
184,68
177,54
177,47
179,01
187,2
197,49
218,56
234,17
254,12
242,22
213,24
191,54
179,85
167,6
158,29
153,53
158,78
156,82
147,44
148,63
156,47
164,03
165,99
168,37
163,12
156,26
164,94
164,59
162,84
168,72
181,88
194,34
220,66
221,71
210,44
202,11
199,45
195,04
186,08
177,12
173,41
175,86
172,43
176,77
180,27
174,6
167,25
164,59
160,74
156,26
147,3
147,72
151,57
158,64
164,45
181,25
198,54
198,61
177,26
170,89
167,53
148,49
146,04
148,07
153,88
167,18
145,69
139,11
155,35
155,21
164,87
167,6
167,6
166,69
167,74
169,07
171,59
172,92
176,14
180,34
183,77
180,62
178,52
171,1
162,84
154,23
146,67
141
136,17
132,11
130,08
130,71
133,02
134,98
138,9
140,65
140,37
139,67
140,37
144,43
144,92
148,07
149,54
154,79
159,34
157,73
158,85
160,95
157,31
153,11
149,47
146,25
141,56
136,8
133,86
136,1
143,8
153,67
159,83
159,41
153,32
146,67
137,36
135,68
144,64
149,68
161,79
170,26
189,86
193,36
185,59
187,27
177,75
158,5
150,73
149,47
148,7
148,56
151,5
149,61
156,89
159,97
164,38
167,18
166,48
162,49
161,93
164,59
169,56
174,67
179,01
189,79
209,32
208,48
203,51
191,05
194,62
174,18
165,5
162,63
162,84
159,62
161,79
172,22
182,93
174,6
176,07
180,13
177,61
174,39
171,87
171,38
171,52
176,21
183,98
196,23
214,43
201,69
176,49
170,33
162,49
155,07
152,83
152,13
143,24
139,46
140,86
141,56
135,68
137,36
147,09
151,99
158,29
152,62
145,83
152,9
158,57
161,44
164,87
179,29
194,97
186,5
168,65
161,93
156,4
147,51
148,14
147,65
141,07
142,4
144,43
143,87
148,35
151,78
148,35
150,45
148,91
146,81
145,06
144,43
144,15
148,77
152,83
166,48
186,22
176,84
173,2
168,51
154,23
152,06
153,74
150,38
145,69
138,97
139,04
150,52
150,31
146,32
147,23
139,53
153,11
153,11
151,08
147,09
148
152,9
156,26
160,25
174,32
172,01
163,26
159,55
157,45
152,27
142,47
138,27
133,51
128,82
128,54
132,39
134,98
130,36
130,43
135,33
135,68
137,15
138,76
147,72
190,28
183,98
186,64
196,79
201,41
192,87
190,91
186,71
184,61
176,91
170,47
165,43
158,71
154,72
152,97
155,42
160,53
162,42
167,11
172,71
169,84
176,35
178,52
182,16
170,47
172,22
176,21
197,42
216,88
209,88
195,6
198,89
190,21
176,56
170,89
166,83
160,67
154,79
150,94
150,1
156,89
164,03
165,43
169,77
165,71
161,44
161,51
164,59
168,23
172,57
178,87
192,94
214,08
212,61
202,18
171,52
153,18
149,12
137,43
158,57
160,04
153,88
148,21
147,44
148,35
148,77
151,57
153,18
151,64
149,19
154,86
160,11
164,94
168,86
176,56
190,21
208,34
201,83
172,92
156,82
148,91
145,9
137,85
132,88
130,99
129,31
128,26
127,7
133,16
132,53
132,25
135,68
133,86
131,62
138,13
134,98
137,92
143,17
149,19
163,47
184,12
180,27
165,15
156,33
152,34
147,02
148,84
139,18
131,69
131,27
134,42
135,82
136,59
138,34
139,32
142,75
140,58
137,15
136,38
137,99
141,98
147,37
155,07
168,79
189,93
189,44
171,38
160,39
148,14
141,91
136,03
131,69
129,45
128,61
124,2
122,17
122,31
120,42
122,1
126,65
127,7
126,72
126,09
128,47
130,43
131,41
134,56
142,61
142,82
139,32
138,62
133,79
125,74
120,07
115,8
112,58
107,68
105,16
104,95
104,67
106,7
107,75
105,37
107,96
110,97
113,07
110,97
113
113,49
119,51
114,54
116,15
118,46
117,62
119,65
119,23
115,66
110,27
108,1
107,54
106,28
105,58
110,83
116,01
116,43
115,94
120,84
118,46
117,34
115,59
116,57
118,74
121,4
126,86
135,4
149,33
171,45
171,17
161,79
154,09
150,94
147,16
142,47
136,52
131,76
130,22
128,75
130,57
134,42
135,19
140,3
147,86
146,25
141,98
138,41
140,3
140,93
141,91
147,65
161,09
182,86
184,54
167,46
152,2
143,87
147,93
149,68
155,56
154,86
161,16
169,77
173,13
175,86
173,69
169,91
167,18
161,23
156,54
155,84
158,43
161,23
163,26
168,58
182,09
196,37
200,43
198,4
199,31
187,76
174,6
176,56
172,85
167,25
166,13
169,35
174,18
176,28
176,42
170,26
170,47
164,17
162,42
158,99
159,62
161,23
164,52
170,12
184,61
205,33
204
187,97
179,92
177,12
165,64
156,47
162,42
161,72
158,71
153,67
154,65
158,08
160,67
159,76
159,13
157,52
153,39
154,79
155,14
156,4
158,57
164,52
172,99
186,08
190,91
194,06
181,67
171,66
160,04
151,29
145,41
138,13
131,55
130,01
128,54
128,47
134,35
134,28
134,56
134,28
132,46
133,65
135,82
139,53
144,01
145,76
151,78
159,41
165,57
174,81
177,26
167,32
154,3
142,82
136,94
131,34
124,9
123,22
123,36
129,38
130,78
128,26
126,86
125,39
123,01
122,31
123,08
115,24
115,45
116,57
117,97
121,61
125,53
130,22
129,66
121,89
117,06
114,61
113,07
111,81
109,64
109,29
113,63
118,6
117,9
116,29
118,32
118,81
118,67
118,6
118,67
118,67
118,74
118,88
119,16
119,65
119,58
119,51
119,51
119,09
118,88
118,67
118,46
118,46
109,29
104,11
104,18
104,39
104,32
104,11
104,32
104,25
103,97
103,97
103,97
103,97
104,04
104,11
104,25
104,67
104,67
132,18
134,35
131,27
131,13
131,2
126,86
128,12
127,49
127
127,35
132,6
130,71
125,74
121,05
118,6
114,96
113,07
111,11
111,18
110,55
111,81
117,27
136,17
137,85
125,88
118,53
113
111,04
108,24
104,74
101,66
101,24
100,47
105,23
107,4
105,65
104,6
102,92
102,22
99,42
97,46
96,62
96,13
95,29
97,25
102,64
112,86
110,06
101,8
100,26
98,16
93,54
91,02
89,9
87,73
88,22
90,18
94,73
98,86
100,05
99,56
98,3
96,83
94,94
93,12
93,33
94,03
95,64
97,67
103,97
118,74
121,68
115,38
109,92
104,32
95,08
94,66
91,93
90,25
89,9
90,04
91,79
94,31
89,9
89,62
90,46
90,39
88,5
86,89
87,1
86,68
87,59
87,87
89,48
90,74
95,43
100,89
103,62
102,92
102,15
98,93
97,74
98,44
100,89
99,84
99,42
100,19
100,82
100,54
101,73
103,41
103,2
102,92
104,81
120,7
121,4
121,61
124,48
125,67
126,16
125,53
125,25
121,61
118,39
115,31
112,3
108,94
107,82
108,03
109,71
114,4
115,52
114,26
115,87
114,82
111,74
112,51
113,56
114,05
115,03
117,83
126,02
141,84
144,43
138,27
131,34
124,76
120,77
116,78
113,21
109,85
107,54
108,1
110,34
115,1
115,45
114,05
116,43
116,01
112,93
111,6
112,16
112,02
113,98
116,78
124,9
149,68
146,39
128,47
119,51
114,89
110,06
106,07
103,06
101,1
101,52
105,79
111,39
114,61
113
109,71
109,29
107,4
106,14
102,99
104,53
105,93
106,49
109,57
117,06
134,42
136,94
128,68
120,98
115,31
113,35
112,3
111,25
107,89
107,4
107,05
108,8
111,6
110,9
110,97
112,3
112,44
110,69
109,64
109,92
110,48
111,53
114,47
117,13
116,71
117,55
119,37
119,09
115,38
112,23
110,13
106,35
102,08
99,49
98,93
99,84
100,82
101,66
102,08
102,5
102,29
101,59
100,05
100,12
99,98
101,8
105,02
107,19
109,78
110,62
107,19
106,84
102,29
98,72
96,48
92,14
86,96
88,5
92
93,61
95,85
96,69
97,53
101,17
100,33
97,67
96,27
95,22
94,87
96,27
96,48
103,13
105,93
106,49
103,97
101,31
95,71
92,42
89,97
87,87
85,42
85,98
85,63
87,52
88,99
88,43
85,28
85
88,92
88,43
87,03
89,41
85,14
82,06
80,17
81,08
81,85
82,69
81,85
84,3
82,48
80,45
81,36
79,4
77,65
78,91
80,1
82,9
86,26
86,26
86,54
84,16
83,53
79,89
79,33
87,73
108,73
103,2
108,87
119,86
132,88
127,98
118,88
112,86
100,12
109,01
106,28
103,55
97,6
97,25
98,09
98,58
101,87
101,03
98,79
98,3
94,87
91,16
90,6
91,65
92,07
93,19
95,71
102,5
120,7
123,64
117,83
116,15
116,64
115,03
109,92
108,59
106,07
104,74
105,44
109,71
111,25
113,07
108,52
139,04
107,75
115,31
110,55
95,64
92,49
99,35
108,66
121,26
126,09
129,38
129,8
130,29
127,84
119,37
116,85
111,6
105,65
105,58
104,67
107,61
112,79
114,05
112,3
112,37
114,61
113,7
111,74
112,16
113,84
116,15
119,93
128,54
138,69
133,37
125,81
120,49
116,01
112,79
108,1
105,65
103,76
101,94
102,22
104,67
106,07
104,6
106,14
111,46
111,04
107,96
105,93
105,58
106,14
105,37
107,68
115,8
129,94
126,09
118,88
115,1
112,02
110,55
105,23
103,55
100,4
128,33
133,65
116,57
112,93
110,55
107,96
105,65
103,83
102,15
101,1
100,54
100,68
101,24
101,8
103,34
104,67
103,97
104,53
104,53
99,63
97,67
94,87
91,09
86,47
89,27
93,96
95,99
95,43
91,58
91,93
94,03
94,94
94,8
93,33
93,61
85
85,07
85,77
87,52
87,45
90,11
94,94
97,04
96,9
94,59
93,82
91,58
92,21
95,64
94,45
92,42
93,19
92,98
94,8
97,67
98,02
95,15
95,08
95,15
95,85
96,62
99,63
101,8
101,17
100,96
101,59
102,85
99,84
96,76
96,41
91,86
90,39
89,27
96,13
94,31
95,15
95,92
94,24
94,38
95,92
92,84
92,56
93,19
91,86
92,21
96,13
103,69
110,27
103,9
92,28
91,02
87,45
85,77
82,97
79,05
80,94
77,37
77,51
87,52
97,74
93,61
91,58
89,06
82,76
82,2
82,76
86,19
86,05
85,49
86,96
91,51
100,68
101,31
101,66
99,63
98,02
97,18
95,22
95,71
96,2
90,67
92,28
96,13
96,76
97,74
96,83
97,18
96,83
95,43
94,45
95,71
97,11
96,83
97,25
103,27
115,66
115,52
109,71
107,26
110,83
109,43
104,53
95,64
93,4
92
91,3
92,91
98,37
98,02
97,46
95,64
95,08
92,49
91,58
90,81
90,32
90,81
92,49
96,69
107,05
113,35
106,77
94,03
88,92
85,35
82,34
81,92
83,53
86,47
92,28
94,52
96,2
95,01
94,38
92,21
91,3
89,55
87,1
87,31
87,52
88,08
89,34
91,93
91,72
92,7
96,48
95,22
91,86
89,41
86,89
85
82,62
81,5
82,06
82,9
83,53
82,2
81,36
82,97
83,88
82,27
81,85
81,78
78,91
79,12
79,19
80,1
82,06
84,44
87,52
88,43
85
83,95
82,69
81,29
79,75
80,38
83,25
84,79
88,99
88,57
86,12
84,65
83,04
80,38
79,12
81,78
83,04
84,44
84,65
89,41
99,28
99,28
95,15
89,76
91,02
89,9
91,02
88,92
85,91
86,05
88,64
91,37
94,03
93,61
91,86
90,88
90,53
87,66
86,26
86,19
87,94
89,13
92
97,74
104,81
101,03
94,94
92,56
90,32
88,99
86,47
85,91
83,6
82,2
82,76
85,21
89,13
87,8
87,03
87,87
88,01
84,93
83,67
84,02
85,28
85,63
88,57
92,63
99,91
99,49
91,86
87,17
85,91
85,42
82,55
80,24
78,28
77,93
77,86
80,1
82,76
82,62
81,92
83,18
80,66
78,42
77,3
77,23
77,79
78,63
80,31
84,23
91,51
91,02
85,77
80,45
80,24
78,91
75,62
75,55
75,06
74,15
74,99
77,3
80,24
80,59
79,12
77,58
77,3
75,06
73,66
73,24
72,47
73,31
74,29
80,66
89,97
89,9
82,62
81,5
81,36
80,38
81,08
79,75
77,79
78,35
79,82
81,01
81,5
81,71
80,1
80,31
80,45
79,33
78,77
78,21
78,35
78,84
79,54
79,96
79,96
81,71
85,14
85,49
83,46
81,92
79,47
77,16
76,32
76,04
76,6
77,44
77,51
75,76
74,78
76,6
75,69
74,92
73,24
73,17
79,82
79,96
79,47
80,87
81,99
83,18
85,84
85,63
83,81
81,71
80,24
78,07
77,86
76,67
76,74
79,61
82,41
84,09
80,52
80,52
79,4
77,09
76,6
76,88
76,25
76,53
77,23
82,13
91,51
91,44
86,75
85,14
81,85
78,98
78,35
75,83
75,34
73,94
75,41
77,09
79,68
79,89
78,14
76,74
76,39
74,43
73,24
73,66
74,22
75,41
77,65
82,2
92,42
91,02
86,26
83,81
82,9
82,62
81,85
80,66
81,92
80,94
80,31
82,9
86,61
86,54
85
85,14
85,42
82,76
81,99
82,69
81,64
82,55
85
89,76
96,83
94,38
90,53
88,01
88,01
88,01
88,01
82,34
81,92
81,71
83,74
85,77
89,2
90,18
87,73
87,03
86,19
83,81
83,04
84,79
85,63
85,56
88,36
92,49
101,1
99,77
99,63
94,94
95,85
97,25
97,11
93,54
90,11
86,33
86,4
88,71
90,88
90,46
88,43
87,94
87,03
81,99
89,62
90,81
90,74
83,74
83,46
85,56
94,03
89,06
84,93
84,93
84,72
85,56
85,14
84,93
88,15
89,55
86,47
86,19
87,45
87,87
87,45
87,03
86,68
85,07
83,74
83,53
83,04
82,83
84,02
85,98
87,52
88,92
92,56
93,61
91,37
88,57
86,19
84,79
84,58
83,18
84,37
85,21
86,4
86,26
85,63
86,05
86,82
86,05
84,37
86,12
80,66
83,53
82,76
83,11
82,76
83,81
86,4
87,38
87,17
86,33
87,24
83,32
83,18
82,69
83,39
87,1
88,99
89,9
87,87
88,15
86,68
86,4
85,7
86,26
86,26
84,65
91,72
95,08
101,17
98,86
94,52
90,53
88,71
86,47
88,15
85,63
84,72
84,72
84,44
86,05
88,71
88,15
86,19
89,62
91,65
87,87
86,82
87,1
86,68
88,99
90,81
95,29
101,17
99,49
93,47
91,02
88,01
87,59
84,93
82,34
82,97
83,67
85,77
83,04
86,47
86,89
84,58
85,7
85,14
82,9
81,43
81,78
81,01
81,43
83,95
88,01
93,96
90,67
86,68
85,07
82,27
81,01
78,49
78,91
78,35
78,42
80,24
83,81
85,35
83,6
79,54
79,89
80,03
76,67
75,55
75,41
76,53
77,72
76,39
80,52
90,6
92,98
93,68
92,21
92,98
93,12
89,41
89,2
89,76
90,6
87,38
88,92
91,86
90,74
87,59
85,63
85
82,48
82,06
82,69
82,9
84,02
84,86
89,97
97,67
98,3
96,13
92,63
88,99
85,7
84,23
85,7
86,26
85,91
85,49
86,4
85,98
85,84
84,09
86,12
85,63
83,88
83,04
81,29
80,87
80,66
81,22
81,15
81,08
83,6
85,77
86,89
84,23
81,36
78,84
76,6
75,06
73,8
72,68
73,94
76,32
77,44
76,11
77,58
78,84
76,53
75,62
75,97
74,36
74,15
74,22
74,71
74,99
77,58
80,31
78,28
77,93
76,95
76,88
76,74
76,67
76,95
78,98
82,13
83,46
81,22
81,36
81,71
82,83
81,57
82,62
82,34
83,67
83,04
85,49
88,22
95,57
95,08
89,48
86,47
84,23
82,9
82,41
79,4
78,42
77,09
78,84
79,33
84,93
84,72
84,16
84,16
84,02
82,06
81,64
82,13
81,85
81,85
82,62
86,12
90,6
88,36
83,6
82,34
79,12
77,65
76,18
78,49
76,95
76,18
76,74
78,49
81,29
80,87
79,75
80,31
80,31
78,7
76,95
76,67
76,81
77,3
78,91
83,88
89,34
86,75
83,04
80,94
78,63
76,18
75,69
49,3
71,42
72,61
72,05
74,5
76,32
77,65
76,32
77,23
77,86
76,6
75,41
76,25
77,16
78,98
80,52
84,93
88,64
87,03
82,9
80,94
78,91
77,58
75,62
74,5
72,75
72,54
73,1
74,5
77,37
78,14
77,37
76,74
75,2
72,4
71,21
72,19
72,61
72,54
74,36
78,14
83,81
83,81
80,24
78,84
76,81
74,22
75,62
74,43
74,15
72,68
71,7
71,7
73,38
73,03
71,7
71,35
70,93
70,44
69,67
68,55
68,76
68,41
70,44
70,65
72,26
74,85
77,65
78,42
78,35
76,74
74,57
72,33
70,44
70,86
71,91
73,03
75,06
74,99
73,66
74,99
75,76
75,2
74,5
74,92
76,11
76,6
77,02
78,56
77,65
77,86
79,75
80,73
80,1
77,86
76,46
73,87
72,54
71,14
72,05
73,24
75,27
74,22
73,66
73,73
74,43
73,38
73,52
74,92
75,34
75,97
77,79
81,01
83,11
82,69
81,01
76,81
75,06
74,36
72,89
73,8
73,17
72,05
65,33
70,02
75,76
76,46
74,15
74,5
73,1
70,93
70,02
70,3
71,14
70,37
71,7
74,29
78,98
79,4
79,33
77,79
77,09
76,88
74,57
73,31
72,12
72,61
73,59
76,25
77,93
76,11
75,41
75,9
74,99
74,92
73,52
74,22
75,69
76,46
78,7
82,41
85,7
86,68
84,58
83,46
81,78
79,89
75,9
74,15
74,85
74,78
71,42
72,19
74,29
73,24
73,24
73,87
75,34
76,18
75,13
75,83
76,53
77,51
78,91
83,46
86,4
85,49
83,88
83,18
81,64
80,94
80,17
79,19
77,79
78,07
78,14
79,89
80,24
79,47
78,7
79,19
80,1
78,56
75,69
75,55
75,2
74,22
76,53
79,12
83,32
84,23
82,27
80,03
78,07
77,02
81,92
76,6
74,36
75,48
75,48
75,97
76,74
74,92
74,22
73,66
74,22
74,01
74,15
75,34
75,76
77,02
78,98
81,15
79,89
78,7
79,89
79,12
77,58
75,55
73,52
71,77
71
71,28
71,42
72,4
72,19
72,82
72,19
72,33
72,05
70,51
69,53
69,95
69,74
69,81
70,23
71,21
72,33
74,22
76,88
78,7
78,42
76,74
76,18
75,27
74,85
72,26
71,91
73,03
75,13
75,55
75,83
75,83
75,97
74,85
75,55
76,11
76,74
76,53
77,72
80,52
82,48
80,38
79,54
77,44
76,67
75,97
75,41
73,52
72,89
72,75
73,24
74,71
76,39
76,39
75,34
75,69
75,9
74,29
72,82
72,68
72,82
72,82
73,45
76,04
79,26
78,77
79,68
79,26
77,37
77,02
77,23
76,25
75,62
76,67
77,3
78,77
81,08
80,24
79,12
78,42
78,28
77,72
77,44
77,86
79,54
80,1
81,5
83,81
86,61
86,96
86,89
86,26
84,02
82,13
79,61
76,18
74,22
72,47
72,26
73,52
74,92
74,08
73,94
74,29
74,01
74,57
76,18
76,53
76,53
77,02
77,3
79,47
80,59
78
73,59
71,07
73,1
72,4
68,55
65,26
65,75
66,59
68,34
70,44
72,4
72,4
71,56
69,88
70,65
68,76
66,73
67,36
67,01
66,38
67,01
71,63
72,54
72,89
73,66
74,01
74,15
72,75
72,26
71,21
72,61
72,54
75,62
77,16
77,02
75,34
75,9
75,69
75,9
73,73
69,25
71,07
71,07
70,44
70,02
70,72
72,47
74,15
77,51
77,44
77,44
75,48
74,01
72,54
71,91
70,3
70,37
70,79
73,38
73,52
72,33
72,05
71
70,51
68,97
69,04
68,69
68,9
69,46
71,35
71,21
73,03
76,04
78,28
79,89
79,89
80,31
79,61
77,65
77,02
76,95
78,14
80,66
80,38
80,52
79,19
78,14
76,11
75,83
75,27
75,27
76,25
76,81
79,33
82,55
84,65
84,58
87,1
85,84
81,57
81,5
78,7
77,16
77,09
77,23
78,28
80,03
79,96
78,21
77,65
76,39
74,92
75,83
75,34
76,25
79,19
80,03
75,9
80,59
81,29
78,28
74,78
69,18
68,06
67,92
66,8
63,65
63,16
63,37
64,84
66,31
65,33
64,7
62,95
63,44
62,53
60,57
61,06
61,2
61,62
62,04
65,54
69,88
72,61
79,19
77,3
72,33
71,42
70,58
68,9
68,83
69,53
69,95
70,51
71,14
70,79
70,23
70,86
70,86
68,27
67,64
66,73
65,82
66,31
66,94
70,02
74,01
76,04
75,9
75,97
75,48
73,8
74,5
74,99
71,56
70,16
70,58
72,26
75,55
74,08
73,94
72,89
72,54
71,63
71,28
70,86
72,68
73,59
75,41
78,91
82,06
80,52
80,03
79,05
76,81
74,64
73,59
71,7
73,1
73,31
71,21
71,7
73,17
73,03
71,49
71,63
73,17
71,07
71,07
71,21
71,21
72,19
72,68
73,87
74,64
77,16
80,38
80,94
79,82
76,81
75,62
74,99
72,75
71,84
71,42
71,63
73,31
73,31
73,17
73,1
73,59
72,75
71,42
72,68
72,4
72,75
72,75
73,94
75,34
76,67
78,07
79,54
81,43
82,9
81,15
77,37
74,99
74,08
73,59
75,2
75,34
75,41
76,11
76,39
76,32
74,99
74,85
75,83
75,97
75,83
77,72
81,22
86,82
86,54
81,57
79,47
78,07
78,14
76,25
74,15
73,38
72,75
73,03
74,15
76,04
76,32
74,78
74,99
75,2
73,24
72,61
72,68
73,87
74,29
76,25
80,52
85,21
84,23
80,8
78
75,27
73,73
71,91
70,72
70,37
70,37
71,21
72,96
74,64
74,29
73,66
73,1
71,14
70,09
69,39
69,04
69,11
69,74
70,16
74,22
79,12
79,19
77,23
75,34
74,08
72,05
70,51
70,44
68,9
69,74
70,3
71,98
73,73
73,59
71,7
71,56
71,7
69,53
68,06
68,41
68,97
69,18
70,02
73,45
77,79
78,91
78,42
77,65
77,37
73,1
75,62
80,24
77,02
74,22
71,84
72,75
73,66
73,59
73,52
73,66
72,68
71,63
70,16
70,72
70,3
70,93
72,05
74,71
78,7
79,26
79,75
79,54
77,79
76,39
75,41
74,43
76,04
74,15
74,5
76,11
78,07
76,39
75,13
75,13
73,87
72,96
71,84
71,56
70,86
71
71,49
72,89
73,73
75,9
78,98
79,89
79,05
76,32
75,06
73,17
72,4
71,98
72,4
73,8
74,64
74,99
74,99
74,5
74,43
73,66
72,82
73,17
74,29
75,13
75,76
76,53
78,42
79,33
81,78
83,18
82,2
80,87
79,12
79,75
77,16
75,76
75,76
75,76
76,11
79,89
78,42
79,12
78,28
77,65
77,79
79,26
80,31
80,52
81,36
85,98
91,51
93,19
87,8
81,57
80,45
81,71
82,55
80,17
78,28
77,23
78,21
80,1
83,39
85,21
79,82
75,27
78,21
77,09
76,04
76,18
76,6
77,23
78,14
82,2
89,76
89,55
82,97
82,06
79,54
78,07
76,25
75,34
73,24
74,08
75,27
76,74
78,49
78,35
76,11
74,92
73,31
72,26
71,49
71,77
70,93
71,21
71,98
75,55
81,85
81,85
77,44
75,13
75,2
74,08
74,22
73,03
72,12
71,49
72,61
74,43
77,3
77,44
75,9
75,97
74,15
71,91
71,35
71,56
70,23
70,3
70,93
73,66
83,04
81,92
78,07
75,9
74,01
73,73
72,75
73,17
72,19
71,42
72,47
74,01
76,53
76,11
75,48
75,34
73,03
70,86
69,32
69,95
69,53
70,37
70,37
73,87
81,78
80,8
76,67
70,02
60,43
59,38
58,68
57,91
56,09
55,46
56,16
57,35
58,61
57,98
57,07
57,28
55,88
55,53
54,76
55,25
54,97
56,3
56,72
59,59
60,92
63,51
64,77
65,75
66,59
69,04
68,27
67,92
64,42
62,53
63,16
62,81
63,02
63,02
60,99
61,13
61,55
61,55
61,2
61,97
64,14
65,54
65,12
67,64
69,25
67,85
67,78
68,06
64,35
62,46
60,64
59,17
57,35
56,72
57,07
58,26
61,83
62,25
61,9
61,9
60,78
59,1
59,87
60,5
61,69
61,55
62,25
68,2
79,19
76,18
73,87
86,4
84,79
84,58
83,39
80,52
79,26
79,96
79,89
82,34
84,72
83,67
82,9
83,53
82,27
80,59
78,98
79,33
80,17
80,31
81,99
86,05
95,71
92,35
87,52
85
82,27
79,05
77,09
81,15
78,7
77,51
79,47
79,82
82,2
81,22
79,47
82,34
79,26
77,44
75,27
75,55
76,04
76,04
77,23
82,41
92,28
91,51
86,12
83,95
82,97
81,15
77,86
77,58
74,99
75,41
75,97
77,65
80,03
80,66
79,33
79,4
77,23
75,55
74,43
75,55
75,9
77,3
79,19
84,79
95,71
93,61
86,12
82,55
79,05
77,51
76,46
75,83
75,76
76,67
77,58
81,71
84,23
83,74
82,41
79,96
77,93
75,62
74,64
74,29
73,87
73,87
74,22
77,37
86,12
85,7
81,36
79,54
78,56
78,07
76,18
75,62
75,41
77,16
76,25
78,21
79,33
77,16
76,11
74,71
73,73
73,31
73,31
73,38
72,96
73,31
74,5
76,04
77,3
81,01
83,04
85,21
83,74
81,22
79,89
80,8
77,3
76,39
77,65
82,13
82,76
82,13
81,08
81,71
81,5
81,29
80,66
81,43
74,36
75,06
75,27
77,02
78,21
78,49
80,8
80,87
78,77
77,51
77,37
77,58
74,99
73,45
73,52
75,83
79,61
79,4
77,79
77,79
75,97
74,01
74,08
74,5
73,73
74,15
75,69
79,82
101,31
81,5
79,89
76,04
73,38
72,26
71,77
70,72
69,81
69,95
70,23
73,03
76,6
76,95
75,55
75,34
73,31
70,93
70,09
70,02
70,65
70,44
72,05
76,53
86,47
85,42
80,31
76,39
73,66
71,98
70,51
69,88
69,11
68,97
69,74
71,7
74,64
74,15
74,99
74,92
72,96
71,21
70,72
71,56
72,54
73,87
75,83
80,87
91,16
89,2
81,85
76,81
74,5
72,47
70,37
69,6
70,23
70,37
71,28
73,66
76,04
77,02
76,39
76,74
73,66
71,63
70,79
71,07
71
71,49
72,96
77,65
87,1
86,47
81,85
78,56
75,9
74,71
72,47
72,05
71,63
73,59
74,64
77,51
77,65
78,56
76,67
75,55
73,52
71,14
70,09
69,81
70,37
70,51
71,49
75,83
85,98
84,58
81,92
80,73
81,36
78,77
75,9
74,78
74,15
73,66
75,2
76,67
77,3
76,39
74,78
72,82
73,24
73,94
73,59
73,17
73,38
73,52
74,08
74,22
75,55
78,14
81,99
82,76
81,57
77,16
76,18
73,8
72,54
71,84
73,59
74,36
76,18
77,37
75,62
74,29
74,15
74,22
72,54
72,54
69,6
69,11
69,25
70,02
71,77
74,36
75,97
75,97
74,78
74,5
72,61
70,37
67,85
66,8
66,66
67,64
71,07
73,38
72,75
72,26
70,72
68,9
69,25
69,81
71,14
71,7
73,17
77,93
88,57
87,45
81,15
74,78
71,7
72,05
69,95
68,48
67,92
68,27
69,11
71,49
74,57
73,87
71
70,79
68,2
66,31
65,33
65,68
66,1
66,52
67,71
72,68
82,48
80,87
75,2
71,56
69,11
67,71
65,4
65,26
65,12
63,44
64
67,5
70,86
70,72
68,41
68,48
65,89
63,65
62,81
62,95
62,95
63,02
63,65
68,83
79,05
76,88
73,24
72,54
71,14
70,23
70,02
70,44
71,49
71,7
74,22
75,76
78,21
77,3
76,46
75,2
73,66
70,58
69,6
69,46
70,23
70,37
71,42
75,48
84,79
84,3
79,82
78,7
76,39
77,44
76,32
76,81
75,41
75,48
77,72
79,05
79,75
83,39
91,09
90,6
89,9
86,54
79,26
75,97
76,95
76,32
79,61
81,15
93,26
95,5
88,64
84,3
81,22
79,61
78,91
76,46
75,55
74,71
74,29
75,55
76,32
77,23
77,44
76,04
76,04
75,69
75,41
75,2
75,34
76,18
77,44
78,98
81,78
81,29
82,97
81,43
79,05
75,9
73,03
71,28
69,81
68,97
70,44
73,24
75,55
75,9
76,11
75,83
75,41
74,92
74,71
75,9
75,41
76,04
77,86
78,77
84,58
86,47
87,31
87,03
93,33
97,32
92
72,05
71,21
71,49
73,31
72,4
73,94
79,12
80,24
79,54
78,35
77,02
78,28
77,65
77,51
77,37
79,33
85,98
105,16
107,26
96,62
86,96
83,11
83,46
81,36
76,81
79,05
79,61
81,01
80,66
82,62
82,13
81,29
80,38
78,21
75,97
76,11
77,58
79,82
81,85
84,86
89,34
102,01
103,13
95,29
87,52
82,13
78,35
75,76
76,46
75,83
75,9
77,09
79,12
81,71
83,18
81,01
78,56
76,25
73,94
72,61
72,4
71,77
71,84
72,26
76,32
87,17
86,68
80,94
78,56
75,83
74,22
73,17
73,45
72,82
77,58
82,69
88,43
91,72
90,04
86,68
88,57
88,29
65,82
65,61
71,07
74,08
79,96
80,03
82,9
96,97
96,06
90,95
90,95
91,44
88,01
83,32
83,11
85,28
83,39
86,96
91,23
94,94
93,82
90,39
92,42
83,88
81,22
81,5
82,76
83,6
84,58
86,05
87,73
100,89
100,68
85,56
86,47
85,77
91,79
89,2
90,74
96,55
94,8
93,33
87,59
88,5
87,8
82,06
82,69
83,11
81,92
78,56
78,28
78,63
78,91
80,17
82,13
85,84
90,11
90,18
88,78
89,97
88,64
86,19
80,24
77,79
77,86
80,03
81,85
81,99
85,35
82,83
81,64
81,85
81,57
81,92
82,97
82,2
83,11
84,37
86,68
92
95,85
95,64
89,97
85,07
82,83
78,98
76,67
78,21
76,74
75,83
79,33
86,75
90,04
85,28
82,97
78,7
74,92
76,32
76,95
76,67
77,02
78,56
81,78
94,59
101,03
97,88
94,87
89,76
87,66
85,98
79,26
79,96
75,34
80,59
83,04
84,23
85,91
82,97
82,41
81,64
79,4
78,98
79,47
79,47
81,15
82,06
86,47
99,49
109,01
100,12
90,25
85
80,38
78,63
70,72
72,75
78,63
78,14
82,62
87,94
86,12
84,23
91,65
93,82
79,68
71,49
77,3
79,75
81,71
84,3
89,9
103,41
103,41
103,06
104,39
94,66
85,56
85,98
91,79
92,56
92,28
94,73
97,04
100,12
99,98
97,18
94,87
102,99
96,97
91,72
92,21
91,09
91,51
95,71
102,78
112,3
115,24
108,87
101,31
93,96
92,56
90,95
86,47
82,41
82,2
86,19
94,8
95,64
94,45
89,06
80,94
83,32
83,81
82,69
81,92
82,97
84,65
86,4
92,14
104,6
105,93
99,91
92,28
87,94
85,35
82,62
81,08
79,05
78,42
79,4
80,87
83,04
84,93
83,6
82,97
83,32
83,04
83,74
84,16
84,23
85,77
88,01
98,65
109,5
99,84
102,64
94,17
86,89
84,3
82,55
81,08
78
77,58
79,33
82,06
84,79
89,13
87,59
87,03
83,74
85,49
84,3
85,49
80,03
81,71
79,75
82,97
87,87
91,23
95,29
94,17
86,26
83,32
80,94
79,26
76,53
73,1
76,67
81,5
83,81
89,76
85,49
83,46
78,98
79,54
81,71
83,74
84,65
86,54
90,04
102,71
115,66
117,83
110,76
102,36
92,77
85,42
79,19
78,63
76,81
81,22
81,92
84,44
86,61
87,8
86,19
83,67
81,36
81,36
81,43
82,13
82,76
83,32
84,37
89,55
100,89
101,03
60,99
81,92
97,18
95,57
94,24
92,42
91,09
89,06
90,04
91,86
94,17
93,82
92,35
94,73
88,43
85,63
86,82
87,45
89,34
91,51
95,5
101,52
118,74
123,15
114,12
104,18
95,08
91,02
87,17
84,79
82,27
81,08
80,87
85,91
93,47
91,72
88,36
85,35
82,13
82,34
81,71
82,06
83,32
80,38
80,66
87,31
99,98
101,52
96,41
95,01
92,84
90,6
87,24
85,07
83,74
84,51
92,84
98,44
99,56
95,01
90,18
87,59
87,52
86,33
85,56
85,84
87,1
88,36
86,89
95,15
108,45
109,85
108,8
105,65
102,43
95,36
97,18
89,27
85,77
86,96
98,72
84,16
88,08
92,98
99,77
84,37
81,01
82,41
82,76
83,95
82,41
82,48
83,46
86,19
88,64
92,63
96,55
97,39
93,61
90,18
88,08
86,47
93,96
105,09
103,55
93,19
85,84
78,7
82,76
81,99
80,31
79,26
79,05
78,49
86,26
86,26
86,05
88,15
90,25
93,19
97,6
100,05
100,19
102,78
101,45
99
94,38
95,71
95,64
97,32
98,93
102,43
102,29
99,42
96,55
93,54
93,89
94,1
94,31
93,33
95,71
102,71
115,87
117,27
110,76
109,08
105,16
97,6
92,63
89,2
86,4
84,93
84,93
88,85
92,91
93,26
89,48
88,01
86,68
84,51
82,97
83,18
83,18
84,72
87,73
92,91
104,11
104,88
100,68
97,53
95,64
95,08
93,54
91,58
91,86
89,55
89,2
91,3
96,34
97,39
94,03
92,35
91,65
89,76
87,45
86,89
86,19
87,03
88,99
94,52
105,93
106,35
101,45
98,79
93,89
95,36
95,43
94,31
92,28
89,69
90,18
92,42
96,41
96,27
92,77
91,09
89,55
87,31
86,05
86,54
87,17
88,15
90,95
96,34
109,57
110,55
105,72
101,31
98,3
95,01
93,4
91,58
89,69
90,6
90,88
95,71
98,93
99,07
95,57
94,38
93,33
89,83
89,27
89,34
88,78
88,15
89,97
96,2
108,24
107,96
105,37
103,76
101,59
102,64
102,92
99,35
97,04
92,14
91,02
95,57
99,42
98,72
94,52
93,05
95,36
94,38
91,93
92
91,79
93,26
95,5
97,74
100,82
104,46
108,87
109,36
106,91
104,53
103,55
100,68
97,88
98,72
100,96
102,08
103,69
103,06
99,77
98,79
98,16
96,76
94,1
94,52
86,4
86,12
86,89
88,36
90,46
95,29
100,61
102,92
103,2
101,59
97,67
91,51
85,56
83,81
84,3
87,45
94,31
96,06
92,77
92,42
90,46
86,47
90,46
87,38
87,59
87,66
90,81
97,95
110,41
111,11
108,87
107,96
98,65
92,14
89,97
94,17
87,87
86,4
89,62
91,86
98,02
96,27
94,24
92,35
92,77
89,06
90,04
89,27
91,65
92,28
95,22
101,52
115,31
112,65
114,89
109,22
106,56
102,15
104,46
102,92
102,22
101,8
105,79
99,98
106,42
105,37
106,21
106,49
105,3
102,08
97,81
96,27
96,27
100,33
102,57
112,02
124,62
130,36
123,78
120,21
118,6
115,52
118,46
118,04
119,44
114,26
114,82
118,74
124,76
124,97
121,33
121,33
118,95
115,59
114,19
114,12
113,84
113,63
115,17
120,84
133,86
137,64
133,16
127,14
117,62
117,48
116,15
109,5
108,31
109,36
109,43
111,11
117,55
118,39
114,05
112,51
111,32
108,03
106,28
106,63
107,47
107,75
110,9
118,46
134,56
138,62
133,16
124,34
111,46
104,74
103,27
103,2
103,13
101,31
101,45
102,78
107,47
108,24
107,19
106,35
104,46
102,64
102,08
101,59
101,66
101,87
103,62
105,72
110,27
115,94
121,05
125,39
127,7
123,78
121,05
119,37
118,46
116,22
113,91
116,5
122,87
123,36
123,36
123,5
125,04
125,25
123,01
123,36
135,33
137,08
139,88
144,5
149,89
151,5
160,11
155,42
148,14
136,8
132,53
123,01
117,13
114,61
114,82
122,31
132,53
136,73
135,75
135,26
131,13
128,26
129,8
131,41
133,93
135,54
140,79
155,84
180,97
190,35
188,46
169,14
152,27
139,67
131,62
126,02
122,73
112,93
115,8
128,96
141,21
143,17
138,69
137,64
136,52
135,96
137,43
140,44
143,1
149,54
154,86
171,38
190,56
200,22
192,38
178,38
173,41
158,99
159,9
158,29
153,88
150,59
153,67
155,84
155,21
152,76
147,44
144,22
138,06
132,18
133,93
133,93
136,66
137,85
143,45
150,1
173,62
182,37
173,06
172,08
166,97
151,64
135,96
128,54
130,78
131,9
133,86
134,49
136,31
132,74
122,31
118,67
116,22
113
112,58
109,36
109,01
109,57
102,22
122,8
149,61
154,16
146,95
142,05
139,04
127,98
128,33
127,14
125,81
128,89
125,95
136,66
144,36
141,14
134,56
129,94
128,26
125,04
125,67
127,63
127,98
137,43
141,21
148,77
168,72
169,84
167,04
155,21
142,82
131,76
131,83
122,66
122,03
122,59
126,65
127,84
126,79
120,91
112,44
109,36
106
103,62
105,93
103,27
102,92
103,2
103,48
106,07
109,01
113
122,59
124,76
126,09
120,56
103,76
100,61
100,54
99,49
118,6
115,59
113,07
108,17
105,23
106,56
103,69
108,66
109,36
109,78
138,55
140,79
143,66
144,29
148,28
151,15
157,59
158,57
155,42
149,05
145,2
141
137,71
131,2
132,04
134
139,39
141,98
135,54
135,82
131,62
127,7
121,96
125,25
126,65
128,96
130,08
138,83
150,8
159,55
157,73
155,21
149,61
143,38
141,28
138,62
134,56
134,91
133,3
137,92
142,19
141,35
136,52
134,98
131,9
119,09
117,62
122,52
121,33
122,1
126,51
133,23
149,12
150,87
152,69
156,75
154,72
156,89
160,39
58,26
133,16
144,99
144,92
152,13
160,46
155,7
148,42
154,23
152,2
147,65
137,5
135,75
136,17
138,06
142,33
157,52
172,57
165,71
169,63
167,18
161,58
158,36
160,46
161,58
153,32
156,26
156,05
157,94
167,46
165,08
159,62
158,64
155,28
159,34
158,85
151,29
151,57
151,57
154,02
160,81
177,4
177,33
172,15
175,79
172,29
169,42
166,27
163,68
163,19
161,79
161,79
165,08
167,46
162,77
163,26
154,51
153,18
146,39
152,76
151,22
145,2
147,65
158,71
174,67
178,24
172,29
173,41
177,96
177,54
174,25
173,9
178,31
175,02
173,55
162,14
158,64
164,38
161,93
155
152,13
147,51
141,42
142,26
147,44
155,91
157,59
153,95
149,68
150,45
158,92
166,62
172,43
171,17
171,45
180,83
179,08
170,05
159,2
162,98
164,59
165,08
156,61
155,49
160,32
154,23
156,26
153,67
147,23
131,76
133,23
131,9
132,67
136,03
140,51
148,28
152,2
148,35
146,67
137,5
133,44
132,11
140,09
139,11
146,67
153,74
150,45
146,6
146,32
133,51
129,17
131,97
133,23
134,35
139,74
146,32
148,77
168,16
173,34
180,13
175,23
173,06
170,68
177,68
176,49
182,23
177,19
161,72
160,11
168,44
166,97
168,65
158,71
156,96
149,68
151,5
151,85
155,56
157,8
162,14
167,04
195,46
199,87
188,95
183,42
183,07
182,58
172,29
170,47
172,5
167,81
168,09
172,08
172,15
167,88
158,57
161,09
151,22
137,01
136,87
135,75
136,38
136,24
140,09
155,63
174,95
170,05
163,54
167,25
167,67
163,54
158,22
148,98
150,52
148,84
146,88
153,81
160,6
159,2
152,55
154,16
149,33
145,34
144,5
146,25
144,85
149,4
153,11
163,47
183,07
188,18
179,57
177,19
167,6
152,48
140,72
145,13
142,68
137,08
143,38
151,64
156,05
155,91
150,03
148,35
146,11
141,42
141,91
131,27
135,82
140,51
147,65
161,58
192,31
207,29
194,13
185,24
159,62
155,63
150,59
150,45
148,56
170,33
163,26
170,12
170,05
161,37
165,78
156,19
159,83
161,02
139,46
132,32
141,49
145,9
149,19
154,44
160,53
164,52
169
170,82
169,84
160,18
146,11
137,29
145,2
146,67
150,52
156,89
155,84
153,25
150,52
148,42
147,09
145,62
142,82
145,76
146,32
148,42
156,05
160,04
165,15
169,56
180,62
187,34
181,25
165,99
171,1
165,71
149,26
143,03
144,5
158,64
167,39
173,83
175,86
170,54
165,78
166,9
162
163,47
169,91
176,49
180,97
185,87
213,59
250,34
249,5
229,76
202,11
174,25
161,44
174,67
178,24
186,22
184,75
184,19
184,75
186,64
187,97
182,3
183,7
189,02
187,48
181,32
178,31
183,07
187,9
189,58
202,32
218,91
230,53
219,26
204,84
209,53
204,56
181,81
180,27
180,83
177,75
182,65
183,7
182,72
177,33
171,38
167,74
163,26
157,1
153,88
148
146,88
146,74
151,85
165,08
219,26
198,33
174,11
174,25
175,3
170,47
168,86
157,94
165,64
166,97
174,04
173,13
166,62
162,14
151,5
148,98
146,04
141,21
144,57
142,33
145,41
147,79
151,29
162,35
192,73
198,26
179,5
168,72
156,61
146,18
141,63
141,35
141,28
130,43
141,7
153,67
146,74
152,55
162,7
161,93
172,15
159,13
153,04
158,22
162,49
167,88
172,36
188,67
201,83
183,84
185,59
184,4
200,43
194,69
174,32
178,94
180,13
183,14
193,08
185,94
186,08
168,02
170,82
166,34
159,2
160,32
168,65
163,47
163,54
156,82
160,67
163,4
171,17
172,22
175,79
182,79
182,72
178,24
168,09
163,54
163,96
166,76
176,63
183,14
173,62
162,14
160,81
156,47
152,83
153,25
151,22
138,55
139,25
139,39
139,6
141,84
146,67
153,46
173,76
169,21
148
158,15
161,72
151,92
148,63
153,39
159,9
166,83
163,54
165,92
179,99
166,69
155,77
149,82
149,89
156,26
158,92
164,31
172,36
195,95
214,64
217,02
211,91
197,98
180,2
168,23
160,74
160,39
161,79
172,29
165,85
171,38
175,23
176,07
174,74
192,87
199,31
169,56
176,35
177,19
179,78
183,98
189,72
206,1
245,79
247,12
233,05
211,42
188,32
173,83
163,61
160,74
160,6
164,94
177,82
189,37
186,22
175,51
179,08
185,1
178,45
176,7
172,01
172,15
177,68
188,18
200,71
220,24
258,46
260,98
243,62
216,46
202,67
191,89
174,74
168,44
167,53
169,49
176,91
183,7
191,75
192,52
170,61
176,21
166,34
166,97
167,95
168,16
164,94
166,48
169,56
183,7
219,68
217,44
211
193,5
191,19
189,02
183,21
182,51
182,16
184,26
183,91
185,73
184,05
178,1
179,57
175,58
168,51
165,36
169,49
179,15
169
164,38
171,1
185,8
206,24
209,67
226,82
208,97
199,17
196,93
196,16
183,28
205,05
204
211,77
204,07
197,28
193,78
187,83
185,94
186,64
182,51
175,09
170,96
171,31
173,27
177,96
182,51
189,51
196,3
215,13
216,95
217,09
204
192,45
176,84
178,8
186,99
203,72
195,6
186,08
176,28
168,79
168,02
170,12
172,01
165,36
177,4
178,8
187,83
192,73
195,53
209,88
216,11
221,57
215,55
205,12
201,41
195,88
187,55
185,66
189,79
209,95
212,12
220,45
221,92
204,84
200,78
200,85
200,92
201,76
206,45
211,77
218,7
227,17
247,75
289,75
287,44
277,01
255,73
229,9
208,69
209,18
192,31
204,98
219,89
221,29
229,2
234,38
234,8
228,36
223,25
216,11
211,56
207,85
209,74
210,86
228,22
236,13
243,41
264,55
271,48
262,52
252,37
250,9
237,39
214,71
200,5
206,38
197,7
213,03
214,57
216,18
209,04
205,19
202,95
195,25
187,69
190,49
192,31
194,48
193,85
200,71
223,67
248,17
245,72
243,13
226,75
203,58
194,2
192,38
192,38
195,67
204
205,4
203,72
209,18
205,19
200,92
203,02
215,27
205,75
198,05
197
200,01
210,09
224,3
245,23
261,12
264,83
247,89
241,1
231,58
233,05
217,58
214,22
211,63
209,25
205,26
205,4
203,51
212,89
194,97
197,56
199,59
196,02
197,42
199,1
201,13
203,3
209,11
223,46
248,24
244,11
237,6
230,67
217,16
207,92
196,93
201,83
198,54
201,69
205,96
206,1
204,07
201,06
196,58
190,56
193,78
193,15
191,89
192,03
192,73
194,76
197,35
200,01
206,03
214,71
226,4
234,73
229,34
224,23
206,87
201,97
203,93
206,1
212,61
211,14
207,92
206,31
204,14
203,3
202,53
200,71
198,05
189,37
191,96
189,44
190,35
197,21
204,98
213,17
224,09
230,18
231,16
230,74
225,35
218,56
220,52
222,2
228,5
233,26
237,25
237,32
234,31
233,05
230,88
228,08
228,71
230,18
231,86
239,28
247,33
256,22
277,99
291,15
292,41
278,34
269,66
255,24
250,83
246
241,52
245,3
243,48
242,71
240,33
239,77
231,09
227,03
227,31
226,33
225,07
225,77
227,38
231,37
232,56
245,79
270,15
281,42
278,41
271,13
263,15
254,89
244,32
242,08
240,96
247,05
245,65
245,86
249,29
242,64
235,64
229,34
222,48
216,11
214,57
216,25
217,72
224,93
230,6
238,3
255,45
255,59
242,29
233,96
221,22
211,7
200,01
196,93
188,11
190,98
189,72
188,67
187,13
181,88
177,75
177,96
173,34
170,05
170,26
170,54
171,31
173,06
177,26
185,66
202,18
205,12
202,11
196,86
194,34
185,24
192,03
194,9
194,62
190,77
186,92
193,29
196,65
195,18
189,51
189,37
186,01
183,42
185,1
185,24
188,53
194,48
203,44
213,73
235,92
245,86
241,1
240,54
232,14
228,01
215,06
208,41
205,26
208,76
216,46
216,32
218,42
221,15
218,98
218,28
214,78
212,54
212,61
213,24
214,22
222,2
229,41
232,77
236,55
242,92
250,34
252,3
250,48
246,28
239,35
230,11
231,79
235,64
237,18
237,95
236,06
235,29
230,81
227,87
226,68
224,23
223,39
220,8
221,29
220,8
220,31
224,51
228,71
235,22
244,11
246
237,11
226,82
220,24
221,43
219,05
218,7
216,81
216,67
213,8
215,06
203,44
203,3
203,44
213,03
222,97
216,81
208,83
211
217,58
230,74
252,16
264,06
259,3
245,23
237,04
229,62
227,17
228,92
235,15
232,91
234,03
230,25
225,21
216,88
210,72
200,5
199,73
204,84
205,54
198,96
202,53
209,67
220,17
236,13
273,37
270,36
269,59
249,99
253
242,36
230,53
234,17
237,81
225,77
207,78
213,87
222,2
230,25
219,19
220,38
201,76
193,29
208,9
212,12
212,89
217,09
227,45
241,17
266,65
260,56
243,55
253,49
249,99
237,53
240,96
232
228,5
223,88
220,73
226,12
228,29
230,39
239,07
233,05
213,24
207,85
207,5
213,87
218,14
222,27
234,66
267,35
296,54
280,09
265,81
275,68
258,25
250,34
228,71
223,67
225,35
231,16
236,83
240,89
243,27
232,63
237,25
236,62
221,15
221,85
232,77
235,64
232,21
235,92
241,94
260,14
293,32
289,68
278,34
267,98
260,42
255,38
249,99
238,51
238,58
242,71
249,22
246,7
246,07
244,74
240,96
240,26
240,82
235,36
230,53
233,61
237,25
249,15
255,87
256,36
256,36
258,88
265,18
275,54
276,73
265,11
245,93
234,1
233,82
235,36
237,04
226,54
224,72
221,29
218,63
213,59
205,54
199,87
184,89
194,48
198,05
203,37
207,71
214,57
224,65
234,38
247,33
251,46
241,17
235,71
222,34
207,57
207,15
226,47
241,31
240,33
242,15
242,5
235,01
228,78
225,77
226,75
230,18
238,09
241,03
250,06
258,74
273,37
297,45
307,11
300,25
291,15
273,65
266,16
248,38
242,36
249,85
254,05
256,57
249,36
254,4
248,03
242,22
233,05
219,82
213,1
207,85
211,07
205,82
211,98
226,26
245,79
263,29
260,21
254,89
246,77
231,93
237,53
222,83
214,15
224,09
223,81
216,46
224,16
216,39
216,67
206,45
203,02
195,6
198,47
185,52
195,74
200,36
203,86
204,7
214,5
237,88
231,72
222,9
217,86
223,04
222,97
217,72
221,36
222,62
204,21
208,97
209,95
205,47
203,02
200,43
187,62
185,03
183,35
184,05
184,68
185,66
188,18
190,7
204,56
226,68
228,78
224,65
223,53
208,69
207,99
208,48
213,94
213,03
212,33
212,12
204,77
207,43
210,86
205,68
205,26
201,83
216,04
214,64
214,01
216,25
229,9
232,21
244,53
265,81
281,77
267,14
251,18
242,85
236,2
235,36
236,76
241,24
240,33
240,61
233,82
236,41
232,84
226,89
222,83
213,03
204,28
202,11
201,69
206,31
211,84
217,65
224,44
231,65
240,4
249,92
263,29
264,69
246,77
219,89
217,51
230,18
240,54
261,19
251,81
256,43
250,41
228,22
225,77
236,27
233,26
235,92
205,26
208,27
215,27
231,51
228,92
240,89
247,19
252,23
255,52
245,72
242,22
236,34
227,87
211,98
233,12
238,44
232,07
224,93
214,99
210,09
210,23
214,22
221,43
221,71
219,47
218,42
221,22
230,11
244,46
284,29
284,36
275,33
262,17
251,46
236,83
237,81
236,41
242,15
245,09
245,58
243,62
234,24
226,89
219,4
214,5
218,84
215,62
209,32
214,5
218,49
224,58
234,8
245,44
273,16
267,7
266,23
256,29
252,44
246,14
243,83
236,69
234,45
242,71
240,75
237,95
239,56
234,66
226,82
217,44
215,41
217,02
215,41
213,59
216,81
221,99
229,2
241,24
266,51
273,16
264,48
253,77
249,36
248,8
247,33
247,05
247,05
245,3
240,89
234,31
227,94
221,64
218,07
216,81
214,01
205,05
206,94
211
212,54
211,28
216,88
236,13
242,36
245,09
234,17
231,23
241,38
240,12
235,71
227,59
231,51
245,86
235,99
226,54
223,74
219,75
213,17
204,98
208,41
207,64
211,07
208,83
211,28
212,33
216,81
231,16
261,89
253,91
240,47
242,92
242,01
238,02
234,59
232,14
231,79
228,64
225,28
220,52
215,69
207,85
202,95
204,91
209,18
209,95
212,61
214,08
214,43
221,01
228,78
234,24
242,15
250,2
261,19
265,18
274,91
255,17
221,85
215,13
218
240,19
245,86
230,32
229,97
227,03
220,38
220,8
214,78
208,9
214,15
242,85
243,41
251,39
260,77
270,64
284,08
293,88
303,89
311,45
295,21
274,77
261,75
256,71
250,55
261,47
266,23
267,98
263,85
263,36
255,73
249,85
248,03
248,94
258,95
259,09
256,36
264,55
273,3
289,61
303,61
309,28
301,72
299,13
295,7
287,93
285,2
276,94
271,97
266,3
258,11
261,19
256,01
253,35
242,43
241,1
239,28
236,41
229,48
234,66
244,74
246,28
255,87
277,57
309,49
310,68
301,72
293,88
279,81
267,07
267,56
263,71
255,24
251,32
248,52
241,03
244,25
236,41
229,55
227,66
221,36
212,75
206,1
207,5
211,91
216,39
218,84
232,42
257,83
255,73
249,08
242,64
238,51
233,19
233,05
227,24
224,37
219,26
216,32
211,56
206,73
205,4
205,26
201,76
203,37
211,21
203,23
204,91
205,05
205,96
213,52
225,77
246,28
264,41
254,12
246,42
229,48
228,36
225,91
221,36
223,88
223,53
228,64
221,36
218,91
207,64
205,4
215,41
218,14
211,56
208,34
203,79
205,82
217,93
225,98
236,83
254,89
270,85
277,99
253,91
236,34
233,4
236,9
232,21
226,82
224,65
219,4
215,06
214,92
207,57
202,74
200,43
195,25
184,96
182,23
186,36
188,04
190,7
192,94
197,77
208,27
214,57
229,69
230,11
228,29
212,12
200,01
195,39
195,81
198,26
195,39
187,34
195,46
190,7
176,7
177,05
178,24
181,32
181,32
179,5
181,39
186,22
185,73
191,26
198,82
204,91
198,54
204,35
208,13
209,04
207,78
205,75
201,62
197,35
194,06
189,93
187,27
192,8
187,06
183,28
183,56
183,56
183,35
180,2
177,89
177,05
178,45
184,47
190,42
194,9
197,91
205,05
217,23
218,49
207,5
202,53
199,24
196,58
195,25
204,63
197,63
188,18
185,24
177,19
172,5
167,74
162,91
166,55
173,97
180,41
184,26
191,54
202,46
210,44
217,02
223,95
229,62
230,11
225,21
217,09
215,41
209,53
210,44
211,84
213,03
212,47
208,55
206,87
204,35
201,83
206,52
208,41
209,53
217,86
227,24
250,13
267,98
273,23
271,76
271,13
260
246,42
238,86
237,74
236,62
232,35
229,62
222,2
219,47
217,51
204,7
202,39
202,39
200,64
194,9
198,61
206,66
212,82
227,66
233,47
242,01
251,25
268,61
264,9
261,26
234,03
220,94
214,36
216,81
227,94
234,66
226,54
230,74
227,31
228,99
220,17
216,11
220,59
225,91
229,41
222,97
233,82
239,84
246,21
255,38
264,97
267,77
276,59
247,05
236,06
238,72
240,4
237,18
234,59
237,67
239,35
243,34
233,68
221,92
221,15
226,12
236,83
242,43
240,12
236,06
240,12
246,49
254,75
257,2
257,69
266,79
275,33
269,8
261,89
253,63
243,13
246,98
247,75
240,26
236,13
232
229,06
218,56
207,22
205,4
211,35
223,67
228,29
213,87
217,37
227,59
236,13
239,63
243,06
260,07
269,94
267,7
254,68
247,61
235,71
240,12
245,3
248,31
236,48
216,18
207,71
201,27
196,58
197,98
201,76
220,03
228,29
213,87
217,37
227,59
236,13
239,63
243,06
260,07
269,94
267,7
254,68
247,61
235,71
240,12
245,3
248,31
236,48
216,18
207,71
201,27
196,58
197,98
201,76
220,03
