111,968
100,384
111,882
107,543
102,934
102,723
102,306
107,895
108,376
91,402
96,442
73,875
75,732
84,982
83,994
109,701
116,750
123,372
130,505
126,638
120,904
118,083
110,715
98,727
91,539
92,112
95,906
95,723
97,982
102,050
111,308
104,537
115,570
117,364
120,725
121,674
121,786
121,338
119,058
130,736
134,380
134,902
127,335
129,993
126,475
121,152
115,535
110,263
104,744
101,432
100,121
98,843
101,709
103,757
115,348
115,191
123,316
121,845
123,501
122,138
124,360
125,165
123,456
133,325
140,298
144,560
140,246
134,106
126,320
118,086
115,971
109,127
103,473
101,841
101,491
100,241
101,499
103,944
115,278
126,638
138,482
133,363
133,458
135,086
131,368
135,966
136,876
136,329
141,884
146,581
142,233
137,260
129,192
124,480
116,748
109,640
105,094
103,286
101,737
101,504
103,455
105,991
116,316
113,287
120,450
119,701
122,550
122,341
124,238
121,664
122,375
131,546
139,650
143,539
141,147
134,553
126,507
120,696
118,793
113,294
107,933
105,357
105,568
105,647
105,127
105,896
108,075
110,938
117,222
120,075
123,225
123,613
122,587
123,428
124,381
123,817
130,007
138,705
136,836
129,995
123,775
119,712
115,328
111,291
107,591
103,670
100,773
99,349
99,397
100,071
102,455
105,222
108,055
110,370
113,885
115,388
116,632
117,170
118,047
120,008
125,582
132,614
131,100
126,288
121,402
117,854
110,467
99,405
95,200
100,252
97,034
96,952
98,989
102,520
115,945
135,815
146,552
144,806
142,792
141,398
141,005
144,542
144,959
135,249
138,518
141,645
140,777
132,297
124,423
117,406
110,294
103,929
99,434
94,527
88,905
96,388
97,263
103,430
115,731
120,220
128,415
129,427
129,611
126,344
126,336
124,990
122,985
127,276
130,041
133,595
131,182
124,056
118,130
112,992
103,223
93,540
93,988
95,989
94,181
95,132
97,417
107,164
118,183
110,276
124,673
123,851
128,036
128,798
128,035
132,474
125,882
137,101
132,685
127,697
133,542
137,882
129,742
122,970
115,202
106,643
103,255
98,755
98,955
95,195
94,407
94,525
105,435
121,745
131,054
130,679
131,611
132,937
132,907
131,396
127,579
129,582
132,959
136,972
136,474
130,404
118,679
112,903
107,485
99,836
96,874
97,170
97,288
94,916
98,566
104,587
111,567
125,153
130,498
129,285
135,144
132,986
131,351
127,631
123,442
123,227
131,594
134,951
129,950
125,552
121,441
116,290
109,136
108,901
101,919
99,386
96,463
94,387
94,268
97,168
99,929
105,266
109,122
111,991
116,222
111,247
108,087
114,162
113,244
114,881
121,897
126,342
125,226
119,530
114,167
110,931
107,649
104,093
99,592
96,743
95,745
94,342
94,023
94,705
96,683
98,845
103,892
102,247
102,802
103,444
103,767
103,234
105,289
106,272
115,317
126,609
119,989
119,090
111,097
108,519
104,231
97,747
92,688
92,329
91,043
90,760
92,362
96,524
106,208
114,450
121,426
121,781
124,572
122,923
123,676
124,206
120,714
121,064
133,629
139,156
134,661
130,069
124,368
121,806
115,056
106,850
102,046
99,481
99,135
97,474
98,006
101,751
112,319
127,175
132,730
129,459
130,948
131,817
131,059
131,129
131,055
127,175
130,141
136,564
134,355
127,850
121,538
116,759
114,752
107,797
104,130
100,783
99,244
98,596
100,582
104,144
110,628
127,845
136,492
135,996
133,066
127,914
124,889
125,148
120,494
125,591
129,658
134,164
129,503
123,860
113,798
110,235
105,354
98,071
90,848
90,962
90,406
89,462
89,342
93,745
105,759
112,713
119,921
119,168
121,009
120,820
121,158
121,010
120,763
126,961
131,740
137,140
131,191
120,501
117,908
118,534
114,257
107,974
103,969
100,630
100,862
101,083
102,137
105,129
116,591
125,065
130,542
129,292
133,585
134,422
132,764
129,226
123,423
124,575
126,725
133,754
132,041
125,640
118,576
113,002
108,703
105,098
100,996
100,113
98,108
100,293
101,681
104,040
105,736
105,151
111,717
115,059
118,643
117,901
120,579
122,311
121,239
120,810
126,017
132,938
131,225
123,005
119,640
116,734
114,009
108,943
104,248
101,577
99,745
93,734
92,128
92,572
94,620
96,137
98,496
100,496
103,822
107,230
106,215
103,827
102,668
99,122
104,798
114,991
115,254
111,162
107,380
105,219
100,734
96,004
92,619
90,097
90,173
89,101
91,097
96,382
107,979
118,246
125,243
125,587
126,428
127,377
120,190
125,260
123,942
129,467
130,337
139,156
135,017
130,129
121,652
113,098
111,023
103,511
98,493
94,165
89,549
88,973
87,542
86,822
98,106
112,221
113,174
116,964
122,195
120,774
116,573
118,467
114,545
107,020
114,880
127,840
124,119
117,682
113,468
107,378
101,969
92,034
85,685
87,436
86,226
85,150
87,556
92,175
102,573
116,835
122,486
120,371
121,886
126,937
125,546
125,584
123,465
118,457
118,459
126,773
124,795
118,808
111,025
105,643
97,592
91,256
86,103
82,792
80,719
78,783
79,015
84,652
97,973
112,129
118,923
118,164
116,714
119,211
120,222
120,685
121,198
115,344
116,545
124,957
122,420
117,933
112,278
106,444
100,153
91,865
87,232
83,393
83,728
81,599
82,952
87,282
99,703
115,423
121,643
121,472
117,588
117,966
122,032
119,034
114,078
108,202
111,436
125,960
117,841
110,819
106,473
103,834
103,149
98,353
98,009
95,349
95,017
94,268
94,190
94,746
94,947
96,612
98,753
105,045
107,907
107,978
106,872
105,959
103,675
101,698
106,003
116,843
116,153
110,282
105,340
102,129
99,795
96,824
93,399
89,186
88,228
89,988
89,968
89,954
91,362
94,341
99,125
101,830
105,292
107,661
103,664
100,617
99,567
99,595
102,835
114,131
113,676
108,492
105,227
102,760
94,603
89,272
83,883
81,720
80,146
80,497
82,978
88,359
105,018
122,688
129,021
130,168
132,815
131,122
129,162
126,462
123,947
120,201
119,436
128,704
124,328
120,169
113,639
108,316
95,049
90,936
85,527
83,555
82,592
81,666
85,023
89,695
103,058
115,319
111,474
120,539
121,594
122,429
122,459
124,453
122,601
119,025
118,322
127,420
123,646
118,042
111,828
104,699
100,224
92,435
88,872
88,816
85,403
86,544
88,433
92,055
103,114
118,259
124,692
127,160
129,513
130,614
132,182
131,007
126,999
123,281
120,624
128,473
125,829
120,702
112,169
108,143
103,405
96,500
91,358
90,795
89,959
90,511
90,922
95,534
107,517
123,958
129,412
129,417
129,551
130,041
133,014
133,478
130,888
126,414
127,039
130,506
124,837
124,773
118,121
111,941
106,255
99,888
94,245
91,084
91,284
90,866
92,346
96,457
107,275
123,370
128,269
125,612
127,356
126,447
129,576
130,187
128,301
122,381
123,753
132,793
132,675
125,801
117,649
113,224
109,785
103,973
100,268
96,734
95,290
94,401
91,614
85,662
89,943
94,078
97,270
102,065
105,106
105,725
104,482
103,673
102,116
101,295
103,432
112,013
110,600
108,528
103,355
100,192
97,422
92,901
89,851
92,616
91,979
91,726
92,347
92,178
94,828
97,954
100,130
94,204
92,815
102,583
106,569
106,329
105,234
106,130
109,693
120,417
118,739
114,928
107,583
105,515
99,779
94,851
89,549
86,791
88,582
88,351
91,564
90,875
103,841
115,911
117,471
119,906
127,918
129,672
130,172
129,766
127,265
126,509
125,228
134,436
131,712
126,243
124,487
119,325
110,591
103,357
99,891
98,724
96,935
97,049
97,397
97,925
110,420
121,126
127,105
127,847
126,264
122,846
121,944
123,276
123,782
122,894
125,196
139,084
136,758
132,832
126,348
121,447
116,039
108,880
103,118
100,490
100,684
99,839
100,559
99,114
111,898
119,395
127,361
131,623
133,587
132,714
132,874
133,296
129,930
125,747
125,513
139,273
141,271
134,900
129,379
123,153
114,552
105,516
99,765
97,447
95,447
95,448
98,678
103,103
112,779
118,490
122,679
123,265
124,522
124,377
126,042
125,864
124,226
124,171
122,909
129,255
135,711
131,751
123,606
120,375
113,023
99,253
100,389
99,411
96,333
99,182
98,984
102,990
116,450
132,782
138,367
139,890
140,701
141,693
139,103
135,822
128,170
126,911
121,531
131,155
134,112
128,790
123,708
119,321
112,759
108,437
105,301
103,893
102,241
100,647
99,631
100,880
103,044
106,877
109,051
115,860
121,760
123,291
122,811
119,489
119,299
113,647
107,019
117,312
127,746
124,030
119,353
113,998
109,317
101,816
94,358
89,788
89,477
90,117
94,370
98,450
99,993
103,062
104,657
107,040
109,775
110,324
107,094
105,152
105,703
106,171
108,343
121,076
119,303
112,746
107,553
109,417
108,677
102,248
99,147
97,032
96,890
96,747
97,271
103,149
115,909
130,123
129,909
129,496
130,172
131,797
133,422
137,201
131,000
128,596
128,895
138,262
131,312
127,579
121,546
115,298
108,158
100,597
97,627
97,584
101,117
101,419
103,915
107,775
119,377
119,994
123,960
124,193
124,273
122,116
122,049
123,517
121,975
132,799
128,922
137,589
135,944
132,610
127,672
121,610
114,055
106,815
100,907
99,411
92,171
92,543
99,860
100,703
103,728
115,852
120,337
119,179
120,725
119,175
118,600
118,378
117,837
128,276
129,760
136,703
136,360
127,989
121,083
115,747
115,514
109,279
103,921
101,473
99,748
101,098
102,128
106,146
112,811
116,053
129,321
133,053
133,344
133,736
125,291
132,275
131,674
136,476
134,573
139,012
137,733
133,680
126,750
124,425
117,118
109,081
103,437
100,707
103,368
103,417
104,004
108,503
121,351
134,948
139,645
139,180
140,968
141,457
137,695
131,906
130,653
131,153
129,810
138,372
140,044
133,670
126,179
122,901
117,447
112,214
107,458
104,930
104,406
102,036
100,614
100,854
100,679
100,992
102,399
114,620
119,040
119,737
119,377
119,932
120,291
119,150
118,920
126,471
129,218
123,334
118,698
116,420
112,641
109,533
104,228
93,964
96,314
95,254
89,193
90,644
89,596
90,921
92,906
98,951
104,973
106,614
106,475
107,032
111,345
110,340
111,132
117,279
126,041
123,328
119,095
113,231
107,222
102,707
99,486
100,228
101,132
101,220
101,588
102,839
109,346
105,236
111,437
117,064
121,096
122,559
122,908
121,380
121,562
133,667
137,020
137,692
135,531
135,478
132,636
127,475
121,063
115,586
103,683
102,657
100,888
101,133
100,918
103,936
112,926
111,626
116,760
120,756
125,058
124,695
124,094
122,527
121,722
133,168
127,786
129,730
135,338
134,144
130,979
122,716
117,271
113,042
107,285
105,662
104,403
70,988
59,291
64,379
76,806
92,303
98,228
104,683
113,334
117,475
112,876
116,666
114,200
126,477
122,439
127,386
132,040
122,341
110,843
107,549
106,383
101,862
93,740
88,337
86,339
83,469
86,041
85,941
87,501
92,572
95,279
102,790
108,447
107,751
108,383
106,411
104,690
103,980
103,232
109,124
109,814
104,669
104,320
101,044
98,209
91,782
89,610
86,134
88,755
87,511
86,242
88,389
89,636
91,552
94,786
100,535
104,495
106,230
116,488
117,309
113,853
108,012
105,536
113,770
121,073
116,775
108,849
105,881
96,587
94,805
86,663
88,265
85,338
86,272
84,906
86,516
70,751
55,496
65,536
70,800
80,410
85,633
89,586
89,394
92,433
90,373
92,657
107,162
108,411
99,479
105,523
103,282
98,517
95,078
88,431
79,683
77,262
76,491
81,226
85,873
88,049
90,193
92,735
93,765
101,304
106,524
107,466
111,073
112,210
107,638
108,192
117,093
120,627
118,107
116,112
107,787
98,114
97,992
98,116
97,589
96,660
96,629
93,878
98,066
110,289
121,642
126,505
128,394
132,073
134,293
138,829
143,941
142,560
134,543
136,366
141,942
142,887
138,235
131,178
126,880
120,022
113,263
108,413
105,604
101,287
99,798
96,061
105,180
118,346
117,420
119,493
124,041
126,834
125,035
124,529
128,275
125,536
127,835
128,478
129,983
133,598
130,142
124,774
117,696
108,941
99,927
97,559
95,326
95,029
95,225
95,790
94,835
100,947
105,978
112,111
117,474
121,241
122,895
124,359
122,548
119,904
129,643
128,704
132,236
137,792
133,678
126,682
121,369
112,983
100,792
92,378
92,861
92,555
92,429
94,052
97,248
108,502
110,070
110,622
110,364
114,631
116,649
116,658
116,807
117,979
125,118
126,648
129,447
133,872
129,641
123,803
118,302
116,289
109,841
101,193
95,063
89,699
90,724
92,387
96,382
108,487
115,681
122,879
122,679
123,358
123,217
124,282
123,328
120,216
115,778
111,829
118,810
126,784
125,516
120,006
111,586
102,230
93,127
86,458
83,192
82,589
82,184
81,765
82,685
86,614
90,687
96,528
101,496
105,881
107,447
105,451
103,044
104,398
102,701
99,102
109,790
116,100
113,034
108,577
103,295
97,783
90,449
86,947
79,897
84,071
84,598
83,748
80,116
80,925
82,873
84,006
93,349
96,172
97,573
94,350
96,602
97,493
96,862
96,125
99,291
107,469
107,687
105,228
101,696
95,763
89,395
85,571
84,979
83,954
83,283
85,756
89,864
102,831
107,567
112,887
113,877
115,462
116,113
116,304
115,888
114,321
119,094
118,123
120,364
121,220
117,696
114,586
108,212
98,258
90,483
86,027
87,934
87,613
87,232
88,714
92,010
103,303
108,524
114,961
115,304
115,814
117,715
118,945
120,306
118,907
129,595
126,699
127,962
128,936
124,871
124,030
118,422
113,248
106,382
98,308
98,142
90,678
91,648
97,164
101,516
114,075
111,136
115,968
117,915
121,229
120,951
120,962
120,127
116,777
120,621
120,078
122,719
123,703
125,237
124,413
117,360
111,902
104,448
97,949
94,842
91,030
87,262
91,235
100,288
112,714
108,567
114,901
117,717
119,017
117,949
118,237
118,082
115,090
120,245
118,838
119,374
123,238
127,502
122,712
118,226
109,884
102,988
98,985
96,592
92,696
87,932
93,994
98,019
105,076
109,799
117,904
121,752
120,831
119,515
122,722
122,866
116,097
114,458
112,986
113,191
116,162
121,274
116,078
112,272
106,048
100,758
94,536
87,886
91,268
90,239
90,441
91,282
93,650
96,686
101,913
106,424
110,341
111,168
111,366
108,727
106,783
100,050
105,010
114,750
118,186
114,897
109,551
107,496
103,892
99,823
96,236
92,703
91,193
90,790
89,623
90,628
89,443
85,267
95,513
97,065
96,265
98,584
97,887
96,509
101,218
97,767
102,623
106,794
115,812
112,912
110,951
101,983
103,885
98,821
92,781
91,940
89,573
89,342
91,150
93,574
104,305
102,423
109,846
113,013
115,437
116,086
116,123
116,225
112,604
121,889
120,721
122,813
124,230
124,191
119,497
115,774
108,561
101,380
95,844
94,581
92,748
91,709
92,473
97,191
107,523
102,719
111,298
114,716
118,667
117,236
117,071
115,772
114,029
117,491
113,861
113,363
113,709
114,409
112,226
106,371
105,162
97,859
92,350
91,498
88,617
86,015
92,682
94,792
104,296
102,747
108,093
109,488
112,277
112,725
112,401
111,044
108,128
113,332
111,771
114,082
117,770
117,329
111,728
111,524
106,664
99,920
93,308
91,152
90,522
89,513
88,690
92,944
104,276
104,692
110,922
113,787
115,294
111,198
110,496
109,229
105,964
110,387
108,038
109,116
112,049
120,907
113,913
110,796
103,519
92,625
85,579
82,346
80,841
81,357
82,485
86,259
97,789
109,170
113,753
116,511
124,121
125,507
124,492
121,275
117,406
112,395
112,367
115,063
118,003
113,453
106,910
98,749
96,835
95,161
93,055
89,887
88,982
87,143
88,381
88,565
86,033
89,063
95,201
104,583
108,153
107,525
106,916
106,572
104,511
103,273
104,122
108,364
111,639
112,655
107,800
103,642
100,458
96,773
92,048
88,461
84,607
84,133
85,040
87,523
88,548
89,659
93,505
96,402
99,312
97,685
98,255
100,727
99,343
99,726
100,278
103,110
107,431
106,723
102,700
103,158
100,263
95,898
87,466
85,141
85,053
84,198
86,721
92,659
101,965
108,004
116,094
118,625
121,456
118,831
118,377
118,932
115,709
115,309
112,683
115,773
115,555
119,662
115,294
111,459
104,301
99,035
90,766
96,323
95,449
94,445
95,635
99,114
107,837
109,892
115,160
118,189
121,574
119,325
118,620
117,493
114,415
113,164
110,272
112,376
112,324
119,694
116,215
110,762
105,925
98,902
93,031
90,424
87,915
89,198
91,047
97,644
105,221
111,680
116,026
119,088
119,910
118,511
118,443
120,383
116,443
112,515
108,431
110,476
110,217
117,962
114,127
109,425
100,163
91,039
85,987
89,537
87,457
87,425
88,545
94,677
103,267
101,909
104,920
106,270
110,908
116,747
117,237
112,471
114,087
110,334
107,696
110,415
111,829
111,466
105,940
101,889
95,514
91,033
85,245
82,753
82,994
82,274
83,506
88,414
98,570
110,166
115,535
116,044
121,501
120,887
119,907
117,134
113,504
107,478
106,871
110,208
111,572
110,333
103,634
100,298
95,697
90,894
85,685
83,390
83,341
81,772
80,181
83,291
84,171
87,707
93,074
97,861
99,842
99,594
100,555
99,275
97,401
96,308
96,942
100,340
98,879
100,977
98,539
96,239
93,166
89,857
83,418
81,187
80,000
78,936
78,927
78,647
79,606
78,215
81,496
85,713
89,409
90,016
88,901
90,107
88,440
88,275
89,630
95,141
96,773
96,337
101,137
97,612
92,772
87,123
81,722
77,494
78,562
82,671
82,445
85,577
94,569
106,712
113,215
116,528
125,168
120,813
117,906
125,118
124,069
112,529
102,018
109,958
108,136
109,535
107,200
108,168
92,983
93,664
81,901
89,336
85,102
81,097
83,673
84,956
100,355
106,466
113,804
122,758
123,033
123,531
123,220
125,173
122,562
112,742
106,481
111,335
113,967
113,478
113,689
112,645
106,249
96,769
86,789
83,906
85,121
84,151
88,276
96,346
105,346
113,314
113,080
115,402
118,391
119,534
122,086
112,205
122,613
116,438
114,898
108,909
114,642
111,685
111,065
108,328
101,398
91,617
81,870
79,639
78,953
77,002
77,261
81,752
94,142
104,289
112,685
113,127
107,234
111,328
112,044
113,121
109,656
111,371
107,688
109,422
105,803
101,946
106,248
101,654
94,526
87,752
84,525
83,051
82,741
82,624
84,542
87,350
103,022
108,995
117,617
117,443
115,052
112,707
115,568
120,215
115,343
111,865
109,772
106,134
103,405
100,202
96,527
97,854
93,793
89,750
84,882
81,868
77,739
78,025
81,712
82,769
85,290
86,738
92,154
96,606
99,741
98,983
97,511
97,275
95,772
95,546
95,646
96,547
97,875
96,537
99,432
98,149
94,488
91,055
87,407
84,901
83,549
80,403
79,732
81,849
81,854
84,988
89,834
92,997
95,310
95,482
95,326
94,149
93,254
91,981
91,866
94,777
96,330
95,775
100,004
98,720
92,659
88,595
85,134
83,322
81,144
82,445
81,367
82,893
92,495
101,422
109,137
113,493
118,036
124,695
124,247
121,845
116,138
109,141
107,466
113,745
106,320
107,083
112,477
109,286
103,607
97,609
92,051
88,869
87,326
84,439
83,870
86,306
93,170
100,611
112,540
117,572
121,430
120,172
117,172
116,760
112,892
110,190
106,705
115,115
110,337
105,908
107,310
107,360
105,107
96,244
93,811
92,066
93,681
91,973
91,781
93,298
101,236
109,754
111,383
112,509
118,751
117,544
116,780
116,593
114,329
110,727
106,458
106,520
103,072
100,779
103,037
102,238
101,217
100,066
96,079
91,475
89,461
85,920
92,381
93,919
95,404
94,958
98,710
104,788
106,759
107,960
108,728
108,117
106,592
105,029
104,438
106,894
105,749
101,504
104,662
105,639
102,026
93,623
86,738
83,999
83,474
85,403
85,443
90,183
93,586
95,728
98,212
101,707
103,192
104,302
104,006
101,467
96,246
97,122
102,476
103,449
99,185
96,860
100,112
100,490
99,560
98,097
92,633
90,499
91,139
90,730
89,930
90,376
89,492
92,355
97,101
100,075
100,540
101,397
102,868
101,866
101,179
101,912
101,275
103,867
103,298
101,060
103,833
102,919
99,526
96,210
92,994
89,836
89,848
89,059
88,608
88,107
87,286
88,467
88,815
91,160
94,811
98,782
98,623
97,461
97,517
95,802
100,298
104,297
104,128
103,131
104,428
101,028
98,950
95,893
92,656
89,099
86,928
87,931
88,375
90,209
91,862
93,244
97,657
100,843
104,563
105,853
106,027
102,621
104,045
102,674
104,275
108,643
109,356
107,839
108,402
107,122
102,310
97,440
93,639
92,399
90,932
91,555
92,602
96,788
106,274
118,595
124,566
127,192
126,694
132,294
131,625
128,331
127,091
122,910
118,920
118,046
117,058
115,489
116,049
113,748
107,469
100,625
96,258
93,465
91,391
91,568
92,413
96,567
104,332
115,841
123,433
125,878
128,906
129,676
127,987
130,476
125,150
120,078
117,843
119,693
114,465
107,432
108,973
110,266
105,061
95,498
89,504
88,036
90,890
89,003
89,486
92,226
98,850
109,035
117,217
121,887
126,782
126,116
128,196
130,281
122,040
119,354
115,179
119,855
113,683
108,447
106,325
107,528
105,654
94,138
87,957
85,256
84,062
84,571
85,445
89,927
97,663
109,405
116,413
121,845
122,388
122,358
122,183
121,842
115,189
110,610
108,704
107,748
106,135
102,672
101,992
103,995
99,923
94,976
93,330
91,595
90,272
89,374
89,225
90,388
88,945
94,912
100,363
105,790
107,408
106,223
105,658
103,535
102,565
101,753
102,262
103,787
103,479
100,052
96,176
99,298
97,305
94,037
89,274
88,163
87,055
85,882
82,450
84,918
79,299
81,323
86,961
89,986
92,013
94,743
94,196
94,928
93,883
94,339
96,163
100,213
100,784
98,271
97,237
95,521
92,769
92,860
88,520
85,298
85,283
83,815
86,705
90,195
99,617
109,231
116,476
118,723
122,354
123,261
123,097
123,076
119,066
118,449
115,840
115,806
113,503
110,777
109,516
109,215
102,149
95,344
91,012
89,109
89,611
88,725
89,462
91,989
97,937
111,188
118,254
119,932
121,939
121,710
121,768
122,651
121,918
121,070
120,625
120,279
114,333
111,729
109,093
107,262
107,970
102,130
97,163
92,558
91,571
90,892
92,041
94,852
102,430
115,329
121,748
127,627
129,063
132,166
130,970
130,569
131,098
126,422
117,609
119,731
114,548
113,442
119,068
120,211
115,039
104,504
102,916
100,500
96,971
93,211
94,805
104,738
112,359
110,364
126,162
128,705
139,048
136,703
136,148
134,290
128,982
123,423
120,844
122,595
120,621
115,946
114,516
120,102
115,238
105,922
101,573
99,779
99,867
99,352
100,256
103,452
109,506
121,523
127,822
130,716
134,462
135,600
132,471
133,608
124,781
124,284
121,794
117,059
116,105
112,775
109,021
105,505
102,977
102,223
99,005
97,321
96,753
95,098
91,136
93,475
89,680
92,965
97,068
106,762
110,169
109,464
109,114
108,193
106,168
105,536
106,211
109,483
110,258
107,515
106,574
109,849
105,504
100,795
97,023
96,270
95,515
94,998
94,932
88,431
87,889
93,735
98,379
101,967
107,451
110,399
109,228
106,326
106,476
106,951
107,859
113,608
108,391
113,187
115,795
116,384
108,011
103,248
94,307
97,787
97,468
96,817
97,871
100,436
110,204
124,704
132,071
132,952
137,358
138,214
134,964
135,742
132,762
127,569
124,541
126,918
124,133
121,249
119,975
119,013
111,620
105,781
101,228
98,963
97,976
98,229
100,177
102,491
112,084
123,887
129,801
134,377
137,719
138,520
137,353
136,892
135,401
128,078
127,088
128,718
124,294
115,553
113,789
108,670
114,766
106,078
100,716
100,680
92,861
93,272
94,850
97,660
105,582
117,923
128,883
129,041
130,627
126,722
124,927
127,617
134,646
128,330
125,458
125,813
118,016
119,174
115,832
118,286
115,842
108,468
102,575
100,611
99,369
98,543
100,311
101,549
109,265
121,841
127,493
129,897
133,847
133,296
130,099
129,618
126,454
124,385
124,072
123,843
121,541
116,723
114,722
116,188
112,742
106,777
98,383
97,993
97,588
96,614
97,429
101,233
108,699
119,223
127,526
130,259
132,529
132,407
129,186
124,543
122,507
116,112
113,563
112,541
111,674
110,677
107,244
105,539
102,387
98,733
99,124
95,468
87,606
94,650
97,717
96,491
92,799
98,600
99,162
102,643
110,310
110,804
110,952
110,093
109,199
107,746
104,783
107,618
109,212
106,503
104,533
106,999
105,902
101,678
98,460
95,827
93,916
93,287
92,992
90,853
89,936
92,375
98,350
102,320
104,296
105,961
107,169
102,337
103,558
96,960
102,090
106,166
107,025
105,894
104,337
107,735
105,422
94,767
100,215
99,646
92,961
92,627
96,193
97,669
103,596
113,486
119,713
123,985
123,862
125,355
126,703
128,003
124,624
121,645
119,466
121,456
117,567
115,667
112,109
113,221
110,406
101,373
95,717
92,595
92,628
94,059
90,467
92,317
98,757
101,487
115,922
119,190
122,757
122,238
120,740
119,200
115,681
116,207
114,125
114,955
111,874
108,095
104,869
109,858
108,809
98,256
94,714
92,482
95,533
97,963
99,109
100,276
110,185
121,629
129,704
134,503
135,902
135,399
135,846
133,747
132,089
127,595
124,218
125,008
121,235
118,616
116,862
118,223
115,235
109,012
104,687
101,198
96,940
94,978
97,903
98,534
106,198
119,613
125,494
128,426
131,528
129,292
127,444
125,893
125,434
122,596
117,641
116,974
115,297
111,596
108,450
108,843
106,942
100,713
96,030
94,131
92,092
91,648
91,693
90,424
89,462
97,822
103,330
107,317
108,907
108,823
106,885
106,216
103,206
102,615
101,940
104,743
104,572
101,891
101,367
104,744
103,044
99,045
95,556
93,990
93,286
91,739
90,865
90,615
92,818
97,264
100,350
104,628
105,251
107,344
107,355
108,221
108,038
106,609
106,661
108,524
108,373
105,327
102,648
105,183
104,916
100,803
94,704
92,100
90,441
90,131
89,858
81,015
91,142
96,791
99,586
102,404
104,397
104,954
104,070
104,100
104,121
103,945
106,578
110,992
114,062
113,039
112,317
112,943
109,366
103,437
95,747
91,803
96,763
95,430
97,562
99,256
108,811
119,433
130,860
136,019
138,369
139,490
138,932
137,423
132,467
129,137
126,382
129,857
125,655
121,078
117,196
117,229
114,576
108,908
102,173
98,428
99,093
97,288
98,948
101,093
109,160
122,937
125,145
129,506
135,362
140,972
141,708
140,101
134,686
122,671
127,608
133,257
134,842
125,063
120,389
114,972
113,523
109,672
103,263
99,590
99,925
98,030
99,780
100,598
111,004
122,271
127,541
130,432
132,177
132,681
132,558
130,658
121,148
112,299
112,201
119,183
114,842
112,264
109,050
108,875
105,973
98,292
92,131
94,034
95,723
95,490
94,552
97,502
107,470
120,335
124,147
128,611
132,789
134,698
134,912
132,689
129,893
128,272
126,031
124,506
120,916
117,838
113,482
112,667
107,499
101,394
96,728
95,122
94,089
93,318
94,616
95,388
105,972
116,355
124,252
121,893
129,144
132,761
133,517
131,925
126,243
122,455
120,462
119,337
119,103
115,047
104,218
108,205
105,215
97,624
95,841
90,860
87,397
84,381
83,462
81,477
87,509
92,057
96,440
97,550
108,716
110,349
109,595
109,575
108,428
107,751
107,906
106,938
110,756
109,057
107,412
106,674
104,415
100,649
94,507
94,411
93,651
92,535
91,453
88,558
90,793
94,074
96,853
101,561
105,007
105,812
106,241
106,335
106,437
105,537
105,222
109,731
111,617
109,911
109,767
111,286
108,628
103,765
99,485
97,292
94,621
88,740
96,631
100,070
110,403
122,661
128,864
128,895
130,842
132,014
130,948
129,670
127,630
124,341
123,891
125,165
120,153
116,929
114,046
114,819
113,177
105,980
100,090
97,389
96,708
97,843
98,776
99,018
106,930
120,336
120,986
118,845
120,085
121,891
121,734
126,515
126,779
123,126
121,479
120,887
116,331
116,733
117,305
114,498
113,744
106,943
102,264
99,466
99,535
98,966
97,838
95,155
103,503
115,459
121,744
124,264
127,163
127,522
127,051
129,521
127,841
118,510
117,820
120,155
116,865
113,415
110,210
108,223
108,742
104,135
100,579
98,125
95,219
95,916
94,187
91,616
93,124
91,823
92,020
100,352
106,682
109,508
108,693
110,953
105,702
102,944
103,200
107,857
107,691
104,347
101,364
104,823
109,288
106,379
98,840
94,543
93,510
91,130
94,979
95,924
102,620
112,554
122,080
128,277
129,468
128,708
128,038
127,352
123,908
119,949
117,429
120,062
119,831
115,829
111,835
110,022
108,397
102,174
96,275
95,478
95,119
95,396
95,452
92,656
93,848
96,409
98,202
102,921
108,986
109,102
107,629
106,419
103,713
103,040
100,293
100,774
101,784
101,992
94,947
97,857
101,461
99,259
96,935
93,801
92,467
91,794
89,328
88,149
89,400
89,616
93,287
101,341
104,006
105,420
105,043
101,297
98,678
103,521
103,665
102,142
105,902
105,685
104,957
104,194
106,427
102,380
95,159
91,895
93,189
95,015
97,756
97,991
109,191
123,013
130,639
132,548
138,218
139,065
139,919
137,592
133,614
129,201
125,806
127,683
125,311
121,917
115,903
109,716
113,645
107,758
103,584
102,223
99,887
98,742
101,138
103,620
111,946
126,668
133,082
133,673
136,325
137,281
137,812
134,650
133,169
129,155
126,700
126,557
123,118
120,553
116,043
113,462
114,421
108,605
104,252
100,487
98,802
98,367
97,599
99,487
108,644
121,338
127,075
129,949
135,497
135,177
133,866
133,104
130,017
124,556
118,969
118,640
111,683
108,365
108,532
106,393
107,211
99,584
95,809
91,904
93,082
92,145
88,317
89,834
100,909
110,344
115,503
117,518
120,341
122,170
125,498
126,204
122,757
119,676
118,111
118,354
117,452
115,273
111,314
109,112
106,910
98,070
97,926
95,811
96,840
95,098
93,012
93,890
105,082
109,998
117,680
120,228
124,970
125,064
132,113
134,786
127,750
118,160
110,070
114,809
114,298
112,764
109,818
107,333
105,957
102,511
100,211
98,866
96,753
96,612
95,603
95,142
97,585
103,297
108,163
111,151
111,461
110,190
108,441
108,248
106,908
105,381
103,023
100,839
102,497
104,678
103,022
103,458
101,854
102,081
102,087
99,554
96,893
95,561
92,938
93,446
93,611
94,248
100,870
103,331
104,501
107,800
108,788
106,718
106,095
106,113
105,678
106,241
110,254
109,464
108,919
107,468
107,096
104,497
101,320
97,673
93,706
92,750
92,794
91,495
92,270
97,129
101,485
104,969
107,834
108,448
110,852
111,408
109,741
109,526
111,171
118,447
119,001
115,279
113,846
113,446
111,826
104,132
101,845
102,582
102,477
102,188
98,639
100,667
110,336
119,971
131,843
136,486
136,716
134,821
133,887
136,799
136,241
129,001
125,987
126,296
123,090
119,563
117,156
113,704
112,359
104,491
94,772
89,314
92,827
96,958
99,971
100,504
109,794
120,300
129,755
133,630
136,635
130,161
128,411
125,899
130,146
126,861
125,394
125,767
122,257
116,473
115,512
111,796
112,507
107,826
99,277
96,137
93,709
95,360
96,136
97,670
107,608
118,376
118,027
126,273
132,416
131,753
126,450
127,345
123,690
123,352
120,975
122,068
120,972
118,277
115,407
112,211
111,727
108,586
100,158
98,492
98,254
97,712
97,887
99,807
105,715
117,599
130,463
134,193
141,235
140,477
139,680
136,621
131,020
125,490
120,230
121,868
121,444
116,607
112,151
110,832
111,344
106,466
101,385
99,353
98,022
97,030
96,805
95,564
96,491
99,018
101,040
104,063
108,577
109,728
109,636
109,409
108,496
105,835
105,054
106,072
106,222
103,246
100,381
99,315
100,030
95,359
96,238
93,349
86,537
87,088
86,489
89,030
89,240
92,159
95,919
100,446
100,825
100,084
96,978
100,389
99,860
101,013
102,208
103,987
105,226
106,215
105,426
104,575
105,195
99,034
98,698
99,173
98,047
99,333
97,470
100,019
108,851
120,075
126,491
131,792
133,714
134,313
135,602
135,067
133,063
129,251
123,983
122,708
123,824
120,968
116,132
113,485
109,213
103,587
99,776
97,144
94,396
94,274
93,055
92,480
97,663
104,068
110,490
113,452
115,871
119,693
119,479
117,503
116,338
113,829
111,900
115,525
113,659
110,782
110,210
106,633
109,798
106,277
102,115
98,124
97,888
97,170
96,544
99,774
109,062
120,626
127,393
134,677
137,418
136,931
137,908
134,763
134,525
129,622
125,443
125,660
123,781
120,328
115,983
111,197
110,622
103,351
97,988
102,262
103,537
100,722
99,889
102,620
112,150
126,319
133,448
135,909
141,441
138,877
140,479
141,453
138,387
134,777
132,362
128,063
122,674
119,422
115,057
111,598
112,078
111,809
107,439
105,142
102,248
103,773
101,945
105,479
115,796
128,686
137,257
141,620
141,875
142,506
142,182
140,426
136,061
127,141
123,238
123,308
120,979
118,301
111,420
101,666
99,707
97,781
98,947
101,794
101,843
100,835
98,535
97,628
98,771
103,306
108,933
113,180
116,903
116,664
118,085
116,839
113,857
111,079
110,422
110,563
107,699
107,558
104,077
103,732
106,338
104,151
101,283
99,588
97,079
94,652
92,149
92,894
93,423
95,947
100,380
104,105
104,764
103,480
106,369
104,965
103,071
106,027
106,678
110,902
113,434
113,256
112,345
111,393
111,179
112,652
108,690
106,044
105,205
104,391
103,198
102,004
111,260
118,820
125,908
129,803
134,265
134,803
131,104
128,726
125,997
122,189
118,544
118,719
114,762
111,468
107,799
108,176
104,867
105,205
108,956
109,227
106,094
104,503
105,460
108,985
117,285
124,917
133,470
135,170
135,306
136,584
136,913
126,553
123,694
121,486
118,117
120,873
119,448
115,573
109,938
110,989
112,002
106,672
103,707
100,857
98,132
97,200
95,016
101,973
113,808
124,813
132,127
136,515
136,934
140,848
140,704
141,150
138,724
132,548
126,365
125,104
122,457
119,761
114,439
106,030
103,163
100,989
96,733
98,047
97,504
95,205
92,558
97,106
105,489
114,459
118,869
121,397
129,953
132,866
133,386
133,006
128,911
128,640
126,882
126,655
123,227
121,147
116,468
110,506
110,373
109,794
103,992
101,513
101,190
99,732
98,890
101,609
111,647
119,314
126,795
128,041
126,547
127,600
125,801
126,350
121,376
116,362
112,365
111,416
112,384
107,722
101,000
96,234
98,142
97,288
92,924
87,638
89,581
88,860
86,719
88,144
91,492
95,872
101,767
107,045
111,227
114,870
114,568
112,464
109,390
107,814
109,279
111,096
114,717
114,556
111,124
109,604
108,867
105,446
100,722
97,892
96,255
95,460
93,037
89,824
91,399
95,076
92,560
97,255
101,921
105,249
103,854
103,434
101,985
102,195
103,673
107,186
105,400
102,778
99,431
96,746
95,597
93,744
92,219
91,636
89,347
92,518
96,547
94,893
102,353
115,858
121,083
128,679
141,055
141,901
143,641
142,329
138,555
134,086
130,508
130,213
125,773
118,659
113,126
109,631
108,899
107,237
104,165
102,973
102,087
100,011
100,439
102,423
112,438
124,298
132,275
134,966
136,810
138,638
140,113
139,889
136,781
133,853
126,327
123,123
121,448
120,494
113,147
110,114
110,473
109,554
104,477
102,236
100,946
100,263
98,672
102,127
110,051
120,750
125,591
134,856
140,661
140,734
137,255
140,206
137,087
132,035
129,120
129,894
129,503
126,420
122,971
120,753
120,085
112,317
109,874
107,291
106,908
106,170
104,279
98,894
103,623
115,672
122,227
119,662
122,270
121,620
122,002
125,725
125,318
120,894
118,291
118,281
115,748
111,833
108,668
106,703
104,354
101,278
99,321
91,985
93,455
93,981
98,725
100,372
110,465
123,142
131,366
134,955
137,610
134,082
134,598
134,248
130,976
127,136
123,325
122,602
120,955
115,473
110,129
107,911
107,360
105,498
102,695
99,528
97,798
97,929
94,571
95,200
97,092
101,427
105,363
110,555
113,618
113,521
114,415
112,948
111,431
110,312
110,856
111,209
109,807
107,552
104,936
102,658
103,291
102,010
100,637
98,060
95,968
94,336
92,990
93,353
92,998
93,767
96,791
102,019
106,416
107,432
108,522
105,864
105,654
107,626
107,265
110,444
112,161
108,628
105,942
104,533
103,835
103,726
100,134
98,755
97,873
98,878
98,193
101,443
112,164
122,786
132,603
136,756
139,160
139,315
136,700
127,009
128,977
128,574
124,972
125,486
123,960
120,161
115,732
115,899
115,465
111,661
102,452
106,734
106,069
105,946
104,550
103,828
109,402
123,226
128,455
131,607
133,597
130,770
135,835
135,621
133,145
131,986
128,363
128,274
126,307
121,079
120,706
118,624
118,024
112,766
108,210
105,586
103,062
103,199
103,554
105,537
114,039
125,703
134,328
137,110
140,254
140,845
143,350
142,841
136,187
135,571
135,771
135,908
131,060
123,467
114,940
112,926
118,414
114,850
108,078
105,670
104,715
105,068
105,696
108,963
117,518
128,264
135,453
139,727
141,372
141,588
140,161
139,318
138,159
137,320
135,044
133,148
128,769
124,245
120,342
117,654
115,017
112,782
105,803
99,528
64,469
72,910
89,052
96,277
105,107
118,575
122,790
130,991
138,460
139,251
134,392
134,317
130,215
125,875
123,063
125,127
123,848
118,621
115,124
113,263
113,319
109,178
105,137
102,753
99,691
98,393
95,743
94,397
95,788
95,551
102,023
108,563
113,105
114,539
114,754
113,349
112,304
111,142
111,038
113,053
113,789
111,790
108,572
107,491
106,495
106,055
103,419
101,020
100,174
97,496
96,576
96,106
96,673
100,607
104,638
107,502
109,583
109,768
111,380
110,706
109,824
110,150
109,365
111,754
112,462
109,582
107,768
107,000
105,700
103,801
103,390
100,981
98,619
99,142
102,090
102,944
112,180
124,004
131,466
134,377
140,159
141,490
139,726
134,299
133,580
129,457
127,793
128,878
123,783
118,953
117,180
117,400
115,408
111,726
106,789
104,181
101,803
99,295
102,234
103,214
112,336
123,163
129,518
132,632
134,923
136,158
135,414
135,339
134,016
134,110
129,516
128,597
126,997
122,560
118,121
114,436
110,418
106,830
102,080
99,514
96,091
95,130
94,988
97,036
104,369
115,793
124,332
128,353
131,221
134,117
135,508
131,920
129,032
124,365
121,244
117,794
118,155
115,934
112,222
110,992
112,785
109,002
105,377
102,441
100,896
100,098
99,876
101,205
110,724
123,823
131,556
134,194
137,894
136,302
134,987
135,004
131,321
127,990
125,866
125,450
123,183
118,892
114,431
112,303
110,368
103,613
102,747
100,646
98,382
99,726
99,890
101,860
107,584
115,992
119,162
127,846
127,480
126,547
125,286
127,966
125,332
119,838
117,801
116,882
106,822
96,731
95,218
98,895
99,177
105,257
102,978
100,490
98,699
98,494
96,180
94,269
93,026
96,923
103,993
109,651
113,041
113,498
113,844
112,850
111,667
111,526
112,245
113,818
112,250
110,110
107,867
103,794
106,016
104,761
101,865
99,004
98,551
97,862
96,631
94,367
92,663
94,257
97,035
101,069
103,373
105,578
105,765
104,469
103,406
103,506
103,976
106,649
107,805
104,741
104,365
102,376
102,281
99,663
97,540
95,810
96,454
95,452
90,957
99,012
107,231
118,225
122,932
122,648
128,981
129,659
129,854
129,007
127,557
119,788
106,472
109,453
107,583
104,870
99,302
98,277
98,621
96,500
95,844
94,249
93,468
93,605
92,308
94,029
102,125
109,477
117,833
117,692
117,413
121,959
120,015
118,688
116,659
111,145
105,914
109,285
109,934
106,527
104,434
101,819
102,980
98,843
93,985
93,613
93,537
93,561
91,581
92,496
99,661
110,513
119,542
125,669
129,631
129,425
128,437
128,928
125,314
118,143
120,136
120,111
117,647
114,886
103,818
101,470
102,474
99,141
97,303
95,890
95,807
96,642
96,264
97,164
103,252
109,029
119,787
122,969
124,656
124,237
117,353
126,343
125,423
120,970
118,652
119,976
114,061
105,612
101,512
98,644
102,925
105,032
100,017
97,619
96,358
95,723
94,564
95,890
104,496
114,254
119,482
122,324
124,842
124,774
123,295
122,925
118,682
114,349
110,195
100,550
100,260
101,367
99,457
96,796
100,119
100,087
97,486
94,192
94,127
92,257
91,991
87,411
90,974
94,034
99,106
103,177
105,621
106,969
104,351
98,771
97,707
96,907
97,411
102,170
103,477
99,836
100,333
101,491
102,701
100,999
99,145
96,432
94,958
94,059
92,493
91,690
90,835
94,415
98,795
102,255
105,061
106,239
104,580
104,928
101,385
101,029
101,420
103,184
104,973
101,573
99,949
99,403
101,263
100,369
97,545
94,854
94,566
95,468
94,778
94,231
101,008
109,955
116,116
118,949
123,253
124,210
124,989
124,982
122,656
119,660
116,257
115,379
113,822
111,307
109,230
106,264
105,789
102,370
95,801
92,826
89,837
87,694
54,305
66,117
81,079
99,621
106,149
113,569
123,700
125,155
126,403
126,815
125,124
120,455
116,237
113,793
110,880
110,202
109,617
107,698
107,458
103,916
96,236
96,015
97,861
97,359
96,062
95,347
100,789
109,065
114,890
113,630
124,203
128,736
127,854
127,194
124,819
121,713
116,547
117,035
111,147
108,186
105,610
105,256
106,988
102,683
99,433
95,199
92,713
94,428
95,320
93,274
97,990
107,132
114,398
118,743
120,809
120,673
121,833
120,907
118,954
121,335
121,054
119,290
116,774
113,130
108,561
103,754
106,662
103,831
100,297
97,947
96,706
96,906
97,481
97,841
104,547
108,293
114,849
117,603
119,682
119,494
118,093
116,491
113,516
110,208
108,176
108,071
106,553
102,890
98,102
99,690
103,474
98,973
93,076
93,973
95,125
93,894
92,932
85,877
87,463
90,951
96,028
95,476
102,282
108,629
109,241
109,331
108,239
107,180
107,858
109,011
108,817
106,039
103,299
102,116
102,774
98,472
87,599
83,942
85,095
91,915
92,493
89,976
91,388
87,637
89,429
94,865
98,553
100,700
101,419
103,043
103,560
104,519
105,479
107,139
109,539
106,827
106,068
106,708
106,559
103,353
99,805
98,706
97,541
96,457
96,770
98,093
104,838
113,661
117,750
119,545
123,627
125,113
124,747
123,765
122,471
119,822
117,397
117,108
113,909
112,394
108,252
108,179
109,126
104,596
100,761
100,122
98,459
98,485
98,091
98,396
105,238
115,822
122,236
124,771
127,415
127,232
126,020
127,998
126,570
121,840
120,912
119,874
114,805
112,129
110,393
109,893
109,458
99,972
99,812
97,565
96,733
96,341
97,310
93,466
95,809
105,488
112,445
117,285
120,177
118,450
118,196
117,396
117,010
113,175
112,803
113,309
109,810
106,230
102,922
102,899
108,952
104,681
100,269
98,351
97,367
97,744
99,073
99,621
105,447
114,087
120,176
123,449
125,331
127,257
128,489
125,744
124,713
120,148
118,869
113,597
112,422
109,340
102,972
99,014
99,935
97,595
102,769
100,633
99,794
99,517
99,277
97,701
104,435
112,721
119,119
120,318
117,714
111,603
111,975
110,739
106,727
102,150
98,282
108,188
115,853
112,669
108,272
104,065
104,469
101,220
98,364
95,299
95,620
94,631
93,258
90,903
89,766
92,353
97,368
106,453
108,039
110,991
113,778
113,642
109,809
106,778
106,618
108,332
109,317
106,282
104,361
105,491
106,749
103,984
102,304
98,950
96,352
95,347
95,528
92,792
92,957
92,334
94,374
98,460
100,952
100,605
102,428
102,338
101,662
101,960
102,610
104,813
98,569
99,283
98,928
96,957
100,136
95,476
94,535
93,192
93,947
92,433
92,524
96,084
103,991
107,547
113,170
116,287
117,711
116,359
116,181
118,653
117,131
112,988
109,053
109,780
107,227
104,669
101,548
99,369
101,133
95,496
90,679
88,156
87,469
87,049
87,033
86,692
93,952
103,344
110,236
109,703
115,279
116,664
115,537
114,395
113,218
112,097
109,012
106,430
103,708
103,584
99,420
97,340
97,036
91,506
89,204
84,909
82,270
82,154
82,009
81,418
86,992
95,287
101,713
106,234
106,144
105,546
105,780
107,626
107,635
107,010
106,753
107,485
103,895
101,062
97,863
98,659
98,951
92,261
89,947
86,739
85,196
84,381
85,898
84,597
93,163
102,433
105,070
109,292
117,540
118,239
117,011
117,778
120,946
118,487
117,483
116,978
115,474
112,159
108,835
109,528
108,396
104,029
98,134
98,793
99,754
99,456
99,108
94,617
107,904
115,049
120,580
123,573
124,443
126,205
127,772
127,771
121,761
114,436
115,698
117,653
114,928
111,444
106,955
106,287
107,776
103,579
99,479
98,071
96,536
97,431
95,064
90,591
92,277
96,347
100,815
102,456
107,817
109,287
109,018
109,928
108,313
105,829
103,576
105,364
104,881
101,987
103,079
105,665
104,867
101,308
97,447
97,220
93,925
91,664
91,598
90,875
92,186
89,780
92,105
96,329
99,752
99,822
100,006
103,485
101,033
98,422
104,301
108,005
109,619
107,749
106,134
107,709
110,151
105,722
100,296
98,653
96,327
95,205
96,123
95,519
103,881
117,310
125,615
128,851
133,180
133,923
134,330
134,218
130,058
125,693
123,949
120,043
115,149
109,932
111,427
109,824
111,071
106,641
95,945
93,546
94,251
91,067
91,666
90,286
98,628
109,671
116,044
117,204
124,977
126,191
131,546
132,083
129,893
124,523
119,659
120,306
116,603
116,164
113,476
112,657
109,578
103,768
97,269
97,550
95,107
96,558
98,402
98,780
106,811
116,046
121,417
126,281
132,818
134,777
134,628
134,723
131,017
121,089
111,938
117,944
121,375
117,886
112,541
112,231
111,013
104,312
97,984
100,218
102,835
101,466
102,391
103,322
110,619
121,634
130,505
135,543
126,939
124,856
124,728
126,758
132,838
128,796
125,216
125,924
122,280
122,729
117,392
116,626
116,440
110,147
105,925
102,202
100,603
101,020
101,520
103,540
107,838
115,718
122,757
125,126
125,408
127,242
127,902
130,052
125,165
120,194
117,700
123,608
120,785
113,061
108,767
111,100
113,207
108,519
104,929
100,856
101,427
93,754
100,051
98,867
98,266
100,713
105,611
112,097
114,437
115,838
113,546
113,820
111,739
109,174
110,394
112,345
110,832
110,445
105,618
106,280
103,266
98,435
93,418
93,515
96,292
97,005
97,058
95,403
94,305
96,377
99,481
98,561
98,925
103,547
98,968
98,337
102,490
102,181
106,127
106,481
112,103
110,389
109,710
105,255
104,022
99,947
95,694
94,551
99,901
100,134
97,122
93,866
103,817
110,266
117,258
122,560
127,679
128,159
127,695
128,925
125,045
122,918
116,676
114,556
118,043
119,198
115,025
114,579
113,952
105,891
101,274
102,416
100,467
100,775
100,099
101,938
105,491
110,805
118,464
122,983
125,480
133,115
130,647
133,955
128,659
123,697
125,364
127,271
125,276
121,440
119,416
120,765
114,685
105,980
102,096
99,589
99,472
99,160
99,303
103,464
111,017
117,943
124,703
123,995
128,465
131,222
131,376
131,303
127,850
128,179
125,985
126,539
121,849
115,909
113,971
113,277
106,901
102,179
98,842
96,800
97,605
96,056
96,647
101,644
108,984
116,902
120,275
123,270
127,091
126,272
125,785
126,221
130,389
130,734
129,250
130,845
126,956
122,909
119,508
120,566
115,428
110,684
101,485
104,798
103,669
102,334
103,031
104,542
112,416
123,755
130,681
130,434
131,972
130,702
130,091
131,922
126,586
121,315
119,126
120,328
119,686
113,738
106,797
106,626
104,559
102,208
100,600
99,796
98,287
97,430
96,952
95,457
93,785
97,428
102,777
108,228
110,971
112,339
111,929
110,422
108,329
108,117
106,126
107,441
109,791
104,449
103,446
104,230
105,414
99,697
99,645
97,916
97,838
97,778
97,340
96,811
95,005
96,916
99,552
103,664
106,898
107,917
109,500
108,827
109,646
109,338
110,104
113,888
112,468
102,639
107,679
112,542
108,170
103,338
99,891
99,545
99,021
98,035
99,650
99,207
106,508
116,217
118,757
124,655
130,102
133,634
133,552
133,353
130,535
119,044
115,742
117,942
115,530
117,631
118,675
120,377
109,032
101,082
98,562
100,216
99,837
97,440
95,589
94,952
101,417
107,520
115,175
117,419
119,789
120,099
119,889
120,881
120,022
118,234
120,740
120,867
113,204
115,362
114,538
112,983
104,887
97,769
96,144
94,985
93,957
92,938
93,950
97,518
105,359
119,042
126,664
130,139
132,740
132,298
132,565
132,076
128,607
124,410
123,047
123,348
118,015
113,182
112,071
112,488
109,134
101,458
99,581
96,711
94,287
95,695
96,466
100,038
104,076
110,586
113,895
117,836
120,875
122,559
120,682
119,709
116,799
113,446
112,531
112,441
111,201
110,508
111,771
112,274
107,085
101,381
95,837
94,608
93,206
89,698
89,647
94,095
102,337
117,288
125,704
129,812
132,387
132,052
132,007
133,373
129,700
124,960
122,931
120,709
116,076
115,387
111,033
110,588
106,933
103,094
101,031
96,631
91,525
90,546
92,614
94,418
96,174
98,759
104,481
108,965
112,166
108,597
106,973
110,525
108,270
106,094
106,367
106,244
106,668
103,573
97,967
102,591
105,547
101,733
97,928
96,856
95,554
94,710
94,794
94,890
93,949
95,303
97,582
97,908
101,275
106,412
108,760
108,673
107,045
106,710
105,980
110,021
107,970
105,721
108,056
110,724
106,464
101,136
98,380
96,041
96,003
95,840
96,017
97,608
105,920
117,279
123,055
126,455
130,357
131,174
133,935
136,103
132,646
125,382
120,170
119,887
117,560
114,096
113,111
115,304
108,040
102,810
98,549
96,443
95,432
95,362
96,853
100,647
107,450
117,066
125,595
130,681
125,193
130,984
130,936
134,515
132,996
128,101
124,170
124,631
122,731
116,712
115,577
115,728
111,645
105,034
99,563
99,104
93,410
97,181
96,700
96,173
103,082
114,133
119,013
123,227
119,783
115,762
113,344
113,943
111,102
110,456
114,182
116,329
116,029
113,654
114,496
115,608
108,854
102,478
97,744
96,279
93,908
92,820
95,857
100,853
106,695
118,286
126,943
126,302
130,518
131,256
133,183
134,407
130,417
125,974
123,461
121,079
121,659
119,689
118,085
113,696
111,701
102,968
99,621
98,157
95,892
96,820
97,456
101,989
111,704
122,528
126,748
128,573
133,762
132,905
129,259
125,476
121,295
110,983
111,847
106,558
109,199
108,012
107,736
106,758
102,896
97,893
92,701
92,650
93,632
91,593
91,273
91,226
89,425
91,853
96,489
101,504
105,588
105,979
105,852
104,413
100,524
102,788
104,138
108,909
106,786
101,555
101,557
102,494
102,552
99,200
95,308
93,541
91,402
90,718
89,373
88,029
86,538
88,581
92,202
95,366
98,152
101,524
103,536
106,502
105,686
103,442
105,141
109,503
110,892
107,280
109,166
108,896
103,836
98,818
95,952
92,646
91,017
89,464
91,226
94,883
103,065
115,773
120,795
123,366
125,945
125,603
125,578
124,586
122,167
114,176
109,821
112,530
109,960
111,596
113,226
112,126
104,772
91,953
93,576
90,582
89,140
89,334
90,153
95,063
102,471
111,742
116,372
114,631
122,263
118,687
118,117
119,162
121,012
117,297
115,504
117,573
114,881
113,767
113,786
108,291
103,134
99,895
95,430
93,252
92,565
92,674
93,038
97,506
105,014
113,183
120,037
123,350
125,590
124,496
123,634
123,772
122,809
121,131
121,318
122,408
116,979
113,504
116,659
113,698
106,682
99,871
95,685
92,133
91,423
90,591
90,694
91,041
102,713
109,991
114,838
118,312
119,582
117,983
118,272
118,521
117,577
121,905
119,050
119,430
114,315
109,775
109,222
108,087
103,333
95,752
92,099
89,934
88,952
90,979
95,391
98,988
108,590
117,129
124,117
126,283
127,446
128,130
128,653
129,622
120,971
113,987
115,541
116,747
116,786
111,165
111,137
109,322
105,119
102,122
98,801
96,221
94,033
93,661
92,447
90,700
93,415
96,516
101,005
103,830
110,082
111,156
110,748
109,231
108,187
107,136
107,197
108,972
109,269
105,669
108,062
106,835
100,716
93,918
93,443
93,630
91,876
89,469
89,532
91,360
89,636
90,933
93,113
96,954
100,754
103,105
101,683
102,271
100,733
100,749
101,033
105,372
107,999
107,753
111,328
106,574
101,631
94,368
89,362
92,177
90,429
91,884
93,167
94,044
108,961
121,443
128,754
132,706
135,086
136,804
135,687
136,951
135,008
129,385
126,340
126,266
123,529
124,193
124,119
120,007
115,231
106,729
105,349
99,172
99,657
90,326
94,686
104,439
113,757
120,933
124,743
133,363
136,343
136,314
137,576
137,188
133,984
131,112
127,421
128,113
124,003
120,011
122,636
119,534
113,202
106,093
101,452
98,383
98,087
97,991
98,950
103,420
113,971
122,463
122,925
124,130
124,562
120,433
122,240
120,801
117,297
116,428
117,912
118,569
112,798
112,291
112,940
104,286
98,547
96,352
95,718
95,785
94,408
93,177
94,322
98,195
107,545
118,851
126,186
132,542
133,702
133,512
132,389
135,170
133,479
128,668
126,236
127,136
125,648
124,121
124,611
120,723
116,396
110,166
103,541
100,005
99,900
101,532
100,731
104,259
111,346
122,128
129,723
132,527
131,396
134,956
132,333
131,358
128,454
123,523
121,756
122,649
125,755
123,305
121,460
116,808
111,917
106,958
102,390
99,101
96,796
96,769
95,780
94,487
96,056
95,444
101,787
106,750
104,268
103,209
102,438
101,605
101,234
99,882
100,209
103,711
106,157
106,220
110,187
108,457
104,203
101,050
96,918
95,024
93,727
92,813
92,227
92,344
93,416
94,237
97,946
101,617
104,158
106,148
106,162
105,317
104,402
100,979
101,495
106,272
107,187
104,725
104,249
105,394
101,320
97,576
93,653
93,229
93,161
86,689
90,379
98,262
108,573
119,369
126,569
128,243
130,505
130,638
130,210
133,669
132,728
128,664
123,781
125,246
126,629
122,518
119,014
115,145
109,954
103,722
100,530
99,252
99,620
99,499
100,674
105,384
115,228
125,918
132,956
132,794
133,363
133,188
133,393
133,483
129,498
125,735
124,532
127,486
124,835
117,857
118,752
114,793
111,630
106,982
102,901
100,970
99,348
98,521
100,559
105,323
116,469
126,572
131,562
134,819
137,194
137,815
136,725
136,539
133,049
123,184
118,404
117,467
112,502
115,479
114,659
113,625
107,722
100,853
98,444
94,920
94,356
96,057
96,445
100,226
112,446
121,501
126,668
125,377
126,005
126,964
127,172
125,726
128,129
125,132
121,282
123,013
118,383
118,627
120,134
115,918
110,137
104,676
98,662
96,594
94,920
93,776
94,800
99,272
111,217
121,974
127,155
129,254
132,950
133,917
128,405
130,149
125,213
122,606
120,473
123,354
119,693
118,370
117,873
115,203
109,648
103,518
96,318
94,265
93,653
96,957
97,915
98,332
100,967
101,658
106,032
111,254
114,224
115,070
113,730
111,329
109,468
105,933
102,711
103,401
104,284
109,194
109,966
108,306
105,764
103,282
100,096
96,540
94,562
94,016
93,758
93,701
95,462
95,399
97,764
100,251
102,836
107,320
107,174
103,991
106,400
105,461
105,859
107,467
107,228
109,382
108,292
110,429
104,222
99,909
96,507
95,263
87,309
93,920
96,847
99,972
110,311
121,571
127,338
131,206
127,090
127,647
133,745
133,948
127,174
122,439
121,736
121,448
121,968
120,562
120,068
114,181
106,948
97,607
91,413
92,019
93,741
94,068
94,976
96,682
105,259
115,310
115,770
117,832
121,176
122,723
122,457
122,250
116,427
116,451
113,586
116,691
113,387
112,955
109,419
104,436
98,386
90,708
84,501
81,745
78,136
79,035
83,767
89,465
101,557
111,083
117,326
115,686
118,829
120,671
123,730
124,231
122,398
114,774
111,461
111,160
111,324
112,322
113,204
112,705
105,975
97,747
95,365
97,076
93,986
94,030
96,001
96,456
103,206
114,273
121,301
126,708
127,904
128,680
127,827
125,213
123,626
120,964
118,002
119,225
117,063
119,614
117,069
112,511
113,364
101,455
95,616
94,858
95,818
91,979
91,375
97,220
107,781
119,317
124,004
129,011
132,753
133,549
129,443
134,617
129,935
124,344
121,838
124,760
125,004
123,573
117,122
112,813
108,413
104,273
99,364
97,416
95,658
94,417
93,506
94,956
98,131
104,217
108,654
113,393
117,623
119,050
112,499
111,445
113,876
111,285
107,625
107,605
112,623
113,876
111,512
110,992
107,674
105,864
102,580
96,836
94,842
96,135
96,487
97,348
98,032
99,565
103,769
107,766
111,037
113,432
114,544
113,520
111,348
111,957
112,001
114,701
115,791
114,013
110,325
106,729
104,375
101,561
93,141
90,886
90,407
91,022
91,706
94,592
108,085
120,169
126,064
128,467
129,763
129,380
129,582
129,313
127,898
125,931
125,687
127,177
127,485
130,723
128,304
123,406
115,504
108,937
101,570
98,826
100,648
100,321
101,181
105,500
117,335
125,314
129,548
126,450
127,150
129,915
129,475
132,936
130,234
126,109
124,626
125,638
123,822
128,553
128,485
123,768
115,827
108,033
102,395
99,231
102,882
102,729
101,998
108,355
119,899
121,029
125,323
120,330
125,165
129,951
128,900
128,700
125,562
123,696
123,087
128,148
130,985
134,504
126,347
122,920
119,329
112,974
104,220
102,334
98,315
103,112
104,014
108,031
120,311
131,012
136,602
142,636
144,059
142,150
136,865
135,727
132,063
124,907
124,534
127,184
125,790
126,149
119,389
117,153
111,381
102,851
99,738
99,485
98,444
93,863
93,892
98,194
108,791
119,715
128,649
128,037
127,641
133,959
130,220
128,881
118,574
111,054
110,344
109,157
108,821
114,724
109,636
106,619
106,091
101,647
98,703
95,500
93,565
91,933
91,374
94,419
98,438
103,401
107,669
111,125
114,223
114,788
115,379
113,272
106,577
109,698
109,107
114,370
114,240
116,295
114,736
113,144
109,148
104,017
97,962
94,531
92,259
92,145
92,551
96,786
97,817
99,956
101,022
106,185
107,097
107,973
108,801
109,124
107,556
108,124
112,904
117,480
118,986
119,831
115,047
109,725
92,230
86,039
84,069
88,970
91,117
93,127
96,940
101,735
112,871
124,710
128,140
131,375
132,500
132,323
131,362
131,846
128,992
126,569
125,637
124,043
122,234
125,097
120,860
114,883
108,790
100,104
96,359
93,694
96,382
96,383
96,030
96,549
107,113
120,581
125,782
132,350
134,475
126,633
125,690
119,994
120,901
116,685
115,853
124,377
128,544
128,985
121,701
116,904
110,169
97,615
91,121
90,859
94,953
95,994
96,319
99,751
110,043
122,297
126,541
129,045
128,601
126,927
126,382
128,654
127,784
122,336
116,201
122,299
126,793
128,606
122,528
117,724
111,458
102,225
98,150
95,726
93,622
92,268
93,306
98,224
109,886
119,613
121,913
123,818
126,565
127,055
124,948
130,888
128,755
127,011
125,008
124,802
127,625
125,611
118,466
115,542
110,977
103,464
100,252
98,597
94,679
94,621
95,706
96,946
111,111
124,430
124,277
120,554
122,315
129,410
130,094
131,572
128,354
123,654
121,300
122,176
125,636
125,405
119,714
115,187
110,132
105,681
101,890
98,483
95,913
95,372
93,462
94,407
97,021
100,326
103,608
108,877
112,277
111,278
109,835
111,778
110,227
108,223
106,551
111,829
112,335
114,661
112,712
109,901
107,111
102,331
99,156
97,220
95,720
91,724
88,777
88,409
92,467
96,977
99,992
105,084
106,995
109,224
109,028
106,944
104,134
100,727
101,183
106,557
113,537
114,671
110,781
109,643
104,858
100,075
95,067
94,215
91,025
89,997
94,714
98,797
108,751
118,408
125,032
130,855
133,493
132,291
133,179
132,474
127,245
121,119
120,251
128,818
131,470
130,839
124,739
117,793
111,164
101,107
97,632
97,285
98,445
100,541
101,292
103,407
108,965
117,895
120,950
130,094
132,866
132,542
132,138
132,261
134,269
130,268
126,918
128,415
131,227
130,726
120,954
115,772
113,451
108,860
104,606
101,884
102,126
93,758
94,278
95,469
108,225
118,720
124,273
123,831
128,279
129,605
124,642
122,634
117,829
115,885
119,283
121,634
123,678
125,478
126,091
119,904
115,913
108,600
105,326
101,232
98,271
91,463
91,992
101,476
111,789
123,978
128,637
133,272
134,400
136,648
135,191
136,006
134,748
130,724
127,924
130,129
133,133
127,772
121,123
120,154
114,693
104,613
98,869
93,665
94,934
98,757
101,069
103,119
112,707
121,441
125,516
121,254
121,308
119,538
120,481
122,702
117,811
116,269
116,997
121,182
126,543
124,866
117,993
113,440
109,633
105,156
101,108
96,929
95,873
94,608
95,113
96,167
98,557
102,001
104,611
108,680
113,156
113,668
113,030
113,601
112,184
112,506
111,465
111,161
115,533
111,184
106,908
109,348
107,436
104,279
100,683
97,375
96,439
94,980
95,005
91,678
87,587
88,855
91,478
95,162
95,952
98,286
98,526
98,756
98,306
97,497
98,873
105,331
112,684
110,913
106,288
103,724
98,192
91,627
89,929
88,006
87,408
85,655
87,059
92,104
104,499
120,267
123,349
124,443
123,397
125,835
128,148
128,058
124,433
119,235
117,372
118,588
120,518
120,536
115,117
111,375
105,445
97,147
91,935
86,918
85,998
88,646
92,204
95,900
107,320
123,607
126,785
124,321
130,982
131,240
130,748
130,454
128,083
123,962
121,964
126,025
128,716
124,328
119,490
113,939
107,641
100,685
95,568
93,399
92,127
91,436
91,054
95,528
104,265
109,796
113,185
113,563
117,163
115,220
114,007
112,710
106,556
107,887
107,038
111,591
123,705
119,631
115,779
112,825
106,443
96,337
89,755
89,043
92,547
92,545
94,525
99,390
111,306
126,730
130,019
129,074
130,853
133,171
129,436
128,946
126,954
124,256
124,150
125,300
128,823
125,562
120,239
114,757
107,890
101,323
96,249
94,463
93,711
93,147
93,093
91,550
104,521
119,054
125,830
128,277
131,058
129,330
127,119
125,603
119,821
111,465
108,776
111,688
115,788
109,983
103,176
97,835
96,192
89,453
90,769
87,576
86,412
85,123
80,896
85,149
88,873
92,735
97,669
102,104
106,197
106,061
104,168
102,662
103,868
102,211
100,330
106,975
109,211
108,792
104,498
102,259
98,374
93,536
88,600
85,728
167,284
84,288
83,023
84,277
85,908
88,972
92,195
96,981
100,106
101,675
102,238
101,710
102,478
103,239
108,520
116,818
114,470
110,385
106,048
103,195
99,897
94,798
91,066
90,098
90,115
87,599
89,352
94,101
105,884
123,290
127,709
128,785
133,035
133,587
133,223
131,408
124,138
118,103
117,156
127,018
123,269
117,778
111,849
112,668
105,980
98,997
95,765
93,694
91,653
88,894
90,656
94,551
105,928
116,878
124,182
129,058
129,959
125,812
127,084
129,972
126,959
125,890
124,349
133,202
130,587
123,875
122,911
120,369
115,468
106,951
101,707
99,897
96,124
94,758
97,891
100,581
114,507
126,633
132,358
134,950
136,229
137,159
135,404
139,009
134,444
131,687
135,868
141,560
138,687
135,607
129,517
124,254
117,780
110,466
108,059
105,720
104,077
104,161
105,469
108,470
120,155
133,334
129,961
133,246
130,943
134,461
136,923
140,567
134,537
129,096
131,413
138,120
135,292
134,053
127,434
123,553
115,004
106,466
101,203
99,149
97,092
92,037
96,839
103,177
114,490
125,437
129,297
130,945
132,114
133,535
133,930
131,482
126,566
119,420
121,574
128,931
126,746
121,638
117,281
116,868
114,751
109,515
105,133
102,058
102,038
101,427
100,411
100,578
104,071
106,080
108,629
115,741
118,039
118,113
117,194
117,008
116,449
115,557
119,878
129,089
127,138
121,474
117,821
116,398
112,957
108,082
104,605
101,467
99,923
98,586
91,007
94,156
95,213
99,592
100,757
105,286
109,654
112,579
112,513
111,816
110,223
110,034
112,187
121,987
124,805
125,064
118,854
115,735
112,998
107,634
103,502
102,370
101,429
101,615
103,554
108,961
121,074
135,607
136,265
135,593
133,631
135,542
137,667
137,180
135,950
131,517
133,772
136,458
133,345
128,771
128,456
123,464
118,071
111,206
105,940
101,605
96,748
96,730
97,075
100,926
112,953
126,351
133,486
136,838
140,261
138,613
138,007
138,481
133,812
129,002
134,095
145,727
141,279
132,889
127,139
124,941
117,399
108,939
101,991
93,968
93,593
98,347
102,988
107,077
118,337
131,286
135,138
138,089
140,047
138,560
137,988
138,898
135,834
133,249
136,054
143,666
140,069
132,201
125,249
117,019
115,491
108,515
102,829
99,524
97,840
98,942
97,810
101,906
111,960
121,934
125,818
128,200
130,087
131,799
131,117
131,065
127,767
127,509
131,206
135,752
134,138
128,881
124,067
118,394
113,166
106,525
101,621
99,649
100,149
99,569
100,388
103,971
115,438
128,026
133,553
133,768
138,632
137,185
134,311
134,071
124,897
119,240
124,361
131,758
129,398
122,433
114,205
108,799
105,038
106,529
103,519
101,114
99,704
99,826
99,544
99,213
101,453
105,193
106,800
110,808
115,317
116,588
117,297
117,666
117,427
115,344
120,858
130,317
126,999
120,113
114,306
113,781
109,964
106,017
103,678
100,829
99,819
99,341
100,228
100,636
101,355
103,471
105,307
109,230
109,477
111,834
112,534
111,095
109,807
110,203
116,774
128,519
128,126
125,869
121,838
118,771
113,950
110,302
105,850
103,742
101,776
101,674
102,584
106,437
119,723
131,159
136,718
137,257
142,101
145,335
145,413
145,155
141,011
136,242
137,055
142,006
137,280
134,509
129,785
123,612
114,011
98,108
95,676
97,287
99,369
99,331
101,293
105,827
117,711
131,257
136,442
140,980
141,190
141,553
144,498
144,074
140,998
135,667
137,564
144,978
138,178
132,670
128,799
123,056
118,162
111,044
107,180
103,967
102,644
99,570
96,764
101,394
114,436
128,319
134,615
135,156
136,112
134,315
130,571
132,158
130,878
137,959
142,238
145,604
139,309
134,264
128,007
121,514
114,958
108,086
104,619
103,182
102,061
100,984
104,076
106,571
117,812
136,868
137,636
136,265
137,828
140,206
142,551
142,449
141,844
139,674
143,044
147,467
142,068
139,435
133,272
127,832
121,092
112,702
107,296
104,006
103,031
103,299
104,817
105,716
115,887
128,502
130,179
132,000
133,368
125,047
130,727
136,376
125,810
124,657
128,757
139,161
137,850
130,811
123,229
118,899
112,428
102,347
102,848
98,311
93,358
94,130
96,765
97,647
100,148
103,138
105,857
109,845
115,444
116,043
116,391
116,173
115,412
116,210
122,281
127,877
125,244
120,827
116,720
113,501
110,749
107,207
104,054
99,082
96,525
95,349
94,973
95,275
98,166
99,791
100,147
102,768
107,089
110,321
112,369
112,242
113,353
115,380
121,903
127,574
127,214
124,024
118,368
115,697
110,414
104,744
98,167
100,356
100,208
100,465
102,223
107,513
120,163
136,526
142,164
143,440
147,149
145,978
145,247
145,479
143,571
141,057
140,165
144,446
140,261
135,045
130,295
126,294
120,540
113,509
108,918
105,746
98,100
97,547
103,402
105,293
114,434
121,117
129,494
131,529
135,072
134,270
132,532
131,706
127,603
137,831
144,712
147,783
142,659
136,305
129,161
123,406
117,641
109,124
102,409
98,326
98,437
98,870
98,494
102,391
115,325
114,659
119,257
120,199
122,846
123,106
122,655
115,820
113,059
128,381
133,415
138,770
136,271
131,629
126,518
121,606
118,121
109,173
105,062
103,463
102,028
101,684
103,281
102,394
113,786
122,972
128,714
131,776
134,326
133,681
134,209
136,441
133,951
134,721
138,807
143,650
138,827
131,854
123,687
118,461
112,486
105,353
101,377
99,403
98,716
97,760
99,394
102,656
115,239
129,208
134,409
134,414
133,168
132,507
133,827
132,405
133,129
130,681
136,947
140,497
136,392
129,789
119,777
119,700
114,931
110,743
106,249
103,634
102,232
101,951
101,034
101,116
102,960
110,260
112,471
118,917
121,214
112,911
114,673
113,767
113,126
119,947
124,768
126,273
127,722
126,094
122,316
118,647
114,687
112,121
107,327
104,903
103,184
102,703
101,730
101,436
103,045
105,993
107,498
107,987
113,610
115,472
115,736
115,818
116,397
118,576
125,861
131,913
132,031
125,203
120,965
119,423
113,504
104,877
99,335
101,628
101,666
101,459
103,034
108,441
118,888
133,415
137,398
138,297
139,600
142,956
141,558
142,309
138,456
131,852
138,539
142,009
137,003
131,871
128,981
123,137
118,864
110,765
105,191
101,990
101,995
100,429
102,956
107,437
119,262
130,917
136,043
137,684
139,405
139,170
138,612
134,367
138,115
136,544
141,960
145,092
141,346
136,861
131,052
125,967
117,929
107,630
103,926
102,625
102,035
99,990
100,439
104,564
118,728
135,143
141,725
137,802
142,047
141,847
139,975
140,157
137,394
136,458
139,339
142,562
137,477
131,814
124,884
120,296
114,656
106,990
102,306
99,910
98,606
98,830
95,876
96,852
109,913
124,542
130,913
132,279
134,214
128,719
124,714
127,304
126,152
123,943
126,302
128,531
128,745
125,662
119,010
113,557
106,883
98,488
93,600
92,136
92,124
92,022
94,493
102,038
114,641
129,630
135,203
136,549
138,942
137,755
136,785
132,016
129,553
132,494
137,960
139,505
136,759
131,846
126,699
122,600
116,887
110,710
105,816
102,947
100,213
98,650
98,771
96,467
102,084
107,737
114,165
118,046
120,521
116,115
114,265
117,754
117,895
120,996
123,039
124,059
121,390
119,322
117,509
114,027
110,644
106,200
102,304
98,934
97,898
97,764
97,468
97,961
100,106
103,442
105,424
107,822
110,838
114,241
113,640
110,590
112,401
117,848
120,302
120,601
122,258
122,919
119,674
116,123
108,804
101,294
102,571
101,392
98,933
98,344
101,011
105,513
119,150
135,925
141,965
136,084
142,461
141,284
142,126
143,413
140,810
140,848
143,869
146,504
142,685
137,223
126,614
118,032
118,278
110,266
104,815
95,831
98,349
99,895
104,438
109,748
120,691
134,816
139,157
139,582
141,198
134,184
135,114
138,750
137,669
136,138
141,967
144,560
140,383
135,100
128,336
120,073
115,220
104,581
101,384
101,261
94,451
93,665
99,033
103,750
115,716
127,515
133,833
132,836
135,993
135,275
135,565
134,739
135,886
137,981
139,622
141,224
139,668
133,279
129,245
123,835
117,640
108,952
103,839
100,502
99,923
96,611
94,855
98,364
115,304
126,590
135,508
135,708
138,327
137,826
137,468
139,766
129,778
134,381
136,990
141,271
140,967
137,279
130,652
123,768
119,771
111,815
105,761
102,583
101,722
100,931
101,856
106,651
117,151
125,654
129,523
134,355
130,605
129,832
129,211
129,128
125,600
130,959
135,140
135,230
131,558
126,181
118,383
109,007
105,336
102,655
98,892
97,866
97,220
96,378
97,150
98,285
102,028
101,338
103,684
107,067
107,687
109,086
107,048
107,708
108,036
108,757
116,296
119,578
116,517
111,543
108,162
101,418
96,372
88,051
89,280
91,011
96,364
95,378
95,712
92,438
96,240
101,264
104,772
102,885
107,826
112,954
115,765
116,096
117,246
119,102
122,648
126,331
128,018
123,724
121,208
117,741
110,633
106,653
101,593
97,598
98,987
98,819
100,315
98,418
107,921
122,115
131,360
132,123
134,997
133,091
132,769
131,404
129,474
128,342
132,014
135,467
129,441
125,516
118,841
113,128
108,942
100,850
95,522
91,607
90,718
91,055
93,298
96,769
107,988
121,356
129,182
129,836
130,175
129,217
127,374
126,931
123,709
124,340
131,704
133,507
129,824
124,786
117,899
112,924
105,701
98,153
92,236
94,441
94,337
93,206
100,202
104,913
116,413
131,435
139,490
140,720
143,334
138,572
140,844
139,935
136,460
136,487
139,176
140,787
136,453
131,051
123,769
120,094
114,771
106,935
100,097
97,882
97,073
96,944
98,425
103,242
115,326
120,629
128,822
128,309
128,429
127,076
125,502
124,651
123,689
134,530
135,699
142,605
141,403
137,335
129,157
119,059
114,036
109,575
106,548
104,593
102,613
101,319
103,386
105,744
119,078
134,514
142,410
138,926
132,795
134,145
131,627
132,455
128,625
127,935
131,485
137,165
133,516
129,334
123,458
118,145
112,307
107,753
104,703
101,272
98,382
96,511
95,864
96,061
98,687
100,919
100,503
103,328
107,886
108,980
109,377
108,942
108,188
109,364
115,245
119,356
118,392
112,657
108,381
105,805
102,129
97,853
94,064
91,200
90,912
89,371
94,192
98,592
100,503
103,313
107,651
108,430
111,401
113,630
115,592
115,697
114,281
113,400
119,909
125,325
125,623
122,532
120,559
119,414
113,183
107,553
101,042
99,609
99,496
99,109
101,102
105,782
118,809
135,930
144,331
143,341
146,350
146,315
146,211
148,251
145,424
143,616
145,087
146,849
143,593
138,747
131,925
125,051
117,625
108,330
103,714
101,126
99,255
100,154
101,732
105,791
118,588
134,906
143,256
141,438
134,504
136,039
142,322
144,604
144,838
145,314
147,196
150,192
145,711
140,981
133,289
127,821
121,147
114,762
108,195
105,342
104,103
102,933
104,459
108,357
118,039
130,345
137,749
137,721
137,607
138,127
137,441
138,591
138,216
135,600
139,327
141,274
140,931
136,702
130,824
127,522
121,790
115,067
110,832
108,855
106,134
104,485
106,233
110,899
121,707
134,486
140,119
135,412
139,079
140,828
136,502
137,699
139,495
142,819
146,510
148,647
145,739
139,843
133,785
127,342
121,027
112,594
106,340
104,582
103,324
103,014
103,695
105,973
117,308
132,856
141,089
139,533
136,721
134,549
130,612
129,633
127,226
125,348
128,762
130,047
128,206
123,910
119,159
115,472
108,672
102,360
102,708
95,586
93,435
92,724
93,720
94,249
97,521
100,854
106,024
110,799
114,323
115,108
113,566
113,461
113,142
116,201
119,547
122,487
120,653
117,813
114,123
110,929
106,794
100,983
98,908
95,986
95,452
93,839
92,806
93,068
96,345
100,308
105,304
109,577
113,317
110,572
107,186
111,445
110,363
111,017
116,356
120,945
119,811
116,878
109,483
109,123
105,640
100,891
95,920
92,521
91,260
90,277
90,014
91,212
93,802
98,439
103,042
105,370
105,925
106,251
101,890
99,678
98,217
88,038
91,496
93,504
81,932
77,920
76,697
75,737
74,435
74,566
85,631
85,554
84,146
83,240
82,955
83,745
86,445
88,819
92,573
91,389
93,130
100,026
99,477
98,050
97,224
100,141
100,224
103,692
104,429
103,252
96,787
96,468
92,814
83,626
83,228
84,582
80,798
87,112
87,318
88,291
90,095
91,462
94,759
96,302
97,892
99,475
97,987
92,938
92,355
101,318
107,619
110,147
107,936
106,244
105,330
103,198
100,065
98,632
91,024
90,368
88,164
88,521
90,564
95,436
100,693
107,627
117,514
114,212
117,733
122,683
125,080
124,459
123,901
119,229
123,110
125,130
125,108
122,112
117,473
114,164
108,357
103,716
99,066
95,040
88,839
88,054
88,199
86,589
97,123
105,810
109,260
111,677
115,565
121,462
118,956
118,739
117,871
106,670
112,451
112,024
110,274
107,252
91,529
84,707
85,064
84,277
80,908
77,728
76,278
75,970
80,829
81,088
85,859
90,675
97,083
101,702
105,165
106,754
105,688
106,304
105,085
106,766
110,677
116,838
116,286
111,117
107,325
102,510
100,891
98,061
96,941
94,347
93,026
91,092
88,740
89,265
91,443
94,163
96,872
94,484
97,599
102,271
102,780
102,360
102,120
104,630
112,751
118,469
117,936
111,157
106,728
105,100
101,487
95,935
92,075
89,301
88,340
88,494
89,175
90,125
92,315
88,909
92,542
94,941
106,213
106,722
103,758
102,284
98,162
89,220
96,938
100,044
95,737
89,144
84,964
82,301
81,173
78,875
92,075
89,301
88,340
88,494
89,175
90,125
92,315
88,909
92,542
94,941
106,213
106,722
103,758
102,284
98,162
89,220
96,938
100,044
95,737
89,144
84,964
82,301
81,173
78,875
