66,9
67,5
66,9
67,7
66,8
66,6
65,2
58
53,7
59,5
64,7
65,2
65,6
65
65,3
64,6
64,1
65,2
65,7
65,9
66
66,8
67,7
68,1
67,9
60,8
64,8
66,8
67,7
67,1
67,6
65,8
67,8
68,2
69,3
67,6
69,6
69,9
69,3
68,8
69,1
66,5
57,9
56,7
59
67,2
69,1
69,9
69,5
68,4
69,2
68,5
68,1
67,1
65,7
66,2
64,5
63,5
65,6
67,8
68,3
67,6
68,7
68
67,8
68
68,2
67,5
69,3
68,2
68,6
68,3
67,9
68
68,8
69,2
68,8
67,4
68,4
67,7
68,4
67,8
63,2
55,9
56,7
58,1
69,2
71,8
71,7
71,6
71,1
72,6
73,6
74,9
74
74,9
73,3
72,5
71,8
72,9
72,1
72,8
72,1
73
72,7
73,4
73,5
74,1
73,5
73,4
73,7
74,2
70
70,1
73,9
74,3
74,3
73,3
74
73,9
73,8
74
73,8
74,4
74,5
74,6
74,5
74,7
74,7
71,5
73,8
74,7
74,9
75,1
74,4
74,5
74,9
73,9
73,1
69,6
70,8
72,9
73,1
73,2
73,5
68,5
74
73,5
73,8
72,7
64,6
62,6
70,1
71,7
72,5
73,2
73,5
73,3
72,8
72,2
72
74
74,8
75,6
76
65
71,6
75
73,1
72,2
72,2
69,8
70,4
73,1
72,9
72,6
69,7
70,3
71,7
71,8
71,1
71,5
70,9
71,5
71,2
71,9
66,7
70,4
71,2
64,4
70,3
70,4
71,9
71,3
71,9
71,5
71,8
71,4
72
72,7
73
72,2
72,2
71,4
69,5
66,2
70,9
71,8
71,6
71,9
71,7
72,1
72,1
73
71,2
64,1
67,5
70,6
70,5
71,9
71,5
72,5
72
73,2
72,2
73,3
72,8
73,4
72,8
73,7
72,6
72,6
71,7
71,6
72
71,9
71
72,1
71,3
71,8
71,6
72,1
71,4
71,9
71,1
72,1
68,5
64,7
69,8
70,9
70,9
68,5
68,6
69,1
70,2
70,2
68,4
67,4
69,7
70,6
71
71
71,2
70,7
70,5
70,7
71,4
71
71,5
70,5
70,8
70,3
71
71,2
73,1
72
72,9
72,4
66,5
70
71,1
70
69,9
69,5
67,6
68,1
68,9
69,6
70,3
69,4
69,3
69,1
69,6
70,3
70,5
71
70,9
69,4
70,7
70,4
70,7
70,3
72,2
72,1
72,5
70,8
72
67,3
68,8
70,7
70,2
71,5
70,1
69,8
69,8
69,6
69,7
69,6
68,5
68,2
68,5
53,7
65,6
66,8
67,7
67,7
67,8
68,4
69
69,6
69,3
71,1
72,1
70,3
67,7
67,9
68,1
68,8
69
61
58,1
60,4
66
65,7
59,2
60,2
62,3
63,5
63,4
64,8
66,3
66,7
68,4
69,4
69,6
69,3
61,4
58,5
57,2
57,2
57,2
57,2
57,2
57,2
57,2
57,2
57,2
57,2
68
69,8
69,6
70
69,5
70,5
69,1
66,7
67,9
68,2
69,4
67
68,6
69,9
70
69
68,5
59,6
63,1
67,5
67,3
68,2
67,6
68,4
68,3
67,1
64,1
59,6
52,7
57,4
64,8
66,7
67,4
67,9
68,5
68,3
67,6
67,2
66,5
66,8
67
66,5
66,3
66,1
66,9
67,2
67,1
67,2
67,1
67,1
67,1
66,8
55,8
55,9
63,4
64,9
65,2
64,8
65
65,9
65,1
66,2
66,2
66,3
66,3
65,4
64,9
65,1
65,1
66,1
66,7
65,4
65,3
41,1
38,7
40
48,1
65,3
64,4
65
61,7
63,2
65,2
65,8
68,4
70,3
70,4
69,4
68,3
67,4
67,3
67,2
67,3
67,2
66,8
65,4
65,5
65,2
65,7
65,9
63,9
60,4
58,9
62,5
65
65,5
66
65,2
64,8
64,3
64,7
64,2
64,2
63,6
63,8
63,4
64,2
63,7
64,3
63,7
63,8
65,6
65,5
64,7
62,8
57,9
64,2
64,3
65,1
64,5
65,3
65,3
65,8
65,2
65,3
64,3
66,6
66
65,6
65
64,9
64,1
63,8
63,6
64,4
63,5
59,6
61,1
62,5
61,6
61,7
62,7
63,1
63
63
62,2
62
62,4
61,9
62,2
61,7
62,3
61,7
62
61,5
62,2
61,9
62,4
62,7
62,8
62,9
62,2
62,5
61,6
61,7
62,7
63,1
63
63
62,2
62
62,4
61,9
62,2
61,7
62,3
61,7
62
61,5
62,2
61,9
62,4
62,7
62,8
51,7
56
56,4
56,7
56,9
56,7
56,8
58,8
58,9
56,2
58,9
59,1
60,1
58,9
59
58,9
60,5
59,8
60,3
59,9
60,1
59,2
60,2
60,1
60,5
60,6
60,6
59,2
60,4
60
60,2
58,5
58,1
58,3
58,4
58,3
58,9
58,3
58,7
59
58,8
58,5
60
59,7
60
58,6
59,7
59,7
59,2
58,6
57,8
57,3
57
57,1
57,1
58,3
58,5
59,8
59,7
54,2
53,2
53,8
54,7
55,9
53,5
55,5
55,6
56,8
57,1
57,6
58,1
57,7
57,3
58,3
58,3
58,8
58
57,7
57,4
50,9
47,8
47,8
47,3
47,7
47,3
47,9
47,5
47,8
47,3
46,3
47,2
48,3
47,2
47,3
47,1
47,4
47
46,9
46,1
37,3
40,8
46,9
46,9
46
45,5
46,8
45,7
46,7
45,9
47,2
47,2
48
48
48,2
47,1
46
46,2
37,2
33,2
25
27,4
27,8
22,9
22,5
27,6
29
29,8
29,5
29,9
29,4
30
29,6
29,9
29,4
30
29,3
29,9
29,5
30
29,4
29,9
29,4
30,1
29,7
28,8
27,8
28,7
28
28,4
27,9
28,3
27,1
28
28,8
29,3
29,1
29,2
28,5
28,8
29,4
21,9
17,8
17
16,8
16,8
19,4
21,4
24
26,6
27,7
21,2
27,2
24
21,4
24,8
26,2
27,2
27,4
27,8
27,5
27,9
27,8
27,8
27,8
28,2
28
28,2
28,3
28,5
28,5
28,4
28,3
28,4
31,1
32,5
34,6
34,7
36,2
36
36,5
37,2
37,6
36,9
37,4
36,6
37,4
28,3
22
23,5
34,8
36,8
36,4
35,5
35,2
37,2
37,7
37,7
37,2
34,6
34,5
37,1
35
36,5
35,9
36,4
35,9
36,6
36
36,4
36
36,6
36,1
36,7
36,2
37,1
36,6
36,8
35,4
36,6
37,8
37,1
37,2
37,3
37
36,1
38,5
38,7
39,2
38,5
39,3
38,7
38,6
32,6
38,1
39
39,6
38,5
38,6
35,8
35,1
34,3
26,4
20,8
20,8
20,7
19,6
19,2
18
19,2
19,6
19,6
19,6
19,6
19,9
19,6
22
30,7
30,4
31,3
31,3
31,3
30,9
30
30,8
30,3
30,2
31
31,1
31,3
31,1
30,5
30,4
30,3
30
31,1
30
30
31
31,2
30,9
29,9
30
30,7
30,8
30
30,8
30,7
30,3
30,8
30,8
30,8
30,8
30,8
30,8
30,7
30,8
30,5
37,1
40,3
43,2
43,3
43,2
42,6
43,5
44
44,3
44,4
44,6
44,4
43,7
43,2
43,3
43,3
43,4
43,2
42,9
41,6
38,6
39
35,6
34,8
34,6
33,4
36,6
35,8
35,4
35,5
35,8
33,5
36,9
38,3
39,1
39,7
39,6
39,5
36,8
40,7
41,8
43,3
43,3
43,3
43,2
43,3
43,1
42,4
42,1
43,1
42,2
42,5
42,1
42,5
42,9
43,7
42
42,2
42,3
42,5
42,3
42,5
41,8
42,5
41,6
42,2
42,1
42,5
42,4
42,5
42,4
42,5
42,4
42,8
42,3
42,5
42,9
42,5
42,9
42,5
42,4
42,5
42,4
42,5
42,9
43,2
43,5
43,7
43,3
42,7
43,1
42,5
42,4
42,5
42,3
42,5
42,4
42,5
41,8
42,4
42,4
42,4
42,4
42,4
42,5
42,4
42,5
42,2
42,5
42,3
42,5
42,1
41,5
41,6
41,7
41,4
41,5
41,7
42,5
41,5
41,2
41,4
42
42,2
42,7
43,2
42,5
42,2
42,5
42,3
42,5
42,4
42,5
42,4
43,6
43,1
43,7
43
43,5
43,1
43,4
35,1
35,1
40,8
42,2
43,7
43,7
43,6
44,7
44,2
44,6
43,4
43,6
44,2
44,5
44,9
45
44,9
45
44,9
45,5
45
45,3
45,5
46
46,2
45,9
46,3
46,5
47
46,3
50,3
51,3
52
51,7
55,2
57,1
59,1
59,1
59,1
59,1
58,3
58
58,4
58,5
56,9
58,5
58,1
56,7
57,6
57,7
59,1
59,1
59,7
59,7
60
60,7
58,4
59,5
60,9
62,1
59,3
61,8
62,4
64,5
62,8
64
65,9
66,7
66,1
66,1
64,2
64,6
63,6
64
62,9
62,1
62,6
0
0
0
40,9
35,9
0
0
13,8
17,8
20,6
20,4
21,3
20,3
21,2
20,6
21,1
12,1
7,4
23
17,7
15,9
0
0
0
0
0
0
0
0
0
5,4
85,1
81,3
84,9
84,2
87,9
88
88,5
88,3
87,6
16,9
0
0
0
0
51
0
0
0
0
0
0
0
0
0
0
0
0
0
0
15,9
15
14,8
15,6
14,8
16,2
14,5
16,4
8,9
9,3
15,3
15,9
16,3
9,7
12
16,8
13,2
15,9
13,9
15,3
11,8
16,4
13,2
14,4
15
15,4
16,1
16,3
14,8
73,8
73,6
16,4
50,3
51
52
50,1
51,2
51,8
51,6
52,8
51,3
52,5
52,7
53,4
52
53,5
48,3
58,4
57,8
59,4
59,5
62,5
53,5
52,9
59,6
61,4
61,4
59,7
62,7
60,8
62,8
59,3
61,9
59,7
58,5
57
58,1
58,2
59,3
59,2
36,5
0,9
0,4
0
0,1
0
1,3
15
19,3
21,4
22,9
21,9
21,4
24,6
26,7
27,8
28,5
27,8
25,6
20,5
26,2
31,1
31,4
33,2
30,2
36,1
36,8
37,9
36,5
43
44,8
44,5
49,8
48,2
47
44,8
43,9
39,7
39,1
41,7
46,3
51,7
56,9
56,2
54,6
54,9
45,5
42,1
39,3
38
39,1
38,7
37,2
42,7
40,5
41,5
41,4
41,6
41,5
41,9
45,3
47,4
32,1
39,2
38,3
36,1
28,5
29,1
29,4
29
28,3
27,5
27,1
28
28,3
20,5
20,5
12,5
12,5
15,7
17,6
18,8
18,8
20
19,9
16,5
16,8
19,2
20
20,2
22
22,7
24,7
26,3
26,3
26,9
27,5
27,5
28
27,6
28,8
28,8
28,8
28,8
28,8
28,8
28,7
28,8
28,6
28,8
28,8
28,7
28,7
28,8
28,8
29,1
29,9
30
29,9
29
29,1
29,2
29,6
28,6
28,8
28,7
29,1
28,8
28,5
28,8
29
28,8
28,8
28,8
28,8
28,8
29,7
29,6
30,7
30,7
30,1
29,7
29,6
30,2
33,3
34
34,5
35,1
37,2
39,6
41
41,6
45,9
48,1
50,7
50,3
46,8
48,6
49,8
49,5
49,5
48,4
49,7
31,8
22,3
17,9
17,9
17,9
17,9
17,9
17,9
16,8
16,7
16,7
16,7
17,2
18,4
27,9
28,8
29,3
29,2
30,5
31,6
32,7
33,2
33
32,8
32,9
32,8
33,7
33,7
33,7
33,8
35
33,9
34,4
34,5
33,9
33,3
32,3
31,3
33,7
34,4
35
33,8
34,9
35
35
35
35
35
35,9
35,6
35
35,4
35
35
35
35
35
35,3
35,8
35,8
34,8
35,6
28,4
27,6
40,5
40
39,6
39
39,6
39,6
39,6
39,6
39,6
39,5
39,6
39,5
39,6
39,5
39,6
39,6
39,6
39,5
39,6
40,9
46,5
47
47,1
47
45,7
44,5
48,3
48,3
49,5
49,5
49,5
49,9
49,5
49,6
49,5
49,6
49,5
49,6
49,7
49,6
49,5
50,1
49,5
49,6
49,5
49,6
50,1
50,3
49,5
49,6
50,3
50,7
50,4
50,4
50,3
50,6
51,4
50,4
50,8
51
50,3
50,6
50,9
49,8
49,4
49,7
49,1
49,3
49,1
49,2
49,9
50,4
49,2
49,3
50
49,6
50,3
49,6
50,1
49,8
55,3
55,5
57
58,7
58,5
58,6
58,9
59,7
60,1
59
59,4
59,7
60
60,8
60,7
59,3
58,1
59,5
60,3
57
57,4
60
64,2
62,6
64,7
63,6
65,7
62,5
59,7
63,7
62
58,6
58,7
55,3
51,1
53
52,9
57,5
43,5
55,4
60,3
61,1
61,9
64,3
66,5
66,8
67,2
66,8
66,8
66,6
67,3
66,4
67,7
69,2
69,5
69
67,8
66,1
66
66,1
64,4
65,4
65
64,1
63,7
63,5
64
63,5
56,4
60,7
63,3
63,7
64,2
63,5
64,9
64,1
65
63,6
63,4
58,1
55,2
57,6
64,1
67
69,5
69,5
69,7
69,3
69,2
69,4
70
69,6
70,2
69,5
70,4
69,6
70,3
69,1
69,8
69,3
70,5
69,4
70,1
69,9
70,4
70,5
70,9
70,6
71
70,6
70,6
69,9
70,8
70,1
69,3
69,7
70,5
68,8
69,5
69
69
68,4
69,4
70,1
71,7
72,4
72,1
70,9
69,9
69,8
69,7
69,7
70
70,5
64,1
61,2
71
63,9
69,3
73,6
73,5
72,5
72,6
67,8
56,7
56,6
67,1
70,6
71,3
71,3
71,7
69,4
69
69
68,7
68,1
68,1
69,9
69,5
70,4
70,4
72,6
70
71
63,2
63,5
66,2
75
71,6
75,2
75,6
75,3
72,9
73
71,4
69
68
67
64,6
58,3
66,6
67,6
69,5
68,9
69,1
70,3
58,1
47,8
49,5
59
61
68,3
68,5
69,8
69,7
71
70,2
69,8
70,3
69,9
69,8
70,6
71,5
71,1
71,2
69,6
72
66,4
66,7
71,2
63,9
62,4
74,3
72,5
74,8
66,9
71
66,6
70,9
66,2
62,3
65,8
65,5
69,2
69,4
59,8
59
60
63,6
69,3
71,2
69,4
69,6
70,4
70,7
69,3
70,2
70,2
72,6
71,5
69,1
68,4
68,9
69
69,1
69
69
69
68,2
68
57,9
58,2
65,4
67,2
66,4
68
67,3
67
66,3
66,5
62,7
63,9
64,8
64,8
63,2
63,5
62,8
59,6
59,3
60,7
60,3
60,5
57,9
57,1
55,5
55,1
57
55,2
56
57
58,6
59,5
59,7
61,2
63,1
64,9
64,9
66,2
65,8
66,3
65,5
65,7
64,5
65,1
63,1
63,8
61,4
63
62,5
64,3
60,3
61
61,6
61,8
60,8
59,8
60,1
60,9
62,7
62,5
62,9
56,6
60,5
61
60,8
61,1
60,1
62,4
63,4
63,5
57,3
61,3
64
64,1
65,2
65,7
65,1
66,8
66,1
67,5
67,3
67,3
67,7
66,4
68,2
66,5
67,8
65,3
68,8
69,8
67,3
71,7
68,2
71,7
68,6
70,5
69,7
69,7
66,4
65,8
67,3
68
67,9
63,5
65,6
66,2
63,9
63,7
63,7
66,2
66,4
66,7
66,4
65,9
67,1
66,6
65,9
66,4
68,4
67,6
67,7
68,2
69,1
68
66,3
66,2
67,3
68,5
67,8
66,1
65,8
65,3
66,5
68,3
67,5
68,1
65,8
63,3
64,8
66
66,1
65,9
65,7
66,1
65,8
63,6
64,3
67,1
67
67,2
67,1
67,6
67,1
67,2
67,2
67,1
67,1
67,1
67,3
67,4
67,3
67,5
67,4
67,2
67,3
67,4
67,7
68,8
68,7
68,5
70,6
71
71,5
70,8
64,3
68,8
70,6
69,2
71,8
69,9
72,2
68
72,3
70,1
71,2
61,1
56,7
69,5
70,1
71
70,8
70,5
71,9
71,9
71,8
71,6
72,3
71,9
72,4
70,1
73,1
70,8
73,1
68
72,1
71,7
72,1
72,1
72,3
72,2
66,8
71,9
70,8
71,4
68,7
69,8
72,4
72,6
72,9
72,5
72,8
72,5
73
71
73,1
66,6
71,7
71,4
72,2
71,2
66,9
72,4
70,7
71,8
70,4
71,4
71,4
72
70,1
71,7
71,3
72,4
67,1
67,6
73,4
72,9
73,6
73
73
72,9
73,1
72,2
73
72,9
73
69,3
72,5
72
72,5
72
72,6
71,9
71,5
71,3
72,9
72,3
72,8
72,8
72,9
72,9
73,3
73,3
73,3
73
72,8
72,5
72,8
72,1
72,8
71,9
71,8
71,4
71,3
71,3
71,5
71,3
71,3
69,9
48,6
55,4
52,9
63,5
61,9
67,5
69,3
69,6
69,2
68,6
70,2
71,1
72,4
72,1
72,2
71,2
71,4
71,2
71,6
71,2
71,2
70,9
70,1
69,5
70
70
71
70,7
72,6
73,1
72,8
72,6
72,3
72,5
72
72,8
72,1
71,9
72,4
72,7
72,2
71,3
72,3
72,4
71,9
71,6
71,9
72
73,3
73,5
73,1
73,7
73,9
74,3
74,4
74
74,4
73,7
74,4
73,9
73,7
73,9
73,9
73,1
73,4
73,8
72,7
72,5
73,1
73,5
72,3
61,4
54,6
54,8
55,8
54,2
55,3
54,9
55
54,5
54,6
54,4
53,8
53,4
53,5
54,1
53,7
54,2
53,7
53,5
53,8
53,6
53,3
53,2
53,3
53,3
54,5
54,5
54,5
54,9
55,3
54,7
54,9
54,6
54,5
54,6
54,5
54
53,9
54,4
54,4
66,9
70
69
71,2
72
71,5
72,3
71,3
72,3
71,6
72,4
71,2
72
71,2
72,6
71,9
72,7
73
72
71,6
71,4
72
71,8
73
72,2
72,4
72,1
72
71,4
71,8
71,1
72
72,8
72,8
72,3
72
71,3
72
71,8
71,9
71,5
72,2
71,4
72,4
72,8
73
72,2
73,3
72,2
72,1
70,6
71
70,7
72
70,8
72
71
71,8
71,1
72,5
72
71,4
68,5
73,4
69,3
68,2
66,2
62,5
56,9
58,1
59,2
59,2
57,1
64,3
66,4
64,9
62,2
60,7
59,6
58,3
57,4
56,9
59,8
60,8
61,8
62
62,2
62
62,4
61,9
61,4
61,1
61,8
62,7
63,7
65
65,7
65,5
66,7
66,3
57,4
53,9
54,5
54,3
53,9
54,3
54
54,1
56,2
53,9
54,1
53,6
53,2
53
52,9
51,7
52,8
53,4
53,5
53,8
54,4
53,8
54,7
54,2
54,5
54,4
54,4
54,3
54,7
52,8
53,6
54,8
55
52,2
50,6
49,4
46,8
47,3
49,3
50,3
53,4
52,9
53,1
51,8
52,5
52,3
52,1
52,6
53
52,9
53
52,9
52
52,7
52,3
53,1
53,2
53,1
53,4
53,2
52,6
53,3
52,4
52,1
52,2
52,1
51,7
50,9
50,9
50,9
53,5
53,8
52,4
52,6
53,3
53,9
53,9
54,1
53,9
54,7
55,3
54,9
54,4
55,5
55,4
55,6
54,9
55,5
55,3
55,5
55
55,3
54,6
55
53,9
53,5
54,4
54,3
54,6
53,8
54
46,6
42
50,5
53,6
54,4
54,3
54,3
54,2
53,7
52,6
50,5
50,6
50,4
49,3
49,4
45,9
44,5
41,6
39,7
39,5
39,5
39,6
38,5
39,7
39,6
40,8
39,8
39,8
39,7
39,4
39,5
39,9
40,7
40,8
40,4
40,8
40,6
40,8
40,7
40,9
40,6
40,8
40,6
40,8
40,3
39,6
40,4
41
40,7
41
41
41,3
41
40,5
40,8
41,2
40,9
41,1
41
41,1
42,6
42,9
42,7
42,7
43
44,2
44,2
44,4
44,5
37,9
27,9
27,5
27,9
27,9
27,8
27,9
27,9
27,9
27,8
27,9
36
51,5
53,9
53,1
55
54,1
55,1
54,3
54,7
54,4
54,2
54,3
54,1
53,8
54,3
54
54,3
54
54,7
52,5
49,2
44,6
40,3
41,3
49,6
51
54,5
54,6
55
54,9
54,5
54,8
55
54,9
54,5
54,8
54,5
54,5
54,4
54,6
54,3
57,1
60,2
63,2
63,2
63,7
63
64,4
63,2
60,8
59,2
55,9
55,6
50
54,5
63,1
64,7
64,4
63,6
65,4
65,3
64,2
65,4
65,5
66
68,2
56,9
51,1
48,8
50,1
48,6
51,7
50,5
49,8
50,4
48,4
47,9
48,8
48,9
49,4
50,2
49,2
48,8
48,6
48,7
48,6
65,9
65,6
66,1
66
65,8
66
66,5
67
66,9
67
66,6
66,9
67
66,9
67,4
67,1
66,9
67,4
62,6
62
60,8
55,5
54,7
54
54,6
55,2
55,6
55,8
55,7
55,3
55,8
56,7
56,2
56,7
53,3
59
55,4
57
61,7
59,3
59,4
53,4
50,8
55,3
55,2
55
53,7
54,1
50,6
52,2
54,2
54,3
55
55,3
53,8
53,8
53,4
53,6
53,3
53,4
53,1
53,4
53,3
53,9
53,6
54
53,3
49,3
54,1
54,6
54,1
54,6
54,2
54,3
54,2
55,7
55,2
54,4
55,4
56
55,8
55,9
56,1
55,6
55,5
56,4
55,5
56
55,9
56
56
53,8
55,5
56,1
56,4
56,1
56,5
56,1
56,6
56,7
56,6
56,2
56,4
55,8
56,1
55,6
56,9
58,8
62,1
64,1
66
65,4
64,6
59
61,8
64
60,3
61,6
62,3
62
60,6
56,5
64,3
63,3
65,6
65,8
66,6
66
67,5
65,7
64,3
55,6
56
56,5
64,1
63,8
66,2
66,5
66,3
65,8
60,6
66,6
66,6
66
66,6
66,5
64,9
66,9
65,4
70,8
70,5
70,5
68,4
68,9
66,6
67
66,4
67,2
66,5
67,1
66,1
66,7
65,7
66,6
65,8
66,2
65,7
66,5
65,7
48,6
44,6
48,4
47,9
46,7
47,3
45,9
44,2
45,9
45,5
44,7
45,8
51,3
65,2
61,1
63,7
38,3
38,3
38,3
38,3
38,3
38,3
38,3
38,3
38,3
38,3
38,3
38,3
38,3
63,9
63,2
63,6
64,7
64,6
64,7
64,6
63,6
63,7
63,6
63,1
62,8
62,7
62,1
62,6
62
61,9
61,2
62,5
61,9
41,3
34,6
36,5
37,7
38,2
43,3
47,8
47,4
47,2
46,7
47,4
41,6
44,1
41,5
43,3
44,8
45,5
45,8
45,2
45
44,8
44,6
42,7
20,9
20,2
18,9
19,8
20,2
21,7
34,2
48,9
39,8
41,3
56,1
55,2
52,8
53,5
54,6
55
53,1
53,3
55,5
56,2
57
58,3
58,4
60,1
59,2
59,9
59,4
63
62,9
64,4
63,7
64,1
64,3
62,5
64,7
62,4
63,1
62,2
63,3
63,5
62,8
59,9
59,5
64,3
63,5
62,7
62,5
62,6
62,8
62,8
63,1
63,7
64,4
65,7
63,4
64,6
64,5
65,3
64,6
64
64,1
64
58,7
51,6
58,4
61,2
62,2
61,6
61,9
63,5
63
61,4
53,3
56,6
60,1
59,9
59,3
58,4
59,9
64,3
64
61,2
57,2
59,6
61,9
61,3
61,9
61,8
61,9
58,9
60,7
61,4
61,8
61,4
60,5
61,5
62,1
61,6
62,9
64,1
63,1
63,3
62,8
64,3
62,6
62,9
63
63,8
63,3
62,6
64,3
63,9
63,9
58,2
49,3
49
49,1
48,5
46
48,7
56,6
63,5
60
57,1
55,9
51
48
64
63,2
61
60,4
55,7
58,8
57,5
58,4
58,5
60,3
59,2
49,4
51,9
58,3
59,7
59,6
61,1
60
56,3
59,1
60,8
60,5
53,2
60,6
60,3
61,4
61,1
61,7
60,5
58
60,1
61
61,6
61,3
61,1
61,1
60
63,6
63,6
63,4
63
62,4
63,2
64,3
63,8
59,4
62,2
62,7
62,8
64,1
65,1
65,3
65,3
64,9
65,1
64,4
64,3
64,9
65,5
64,1
64,6
64,9
64,6
63,9
64,4
65,4
64,9
65,5
64,9
62,7
64,7
65,3
64,4
64
64
63,2
63,8
64,1
61,6
62,4
60,2
61,3
61,9
61,7
61,3
61,5
61
60,6
61,9
60
59,3
59,1
59,7
61,1
60,2
60
60,1
61,9
61,5
62,4
67,9
68,2
69,9
70
70,4
67,2
70,7
71,4
69,3
73,9
73
73,9
73,4
74,3
74,2
74,7
74,6
74,8
75,5
74,6
75,5
74,8
73,9
73,2
72,8
73
74,2
74,4
74
75
73,8
74,7
71,2
74,1
73,8
74,7
73,6
73,7
74,6
73,8
74
72,8
69,1
71,5
71,1
71,2
71,6
71,5
71,8
71,7
71,9
72,1
72,1
71,5
72,5
71,7
72,3
71
69,9
69,4
69,6
69,8
69,2
68,5
61,9
61,9
61,8
50,7
46,8
45,2
57
59,4
60,4
60,3
60,4
60,4
60,4
60,4
60,1
60,4
60,5
60
60,5
60,2
61,7
61,3
47,1
45,6
46,1
46,5
51,1
47,8
50,8
51,9
52,2
52,4
66,5
68,5
68,6
68,1
67,7
68,3
67,9
67,9
68,6
67,3
62,7
52,6
53,6
45,6
29,6
37,4
47
67,5
63,3
66,8
68,2
67,6
68,2
68,1
67,8
68,1
67,6
67,7
68
67,3
68
67,1
67,6
66,8
67,3
68,3
67,7
68,1
68
70,4
69,8
71,5
68
69,1
68,2
69
68,5
70
68,9
68
64,2
65,2
64,8
66,8
66,2
65,7
66
66,9
67,3
67,8
68,4
67,8
68,7
68,8
68,2
57,5
58,7
65,4
70,1
70,7
70,1
69,9
70,3
69,5
69,4
70
69,4
70,5
69,8
69,8
69,2
67,8
68,1
67,5
66
66,3
66,7
64,5
65,4
65,9
66,4
64,5
66
67,1
66,6
67,2
66,4
67,1
66,2
65,7
66,5
66
66,7
65,7
65,3
64,3
66,4
65,1
66,7
64,9
67,4
67,7
67,8
53,9
65,9
66,7
67,8
62,3
64,6
63,9
63,7
64,1
62,9
65,4
66
65,8
66,7
65,5
65,5
66,4
65,6
65,4
65,9
66,4
67,4
67,4
61,6
68,8
71,6
70,7
72
68,4
70
71
71,8
70,4
71,3
70,7
71
70,5
70,8
70,7
70,3
70,9
70,4
70
69,6
70,1
70,9
71,1
71,2
70,9
71,9
72,1
72,8
72,8
66,6
70,1
68,8
70,2
72,2
73,8
71,9
72,8
72,2
71,2
68,5
69,7
66,9
63,3
61,1
62,8
62,4
63,3
64,2
64,1
63
69,3
72,5
71,8
60,9
59,1
60,6
60
59,7
59,6
60,1
59,5
59,9
59,5
59,7
59,4
59,6
59,2
59,1
59,1
57,4
55,5
63,5
65,6
65,8
65,8
66,6
66,3
65,6
62,5
65,9
65,7
65,9
65,5
65,9
65,5
65,8
65,4
65,4
64,5
65,6
64,8
65,7
65,4
65,2
65,4
65,7
65,2
65,7
65
65,2
65,6
65,6
63,5
65,2
64,4
58,4
57,6
57,6
57,8
57,6
57,4
57,6
57,6
57,6
57,4
55,1
53
52,3
63,9
71,5
72
71,6
69,9
67,2
66,1
65,3
65,4
62,5
64,8
64,2
64,5
64,2
65
55
65,2
62,5
63,3
62,4
63,3
62,6
50,5
46,2
52,1
53,9
54,8
55,3
54,9
54,1
52
52,3
52,9
44,8
49,9
52,9
54,1
54,1
54,1
54,1
54
53,3
52,5
49,2
52,3
52,5
52,8
53,7
53,6
53,7
53,7
55
54,9
54,8
54,5
53,8
54
53,7
53,7
53,7
53,6
53,7
53,6
53,7
53,6
53,7
53,6
53,7
53
53,7
53,6
53,7
53
48
49,5
53,2
54,6
55
54,9
55
54,9
55
54,9
54,6
53,7
53,7
53,8
54,4
53,7
53,7
53,6
53,7
53,6
53,7
53,6
53,7
53,9
54,9
54,9
54,9
54,4
54,3
53,7
53,6
53,7
53,6
53,7
53,6
53,7
53,2
53,7
53,6
53,5
53,3
53,7
53,6
55,7
58,2
57,8
60,6
70,7
71,5
72
71,5
71,4
72,8
70,8
71,9
72,1
70,8
74,3
73
73
73,7
76,3
77,8
76,8
78,3
76,9
78
76,8
77
77
76,6
76,8
77,2
78
78
78
79,2
79,7
75
79,7
80
80,7
80,3
80,5
80,3
76,9
78
77,7
80,3
80,3
80,5
79,1
79,4
80,2
80,6
80,5
80,7
81
81,9
81,4
82,7
80,9
80,9
81,5
81,9
82,2
80,4
81,4
81,3
76,8
82,7
80,6
79,8
80,2
79,9
79,9
79,8
81
75,3
79,8
80,1
74,8
80,5
80,2
80,4
78,3
81,3
79,9
79,1
80
78,6
79
78,9
75,1
79,9
79,1
79,5
61,4
55,1
57
54,9
55,3
53,6
52,5
53,3
57,6
56,8
56,1
59
58,9
57,1
54,4
57,7
57,6
57
58,2
56,7
58,3
56,8
54,1
58,4
56,9
58,6
55,1
58,2
58,4
61,7
66,7
68,5
66,1
67,1
66,9
69,6
64,5
71,8
71
72,3
72
73,5
73
72,4
71,9
72,7
72,4
72,2
71,7
72,2
71,8
72,2
72,3
73,6
69,4
74,2
73,6
73,7
74,2
74,8
73,6
73,9
73,8
72,9
72,5
73,2
73,3
73
73,3
73,2
63,2
56,7
56,1
55,4
56
55,2
55,7
54,1
49,5
55
55
55,5
54,7
48,3
51,4
54,6
51,7
54,6
56,6
50,1
61,7
67,5
66,5
67,9
67,3
67
66,2
66,2
65,7
63,3
64,8
65
65,4
64,9
64,2
64,9
65,5
64,5
65,5
65,5
65,5
65,3
64,6
59
63,9
64,3
64,1
64,2
64,5
63,9
62,7
62,9
63
62,7
62,2
62,7
59,9
56,5
56,5
56
51,2
57,8
57,7
57,3
57,4
57,5
56,9
56,2
56,6
55,6
50
55,8
55,8
54,9
55,3
55,1
55,4
55,3
55,1
55,9
57
56,1
55
54,2
54,8
54,6
51,3
52,6
55,6
55,5
55,5
55,2
52,3
29,9
28,4
28,3
27,7
27,4
27,7
27,1
27,1
27
27
27
27
27,5
27,5
27,6
38,4
39,5
53,4
55,5
64,6
64,8
63,3
57,1
31,9
32,8
36,5
36,4
36,4
36,3
36,6
37,5
43,7
58,3
57
65,5
66,4
68,4
70,2
59,8
38,9
27,5
28,3
49,9
68,2
69,2
76,6
76,5
76,7
76,1
77,3
77,1
77,6
77,2
77,4
76,8
77,8
76,5
77,4
75,4
56,3
60,6
53
36
35,3
33,6
33,9
33,5
32,2
32,5
32,7
63
72,3
70,8
71,3
70,4
71
70,6
70,9
70,9
70,9
70
61,9
37,2
35,6
35
34,3
33,4
35,4
36,9
37
36,4
36,5
35,9
35,7
35
35,2
45,2
59,8
59,4
59,2
58,9
58,7
58,6
58,7
58,1
57,5
57,5
57,5
57,4
57,5
57,6
57,4
53,8
31,8
31,8
31,8
31,8
30,7
31,4
32,2
38,1
38,3
38,6
37,4
36,9
37,2
38,2
52,6
64,6
64,4
63,5
43,9
46,5
56,2
52,4
48,7
50,9
53,4
52,8
52,7
52,1
51,5
52,1
53,1
52,8
51,6
51,9
51,6
51,9
51,3
51,1
50,6
50,2
50,8
51,1
50,2
50,7
50,8
51
50,6
46,4
48,1
33,1
36,1
35,3
36,2
43
48,7
47,3
49
49,7
49,1
48,8
49,2
48,9
49,1
48,5
48,1
50,2
59,5
61,6
62,3
63,3
63,3
64,2
65,1
62,3
63
65,6
65,1
65,3
65
65,2
64,9
65,3
64,8
65,2
64,8
64,7
63,7
63,8
63,8
65,2
65,8
67,4
72,1
73,6
72,7
74,5
74,4
73,6
69
74,2
70,6
69,3
71,5
72,7
73,1
73,9
72,6
73,6
73,8
74,2
73,9
74,3
73,3
69,2
74,1
76,1
73,1
70,5
76,8
77,2
77,7
78,2
78,9
78,8
71,1
77,6
78,1
78,3
77,7
77,9
77,6
77,9
77,1
76,4
76,2
76,3
75,1
72,6
76,5
71,4
77,1
77,6
72,3
76,5
75,8
78,5
78,8
73,1
54,2
75,1
75
76,7
76,9
77,3
77,4
74,9
74,1
77,7
76,7
75,2
65,8
61,3
60,5
59
61,2
65,2
65
65,1
65,5
66,3
66
66,5
65,7
66,2
65,8
65,2
66,2
77,5
76,3
76,7
70,7
77,1
77
73
73,7
73,7
75,7
77,4
77,5
77
77,5
77,9
78,2
78,2
77,8
77,4
77,6
76,7
77,4
77,4
78
77,1
77,8
77,4
74,7
75
77,1
74,7
75,1
52,5
11,4
34,3
65,5
78,6
79,6
78,5
78,5
77,5
77,6
77,2
77
75,8
75,6
71,8
65,2
59
58,8
58,7
58,6
53
59,2
58,6
57,7
58,5
58,9
58,9
58,9
58,8
55,4
53,9
53
53,8
53,3
52,7
52,9
52,8
52,7
53,2
52,7
53,9
53,1
53,3
53
49,2
51
52,8
51,9
50,9
52,5
52,4
52,1
52,2
51,7
52,2
51,8
52,7
52,4
52,1
58
71,4
65,6
61,5
58,5
59,2
58,4
58,4
59,5
59,8
54,4
59,4
60,7
62,8
68,8
69,6
70,1
69,9
69,9
70,6
70,6
71,4
70,6
70,6
69,3
68,9
69
69,2
69,6
68,8
67,7
62,9
63,6
63,2
62,4
62
62,4
62,3
56,8
63,9
62,1
59,7
60,8
61,2
61
61,5
58,5
56,9
57,2
57,4
57,3
57,1
57,5
57,4
56,5
56,1
56,2
56,1
55,8
55,8
56
55,8
50,7
57,5
63
61,6
56,6
60,1
61,7
57,5
56,2
55
56
56,3
57,4
57
56,3
56,6
57,4
56,4
56
56,1
56,3
56,2
55,5
56
55,4
52,4
56,5
56
55,8
56,3
57,5
55,7
57,3
57,1
56,5
55,5
56
55,3
54,1
55,4
55
55
54,3
55,1
54,4
54
53,6
54
53,5
48,6
54,3
55,8
55,1
51,6
31,5
32,9
31,9
31,9
32
32
31,6
31,9
30,8
30,5
31,7
31,8
31,6
31,9
31,7
44,8
46,5
47
47,4
47
47,7
52,9
54,4
56,3
56,3
55,7
56,7
63,8
73
70,2
72
67,7
67,2
66,6
67,2
66,6
49,6
48,6
44,8
35
44,1
47,4
47,4
42,7
34,4
44,2
43,3
45,9
54,7
59,6
53,2
48,5
47,7
49,7
50,7
52
52,1
52,5
40,1
49,8
51,3
51,4
48
50,8
51,9
53,1
51,5
52,4
49,6
45,3
51,6
50,6
51,7
49,7
50,9
48,3
52,2
52,1
52,5
52
52,2
49,6
49,9
51,8
51,6
51,5
48,5
50,7
50,6
52,1
60
58,8
58
60,7
56,1
55,1
60,7
59,9
62,6
61,6
61,9
45,8
42,3
40,6
41,2
41,6
42,9
42,8
42,2
42,2
43
42,8
43,2
42,7
42,8
42,9
43
41,7
42
39,2
36,4
36
40,7
42
42,3
36,3
37,1
36,7
36
34,5
34,6
34,5
34,5
34,6
34,6
34,7
34,4
33,1
33,1
32,1
33
32,1
32,5
32,7
32,7
32,3
33
32,6
32,4
32,3
32,3
32,6
32,9
32,9
33
32,4
32,2
32,3
31,9
38
41,3
41,4
41,6
40,2
41,1
37,3
36,9
36,2
39,9
41,2
40,6
37,8
38,9
38,4
42,2
42
42
41,6
41,8
41,5
41,9
41,3
41,3
41,5
40,2
37,2
40,8
41,4
41,6
41,5
42
42,4
42,5
42,1
41,8
42,1
43,3
43,3
43,7
44,4
45,1
42,9
42,8
45,7
45
44,7
43,9
42,9
31,9
34,8
49,1
47,1
48,1
47,1
51,2
49,8
50,9
45,9
44,3
49,8
45,7
47,5
48,3
48,5
48,4
48,8
48,9
48,9
49,1
48,5
48,3
47,5
47,7
48,4
48
51,6
51,9
53
53,8
53,3
54,5
54,1
54,5
54,2
54,3
52,4
53,2
52,7
53
52,9
52,9
52,4
53,9
52,5
52,7
52
52,6
51,6
52,5
52,1
51,7
47,2
47,4
46,6
46,9
46,4
47,8
47,2
47,2
47,3
46,6
46,5
47,1
47,2
47
46,4
45,9
45,9
45,7
45,8
46,3
46,2
47,2
48,4
49,2
52,2
51,6
52
51
51,9
51,7
52,4
51,6
52,2
52
52,2
51,9
52
50,7
52
51,4
51,5
51,5
50,3
50
51,5
49,4
49,5
46,9
46
45,7
46
46,6
51,2
51,7
52,3
51,8
52
52,3
51,9
52,1
51,7
52,3
51,1
51,4
51,1
49,2
45,5
46,6
46,3
46,7
47,3
48
49,2
50,1
46
42,1
41,3
43,5
43,3
43,3
43,2
43,3
43,2
43,3
43,2
43,1
42
42,1
42
42,1
42
42,1
42
42,2
44,3
47,5
48,6
51,7
50,5
49,9
53,5
52,2
51,7
52
50,7
51,8
50,9
51
50,6
50
43,7
40,4
39,6
44,1
48,2
39,7
2,2
24,9
61,5
63,2
62,8
60,2
55,9
51,2
57
60,2
61,1
61,1
62,3
61,6
64
64,2
62,2
65
59,3
64,9
65,8
61,2
52,6
52,7
52,8
51,9
52,4
50,5
48,5
38
36,7
37,7
38,1
37,7
37,9
38,1
38,5
37,8
38,4
38,3
38,5
38,4
38,5
38,4
38,6
38,4
38,5
38,4
38,4
38,7
38,4
37,3
31,7
30,9
31,3
37,1
38,2
38,3
38
38,1
38
37,7
38
41,9
47,9
45,6
44,7
45
44,4
45,4
44,6
43,3
43,6
43,4
43,9
43,9
45,6
46,1
46,4
46,2
40,7
43,9
45,8
40,5
36,1
36,9
37,3
36,6
36
35,9
36,2
36
35,5
32,1
26,8
25,7
26,3
25,3
22,4
20,9
20
20,1
20,9
20,8
20,8
20,8
20,8
20,7
20,8
20,7
20,8
20,8
20,8
20,9
20,7
11
12
19
20,1
20,3
21,2
21,3
21,3
22,8
32,6
32,7
32,2
30,1
36,3
39
39
41
42,4
40,6
41,1
41,3
41,2
41,3
41,2
41,3
41,2
41,3
40,6
34
32,6
33,6
34,6
34,6
40,5
43,3
42,8
42,8
42,8
42,8
42,8
42,8
42,1
42,7
32,4
26
23,8
21,2
22,4
29,7
28,4
31,1
36,7
37,6
38,7
39,1
39,2
37,6
35,7
34,5
32,8
31,5
31,7
31,7
31,7
31,7
31,7
31,7
32,2
32,9
32,9
31,9
31,7
31,7
31,8
32,6
31,9
31,8
31,8
30,6
32
32,9
35
35,5
36,4
36,4
36,4
36,4
36,4
36,4
36,4
36,2
36,3
36,3
36,3
36,4
36,4
36,5
36,4
36
35,2
35,2
35,1
35,2
35,2
35,3
35,6
36,6
36,5
36,5
36,5
36,5
35,9
35,4
35,3
35,8
32,5
27,8
27,9
27,9
27,8
27,8
27,8
27,8
27,6
28,2
28,3
28,3
28,2
28,2
28,3
28,3
28,3
28,3
28,3
28,2
28,2
28,2
28,1
28,2
28,2
30,2
31,9
31,8
33,4
34,4
34,4
35,5
36,4
37,1
37,8
37,8
41,6
40,2
40,2
40,3
40,2
40,3
39,8
39,8
39,8
39
39
39
40,1
40,3
40
39,5
40,1
39,5
39,5
39,1
39,1
39
39,1
39,1
39,1
39,1
39,2
39,3
39,2
39,1
39,2
39,1
39,1
39,2
39,2
39
39,9
40,3
40,5
40,5
40,6
40,5
39,9
40
39,9
39,2
39,2
39,2
39,2
38,4
38,7
39,2
40,3
39,9
39,3
39,2
39,2
39,2
39,9
38,4
40,4
41,2
37,9
38,4
38,8
39
39,2
39,2
39,9
39,9
40,3
40,5
40,7
41,2
41,1
41,1
41,1
41,1
41,1
41,1
39
35
34,4
34,4
34,4
34,4
34,4
34,5
34,4
34,4
34,3
34
32,9
34,6
34,7
36
35,8
35,8
35,8
35,8
36,8
37
37
36,8
36,7
34,4
34,1
36,4
36,6
36,7
36,6
36,7
36,3
36,7
35,9
36,3
35,9
35,4
35,8
37,1
38,7
41,1
43,6
44,5
41,6
40
39,9
40,1
40
39,9
39,9
40,4
39,9
39,4
39
39,3
38,9
38
37,9
37,9
37,8
34,9
33,5
33,7
33,8
33,9
34,9
37,2
37,5
37,4
35,5
34,1
34,8
35,4
34,8
35,3
35,4
35,3
34,7
35,1
35,4
34,3
35
35
38,8
40,4
40,4
41
41,7
41,6
41,7
41,6
41,7
41,6
41,7
41,6
41,7
41,3
41,7
40,9
40,9
40,9
40,4
40,4
40,4
40,4
40,4
40,3
40,4
40,3
40,4
40,4
40,4
40,4
40,4
40,9
40,4
40,9
41,4
40,9
41,5
41,6
41,7
41,2
41,5
40,8
41,7
41,5
41,7
41,5
40,4
40,4
40,4
40,3
40,7
41,6
41,5
41,7
42
42,9
42,7
42,9
42,9
42,9
42,8
42,6
42,4
42,5
42,8
42,9
41,9
41,7
41,6
41,7
41,6
41,7
41,5
41,7
41,6
41,4
35,4
34,9
32,9
31,9
27,3
22,9
24,3
27,1
27,4
27,6
27,6
27,7
28,1
28,4
28,3
28,3
28,3
28,4
28,3
28,4
28,4
29,1
31,7
33,3
33,3
33,3
33,3
33,4
34,6
34,7
34,6
34,7
34,6
34,6
35,8
37,2
37,5
37,5
37,6
37,5
37,6
37,6
37,6
37,5
37,5
37,6
37,5
37,5
37,2
34,3
38
38,3
37,5
37,3
37,7
35,9
33,3
33,2
32,5
32,8
33,2
33
32
31,1
32
32
32,1
32,1
32,1
32
31,3
30,3
29,7
29,7
29,7
29,6
28,2
25,7
24,7
24,6
24,2
24,1
24,1
24
24
24
24
24,2
24,5
24,5
24,5
24,5
24,5
24,5
24,5
24,5
24,5
24,4
24,1
24
24,3
24,4
24,4
24,4
24,4
24,4
24,4
24,4
24,4
24,4
24,4
24,4
24,4
24,4
24,4
24,5
24,3
24,5
23,5
23,1
22
15,4
14,7
14,2
14,2
14,5
14,2
14,2
14,2
14,2
14,2
14,2
14,2
14,2
14,2
14,2
14,8
15,4
15,4
15,4
16,1
15,6
15,4
15,4
16,5
16,8
20,1
21,7
21,7
21,7
22,2
22,9
22,9
22,9
22,9
22,9
22,9
22,9
22,9
22,9
22,9
22,9
22,9
22,9
22,1
21,3
21,2
22,1
22,1
22,1
22,1
22,1
22,1
22,1
22,1
22,1
22,1
22,1
22,1
22,1
22,1
22,1
22,1
22,1
22,1
22,1
22,1
22,1
22,1
22,1
22,1
22,1
22,1
22,1
22,1
22,1
22,1
22,1
22,1
22,1
22,1
22,1
22,1
22,1
22,1
22,1
22,1
22,1
22,1
22,1
22,1
22,1
22,1
20
18,3
18,3
18,3
18,3
18,3
18,3
18,3
18,3
18,3
18,3
18,3
18,3
19,2
19,6
19,6
19,6
19,6
18,8
18,3
18,3
18,3
18,3
18,3
18,3
18,3
18,3
18,3
18,3
18,3
18,3
18,3
18,3
18,4
19,6
19,6
19,6
20,1
23,1
23,3
23,3
23,3
23,3
23,3
23,3
23,3
23,3
25,6
27,4
28,8
29,6
29,6
29,6
29,6
29,6
29,6
29,6
29,6
29,6
29,6
29,6
29,6
29,6
29,6
29,6
29,6
29,6
29,6
29,6
29,6
28,5
28,3
28,3
28,3
27,4
27,1
27,1
27,1
27,1
27,1
27,1
27,1
27,1
27,1
27,1
27,1
27,1
27,1
27,2
29,2
29,6
29,6
29,6
28,9
29,6
29
28
28,3
28,3
28,3
28,3
30,4
30
29,6
29,6
29,6
29,6
29,6
29,6
29,6
29,6
29,6
29,6
29,6
29,6
29,6
29,6
29,6
29,6
29,6
29,6
28,4
28,3
29,3
29,6
29,6
29,6
29,6
29,6
29,6
29,6
29,6
30,8
30
29,6
30,3
30,4
29,6
29,6
29,6
29,6
29,6
29,6
29,6
29,6
29,6
29,6
29,6
30,8
30,8
30,8
30,8
30,8
30,8
30,8
30,8
30,8
30,8
30,8
30,8
30,8
30,8
30,8
30,8
30,8
30,8
30,8
30,8
30,5
29,6
30,1
30,8
30,8
30,8
30,8
30,8
30,8
30,8
30,8
32,9
45,8
46,2
45,7
46,1
46
45
45
44,9
45
44,9
45
44,9
45
44,9
45
44,9
44,9
40
38,7
38,3
35,1
32
30,3
30
30
30
30
30
30
30
30
30
30
29,8
28,8
28,8
28,8
28,8
28,5
20,5
26,8
21,9
25
25
30,4
31,3
30,5
31,2
31,2
30,9
30
30
30
30
30
30
30
30
29,5
28,8
28,8
28,8
29,6
30
30
29,4
31,2
31,3
31
30,7
30,9
31,3
31,1
31,3
31,2
31,3
31,1
30,8
31,2
30
30
30
30
30
30
29,9
26,4
24,7
26,5
27,5
28,7
29,1
30
30
30
30
30
29,1
28,8
31,1
31,3
31,2
31,3
31,8
32,5
32,7
33,7
33
32,5
32,5
32,5
33
33,7
33,7
33,7
0
0
0
0
0
0
0
0
0
0
34,2
34,2
34,2
34,8
35,4
36,4
26,2
27
27,9
26
26
27,7
28,5
30
29,2
29,2
29,2
29,2
29,2
29,2
29,2
29,1
29,2
28
27,9
27,9
27,9
27,9
27,9
27,9
27,9
27,9
27,9
27,9
27,9
27,9
27,9
27,9
27,9
27,9
27,9
28,4
29,2
29,2
29,2
29,2
29,2
28,6
29,2
29,2
29,2
28,6
27,9
27,9
27,9
28,2
31,2
33,2
34,2
34,5
35,4
35,4
35,5
36,6
36,7
36,6
36,7
36,6
36,7
36,5
36,1
36,6
36,7
36,5
36,6
36,3
35,4
31,5
26,1
24,1
24,1
24,2
24,1
24,4
27
9
13,8
13,6
13,7
1,6
0
0
10,9
16
8,7
8,2
8,2
8,5
8,5
8,3
7,7
7,5
6,4
3,6
14,1
15,7
15,7
14,6
37,3
37,1
37,5
38,3
39
39,1
39,2
39,1
39
38,9
38,5
38,1
38,3
38,8
38,3
38,3
38,4
38,2
38,8
39
40,1
39,8
39,1
40,2
40,8
38
35,5
31,9
32,8
27,7
23,2
23,2
23,8
31
32,8
33,6
33,7
34,4
34,9
33,9
33,7
33,7
33,8
26,8
26,5
23,6
22,1
21,5
23,8
23,9
23,8
24,3
23,8
24,2
23,8
26,5
25,4
24,7
24,5
24
24,6
25
23,8
23,8
25,6
25
24,9
25
24,8
24,7
24,9
25
25
25,1
23,7
25
25
25
25
25
25
25
25
25
25
27
30,7
31,4
30,6
31
30,6
32,9
32,8
34
34,5
35,2
37,7
38,7
40,3
41,1
39,9
40,1
39,4
39,9
40,3
40,2
40,1
40,1
39,7
39,6
37,8
37,8
38,8
39,3
39,2
39,5
39,6
39,8
39,7
38,9
38,4
39,8
40,2
40,2
40,3
40,2
40,3
40,1
40,5
40,6
40,7
40,5
41,1
41
41,5
41,1
41,4
40,2
40,9
41
40,8
42,3
42,5
41,9
42,8
42,6
42,8
41,6
41,3
40,8
41,6
42
42,1
42
41
41,2
40,8
40,6
40,8
41,1
42,1
42,4
42
42,1
39,2
43
42,8
43,1
43,1
43,5
43,1
43,3
42,9
43,7
43,1
43,5
43,2
43,5
43,1
43,5
43,1
43,2
42,8
42,8
43,1
42,9
42,9
44,1
42,8
42,4
43,4
42,7
43,6
44,3
44,8
44,9
45
44,9
45
45,1
45,2
45
45,3
45
45,1
44,3
44,3
44,4
44
37,3
26,1
25,8
25,4
25,8
26,4
26,4
25,8
25,8
25,8
29,3
32,1
33
42,8
48,2
46,4
53,1
54
52,5
57,1
55,2
56,1
55,4
52,4
51,8
51,9
55,2
55,7
37,2
58,9
66,8
67,1
59,6
44
45,2
45,2
45,1
41,7
43,2
45
44,8
45,1
45
45,5
45,3
45
45
44,9
44,9
45,9
46,3
46
45,4
45,1
44,6
45,2
45,7
45,6
45,1
46
45,5
45,4
42,8
47,3
47,1
47,2
47,4
48
48,7
48,9
48,6
48,6
48,6
48,8
48,6
48,7
48,9
48,9
49,1
49,1
49,2
48,8
48,9
49,1
49,2
48,7
45,6
49,5
54,4
55,9
57,1
56,9
57,4
56,7
55,7
54,6
53,7
54,8
56,3
54,4
44,2
62,3
59,6
59,2
62,8
62,9
63,1
63
62
62,1
61,6
63
63
62,9
63,3
63,5
63,4
62,5
62,7
63,1
63,1
62,8
64,5
64,5
65,2
63,3
67,6
67,6
67,8
67,8
67,1
67
64,1
64,6
64,3
63,7
61,7
63,2
60,8
60
59
58,4
59,1
59,5
56,3
46,7
34,8
34,2
44,4
35,4
33,8
36,5
45,2
44,4
43,2
41,4
34,7
34,4
33,4
33,7
33,4
32,5
37,2
38,3
20,7
20,3
20
20
20
20,2
28,1
30,1
28,5
21,3
18,8
43,9
45,7
45,9
53,1
54,8
57,2
57,1
57,2
57,3
50,7
52,3
47,5
44
34,2
24,8
34
42,9
56,3
53,6
53,3
54,2
55,9
52,1
34,1
44,9
53,3
63,1
65,1
66,7
65,7
58,6
59,9
63,6
63,3
66,4
62,8
63,3
64,3
65,1
58,9
61,2
62,5
60,5
64,9
67,6
67,1
67,7
67,1
67,4
68,5
68,1
67,5
65,5
68,8
68,8
69,4
68,8
69,5
67,5
68,5
66,4
66,8
66,4
68,4
63,5
65,5
62
61,3
68,6
70,4
69
65,3
67,4
68,3
69,7
69,9
64,4
59,3
66,6
67,3
68,6
69,2
70
68,5
69,2
69,3
68,3
68,1
68,3
68,9
70
65,7
72,5
71,8
72,3
72
72,2
71,7
71,9
70,8
70,7
70,7
72,1
71,9
72,1
72
71,9
71,4
71,6
71
71,5
70,4
69,9
70,1
70,4
67,8
67,7
70,7
70,5
73,2
76,6
73,3
78,7
74,4
73,4
78,5
79
77,5
78,2
78,4
78,4
76,3
76
74,3
74,6
74,4
73,5
73,8
75,4
74,9
74,7
73,9
73,4
73,1
71,8
70,2
73,5
69,4
73
73,5
73,4
73,6
73,5
73,3
73,2
73,3
73,3
73
72
71,7
71,9
71,9
72,1
71,9
70,9
65,5
56,6
56,7
57
57,4
68,4
68,9
65,2
70
70,4
70,6
71
70,5
70,2
70,4
69,6
70
68,9
68,2
68,5
62,9
63,7
44,1
32,8
28,3
28,3
28,3
30,4
42,5
43,2
42,4
42
40,8
40,8
40,8
42
40,3
40,2
40,7
39
37
38,1
38,3
38,3
35,5
38,3
39,2
39,6
40,4
41,5
40,7
40,8
40,7
40,8
40,8
41
39
35,3
35,5
32,2
32
32,1
32,1
32,1
35,4
41
39,6
39,6
39,5
39,6
40
40,8
40,7
40,8
41,1
42,1
41,9
41
41,5
42,1
42
42,1
42
41,9
40,7
40,8
43,2
46,7
48,1
48,3
47,8
47,1
47,1
48,3
48,3
49
49,6
49,5
49,6
49,5
49,6
49,5
49,5
49,5
49,6
49,5
49,6
49,9
49,6
49,5
49,6
49,5
49,6
49,5
49,5
48,3
48,3
48,5
49,6
49,5
49,6
50,2
50
50,7
50,8
50,8
50,8
50,7
50,8
50,7
50,8
50,8
50,8
50,8
50,8
50,1
50,1
50,7
50,8
50,4
50,1
50,7
50,8
45,2
50,3
51,6
52,1
52
52,1
51,9
51,5
50,8
50,8
51,3
50,8
50,8
50,8
50,8
50,7
50,8
50,7
50,8
50,7
50,8
50,2
50,8
50,7
51
51,9
51,8
50,8
51,8
52
52
50,8
50,8
50,8
50,8
50,8
50,8
50,7
50,8
50,7
50,8
50,7
50,7
50,8
50,1
49,6
49,5
49,8
50,7
50,6
49,5
49,6
49,5
49,6
50
50,7
49,5
49,6
49,5
50,7
50,7
51,5
52
51,4
49,3
47,3
46,2
43,4
43,4
43,3
43,7
45,1
44,9
45,4
46,4
48,2
46,7
45,3
40,4
39,7
45,1
47,8
49,5
48,5
49,6
49,5
49,6
49
48,3
49,1
49,6
49,5
49,6
49,5
49,6
49,5
49,6
49,2
48,1
48,2
47,5
49
49,6
49,5
50,3
49,5
49,7
50,4
51
51,9
51,4
51,6
51,2
51,1
50,8
50,8
50,8
51
50,8
51
51,1
52
50,3
47,6
46
45,7
45,9
48,6
50,8
50,3
50
50,5
50,8
50,8
51,9
51,2
51,9
52
52
52
50,8
50,8
51,6
51,4
52
52,1
53,5
57,2
58,1
58,5
55,9
55,8
55,8
56
55,9
56,1
56,1
56,2
55,9
55,1
55,4
54,5
55,7
55,8
55,6
54,7
54,6
54,6
55,6
54
54,5
52,2
48,2
56,7
56,6
57,4
57,6
57,5
56,8
56,1
56,2
57,1
58,4
58,9
58,8
58,7
55,9
48,1
47,2
46,6
47
46,1
45,8
46,8
48,2
49,1
47,8
49
48,6
48,1
49,2
49,2
49,6
48,4
47,7
45,7
45,7
46,6
47,8
46
45,6
45,6
45,7
46,4
46,7
46,7
46,8
47,3
49,1
49,4
49
49,2
50,7
49,4
49,4
49,3
49,3
49,1
49,1
49
49,1
49
49,1
49,1
48,4
45,2
43,4
48,6
49,2
49,2
49,2
49,2
49,2
49,5
50,3
49,9
50,8
49,7
49,5
49,4
49,4
50,4
50,2
49,3
49,4
49,4
49,3
49,2
48,9
49,2
49,2
48,6
48,3
48,4
48,4
49,3
49,7
49,8
49,8
49,8
49,9
49,9
49,9
49,9
49,6
48,7
48,6
48,6
48,5
48,6
48,6
48,6
48,5
48,5
49,9
53,5
52,6
53,7
55,5
57,9
59
60,5
60,8
61,7
57,5
57,1
49,3
46,7
41,5
41
40,9
41
40,9
41
40,9
40,9
41
42,9
43,3
43,1
42
41,7
39,9
31,2
31,1
31,1
31,1
31,2
44,5
45,2
45,4
46,4
46,5
47,1
47,5
47,8
47,9
47,9
47,6
46,5
46,5
46,5
46,5
46,4
46,4
46,5
47,2
47,5
47,8
47,7
47,9
47,2
46,6
47,7
47,9
46,7
46,6
47,7
48,5
49,5
48,5
49
49,5
49
48,5
49
48,4
48,5
50,6
49,8
41,5
41,2
0
41,7
41,1
39
40,4
40,1
40,4
43,6
44,3
45,4
45,2
45,9
46,8
46,7
46,6
46,4
46,3
45,9
45,2
46,1
45
45,9
46,4
47,3
46,7
46,6
46,7
46,7
46,7
47,9
47,5
46,6
47,3
47,8
47,7
46
46,9
46,4
46
46,2
46,2
46,2
45,9
47,2
47,2
47,3
47,6
47,2
47,2
47,5
47,6
47,4
47,2
48
47,3
48,6
46,1
48,4
47,8
48
47,7
47,9
47,7
47,8
47,4
47,1
47,8
48,8
46,3
47,1
47,5
46,5
47,4
47,8
46,4
47,4
48
50,2
47,8
47,3
47,7
47,7
47,9
47,7
47,8
47,5
47,8
47
47,5
47,7
47,9
47,7
47,5
46,9
46,6
47,4
47,9
47,8
47,6
47,9
48
44,8
47,3
47,7
47,9
47
46,4
46,5
46,5
46,1
45,7
45,9
46,3
46,3
46,5
46,4
46,5
46,3
46,5
46,4
46,5
46
47
47,5
47,1
47,7
46,9
46,5
45,5
45,4
46,5
46,5
47,7
47,6
47,8
46,9
46,5
46,5
46,9
46,8
46,8
46,8
47,9
41
46,3
47,4
48,1
48,3
47,1
47,1
47,3
47,6
47
47
47,2
47
47,8
46,9
46,8
46,9
46,7
46,9
46,7
46,8
46,8
44,1
40,4
40,9
41,2
41,3
40
40,4
41,6
59,7
64,6
62,4
57,6
42,9
41,5
44,3
59,2
63,7
64,5
62,4
61,8
61,5
63,1
64,9
65,3
65,2
66,2
66,4
57,2
56,5
49,9
54,7
57
56
85,3
83
82,5
82,8
83,9
80,4
82,6
84,6
78,5
80,3
83,4
82,1
82,5
81,8
80,7
82
82,2
81,7
82,3
81,5
77,3
80,2
82
82,1
82,2
81,9
82
81,4
82,3
81,3
81,4
81
82,1
81,7
79,2
80,5
80,8
81,5
82
82
80,9
81,1
80,6
81
79,5
73,6
80,6
81,4
81,3
80,7
80,3
78,6
79,1
78,2
78,8
80,5
80,2
80,4
80,3
79,1
79,5
79,5
78
79,3
78,9
58,8
57
58,8
57,5
51,5
63,7
71
71,2
71
71,1
67,2
57,9
66,7
78,3
80
80
80,4
79,2
79,7
80,1
79,5
79,5
79,7
79,8
79,9
80,3
80,4
80,2
80
73,6
80,4
78,2
78,5
80,1
80,2
80,3
79,4
80,7
80,1
79,8
80
79,9
80
79,7
79,9
79,9
79,7
79,9
79,5
79,7
79,3
78,6
74,1
80,6
80,7
81,4
80,5
80,6
80
79
79,4
79,9
78,7
78,9
78,7
78,8
78,7
79,3
79,4
78
78,9
78,8
79,8
79,1
80,1
80,3
80,8
74,4
81,2
80,6
80,9
80,5
80,7
79,8
80,4
80,2
80,6
79,8
80,3
80
77,2
77
80,5
79,3
79,4
77,7
80,4
79,9
81,4
80,4
81
72,6
78,3
82,7
80,9
81
80,2
81,4
80,2
80,4
79,7
79,8
80
80,6
80,1
80,3
79,4
76,9
77,3
74,9
78,7
76,9
81,2
78,1
73,1
81,5
80,2
81,2
80,5
80
81,4
80,7
81,2
80,1
80,6
78,6
78,2
124,3
65,2
72,4
74,8
74,5
73,5
73,3
74,8
75,4
75,6
71,4
76,3
75,4
75,5
69
79,8
77,8
76,6
76,2
75,6
76,2
75,6
76,6
75,7
73,8
66,9
76,2
75,7
75
75,8
75,9
72,4
75,5
75,3
76,7
75,9
75,9
72,4
77,5
75,7
73,5
69,7
77,5
74,8
75,6
76,8
76,4
74,9
77,5
74,3
75,4
76,4
76,6
76,3
73,5
62,2
72,3
69,9
74,3
77,5
80,4
76,3
75,3
80,1
80,9
80,4
80,3
80,5
80,2
80,7
79,9
80,2
80
80,8
80,3
80,2
80,1
81,4
80,7
71,7
73,4
74,4
73,8
78
80,7
81
80,7
82
80,3
80,7
80,3
80,9
80
80,6
79,1
79,7
79,5
80,5
79,2
79,5
78,8
80,4
80,2
81,2
74,2
82,5
80,9
81,3
80,5
79,8
79,1
80,6
79,3
79,3
80,4
80,1
78,8
78,6
78,1
78
77,2
65,7
72,7
78,9
78,7
80
80,7
74,1
72,5
71,2
70,4
74,8
76,4
76,3
76,3
77
76,9
77,2
78,6
77,7
78,7
78,5
78,7
78
78,1
77,8
77,7
77,6
76,2
77,2
77,7
75,5
72,3
76,9
76,5
78,2
78
78,6
77,8
78,5
78,6
78,8
78,2
78,6
78
75,5
69,6
79,6
72,7
78,5
78,7
78,2
77,8
78,1
77,7
76,3
75,2
76,9
79,5
79,4
79,2
79,3
78,7
77,5
75,9
77,8
78,4
78,2
78,3
77,1
76,8
76,4
75,7
75,2
75,3
75,1
75,3
76,3
72,9
72,2
68,8
80,1
57,1
45,9
65,7
70,7
70,1
69,7
69,8
69,4
69,1
69,8
69,4
69
69
68,1
62,7
66,9
66,1
66,4
66,7
63,6
58,5
57,4
60,5
61,1
57,7
56
57,4
61,7
60,1
56,3
54,8
63,6
52,1
54,1
63,1
62,5
63,6
62,7
59,6
61,6
54,5
61,8
60,1
49,3
50,1
51,1
59,8
65,1
64,3
65,3
65,4
65,2
64,5
65,4
65,5
66
65,2
66,1
65,4
65
64,5
65,5
65
63,2
64,9
65
64,3
64,8
59,3
67
67,1
66,4
64,2
65,9
58
67,3
65,3
64,5
62,1
64,7
65
64,3
63,1
63,1
52,9
61,1
63,6
62,8
63,7
65,2
65,9
65
65,8
64,3
65,7
62
64,9
66,2
65,3
63,7
66
67,5
68,1
66,9
67,9
69,8
72,8
73,8
74,8
75,2
76,4
76,1
76,3
76,4
76,4
75,7
77,2
76,1
77
76,3
77,9
76,6
77,7
68,5
78,1
76,5
77,3
76,8
77,4
77,3
77,6
77
77,6
76,2
77,8
76,8
77,5
76,1
77,6
75,2
75,7
75,8
76,7
75,5
76,2
77,3
75,5
73,1
74,8
78,2
78
77,8
77,4
78,6
77,9
78
77,7
77,9
77,5
77,9
77,4
77
77,8
78,8
77,9
78,4
77,8
79,2
76,8
79,6
78,6
78,9
70,6
80,1
78,6
79,9
79,1
78,8
77,8
78,2
78,3
78,4
79,3
78,6
77,6
77,2
70,4
49,3
49,1
49,2
52,1
65,5
64,9
61,4
62,7
63,8
64,1
63,7
61,1
63,7
63,4
62,3
64,1
64,3
62,7
65,6
61,8
60,1
50,9
52,2
64,8
70,3
71,2
70,9
70,1
70
72,2
67,2
72
66,6
68
68,9
68,8
67,6
50,5
47,3
47,9
48,2
47,9
47,8
47,2
47,5
47,9
47,8
48,1
49
49,2
49,1
49,1
49
49,2
49,1
49,2
49,3
49,9
50,1
49,2
49,1
49,2
49,1
49,2
49,1
49,2
49,1
49,2
49,1
49,2
49,1
49,2
49,1
49,2
49,1
49,2
49,1
49,2
49,6
50,4
48,9
48,9
49,8
50,4
50,3
50,4
50,3
50,4
50,4
50,4
50,4
50,4
50,4
50,4
50,3
50,3
50,4
49,9
50,4
50,1
50,3
50,4
50,4
49,5
49,6
50,1
51,8
64,4
64,5
68,6
68,6
69,9
71,1
72,6
71,8
66
64,3
71,1
66,7
72,3
66,3
67,9
72,8
71,8
72,8
68
64,5
61,7
71,9
72,2
72,9
72,6
73,5
72,4
69,4
77,3
71,5
74,7
76,5
76,4
69,1
77,6
76,1
74,4
76,2
75,4
75,2
72,7
78,2
75,2
75
74,4
75,2
73,7
74,6
74,9
74,6
75,5
74,4
75,8
74,9
74,1
74
74,2
73,5
69,6
75,5
73,9
74,3
73,1
75,9
73,2
76,3
75,5
74,7
73,9
72,5
73,1
75,7
74,9
73,2
73,9
75,6
75,6
75,5
75,7
74,7
74
75,1
66,5
75,5
72,4
74,1
73,2
53,8
56,3
71,9
72,4
73,2
76,2
74,9
74,8
73,8
73
72,3
73,6
74,3
73,8
75,1
73,3
72,9
74,4
75,1
73,9
70
75,5
67,4
67,5
69,5
69,5
71
67,6
69
73,8
71,4
70,1
72
73,3
69,4
71,2
69
70,3
70,5
68,9
70,1
69,2
69,1
66,8
68,3
62,6
63,3
64,2
67,4
67,3
67
68,5
68,8
78,4
76,3
78
79,4
75,2
74,4
71,8
65,4
68,6
74,2
74,9
74,6
73,3
74,6
62,3
62,1
63,4
65
68,8
74,6
76,1
76,6
73,8
67,5
74,1
71
71,5
70,4
71,1
72,1
71
66,6
71,3
75,8
75,2
77
78
75,3
68,6
76,1
74,4
72,7
71,8
71
70,4
71,1
68,7
68,7
63,2
67,7
65,1
62,9
66
69,1
69,8
69,1
70,2
68,6
69,5
69,1
68,8
67,9
69,4
70,4
69,8
69,5
69,9
71,2
70,1
67,8
67,9
73,9
70,8
76,6
76,7
75,1
74
74
72,2
73,4
74,6
77
77,4
77,5
76,3
75,9
74,9
77,8
75,4
76,9
75,5
74,1
71
73,7
72,2
74,8
70,7
76,8
76,5
77,1
78,4
77,1
76,1
75,8
54,4
49,7
62,9
76,8
77,1
75
76,5
77,3
78,1
68,5
76,8
75
66,5
77,5
75,3
72
78,1
73,4
72,2
74
76
77,5
76,9
79,5
73,3
75,8
77,2
77,8
75,3
77,3
76,4
73,4
69,3
75,7
71,4
75,8
71,1
75,1
75,5
76
73,7
75,3
73,4
73,8
73,9
75,6
77,1
72,1
76,1
75,4
72,4
74,5
74,7
69,5
71,5
73,9
73,4
73,7
74,5
74,6
73,3
68,8
74,3
73,4
75,1
74,4
73,9
74,7
73,8
73,2
72,6
72,7
70,4
76,2
72,4
72,8
68,5
69,6
74,2
73,1
74,6
75,4
72,1
73,9
68,5
68,9
66,1
72,2
69,2
73,1
69,6
73,6
72,5
70,2
74,2
69,8
75,4
73,3
70,8
73,7
73,5
75,3
68,5
73,4
70
70,7
71,6
73,3
69,4
75
71,8
75,8
72,6
74,2
75,2
74,8
71,7
74,2
69,5
73,1
68,9
67,9
71
69,8
73,4
74,8
69
74,1
71,8
75,8
74,6
73
76,5
74,7
77,1
76,1
77,4
76,2
77,7
76,1
75,9
75
75,9
75,2
76,4
75,6
74,7
73,8
77,3
73
74
70,3
75,1
75,1
74,5
49,6
44,4
45,8
45,7
46
47,1
45,8
48,5
45,7
46,8
46,9
47,6
46,6
47,3
47,3
46,7
47
48,9
46,8
47
41,5
49
48,5
47,6
48,6
47,8
48,5
46,2
48,1
47,1
47,9
46,6
47,8
46,8
48,1
45,9
41,3
38,7
31,7
38,1
41,8
59,9
68,6
74,8
73,2
64,3
66,8
65,3
72
72,7
77,1
71
67,1
68,6
74,5
73,2
76
75,5
75,8
74,9
74,8
68,3
71
68,5
71,4
67,9
71
67,4
70,8
69,6
70,9
75,1
71,7
71,5
75,3
73,6
73,7
73,7
74,4
75
73,2
74,3
74,5
74,1
76,2
74,9
71,8
65,8
70,2
76,3
70,9
70,5
69,5
70,2
64,3
71,4
67,3
72,9
71,8
73,5
71,9
72,4
72,1
73,7
69,7
73,9
68,9
73,8
71
71,7
72,7
71,9
69,3
68,7
66,4
69,3
69
68,2
74,5
73,4
73,7
73,5
67,5
74,8
72,6
73,5
73,2
70,4
69,3
71,5
68,5
73,9
67,8
69,2
68,2
66,7
61,9
65,7
67,1
67,7
67
68,1
68,9
68,4
73,3
69,3
72,5
69,6
72,5
72,4
74,1
73
72,7
73,1
72,5
74,2
75,5
73
75,4
73,3
73,1
74,5
75,8
73,7
75,3
74,2
75,2
75,2
73,2
72,6
76,1
73,1
75,3
75,7
77,5
75,6
75,6
74,8
76,1
74,9
77,1
75,1
75,6
76,6
73,7
76,2
75,1
76,4
73,9
76,7
74,9
72,9
73,7
64,6
72,4
73,9
77
77,5
79,4
78,9
78,8
78,2
78
78,9
79
79,7
78,8
79,2
77,8
79,5
78,8
79,1
78,7
70,1
72,2
68,2
71,2
69
68,4
72,9
79,5
78,7
80,2
79,5
78,8
78,7
77,4
80,5
79,5
79
78,9
77,8
79,9
74,5
69,5
70,5
72,2
80,3
78,7
68,2
62,4
60,5
62,7
63,8
82,2
84,7
80,6
79,4
83,8
84
82,4
84,5
84
83,8
82
83,7
82,2
83,8
82,5
83,9
82,4
83,8
81,5
83,6
81,8
80
81,6
83,2
82,3
83,8
82
82,6
80,2
83,9
82
84,4
82,2
83,9
82,1
83,7
81,2
82,3
82,7
82,9
80,7
83,1
81,7
80,6
81,5
81,9
75,1
82,1
82,7
82,8
81,8
82,3
81,8
81,8
81,8
81,5
82,2
81,8
81,8
81
81,9
81,8
81,3
81,8
82,1
80,7
82,8
75,4
82,3
76,4
82,9
82
82,4
81,2
82,5
82,6
82,2
81,4
82,6
81,1
82,5
81,3
82,4
80,8
82,7
80,8
82,7
80,7
82,6
80,7
83
80,1
82,6
75,7
83,3
81,9
82,4
81,2
82,4
81,8
82,4
81,6
82,4
82,3
82,6
82
82,5
83,2
82,7
82,2
82,8
81,4
83,3
82,7
82,8
82,1
81,9
59
67
76,4
77,2
77,3
77,8
78,1
76,8
78,4
79,2
80,1
78
77,5
76,5
76,4
75,6
76,2
77,3
77,6
78,5
77,8
78
79,1
69,3
75,2
80,3
80,5
75,5
80,5
80,4
81,7
82,7
83
82,2
81,4
79,9
79,8
80,5
81
81,3
82
82,6
82,1
81,8
81,9
81,4
81,2
81
80,9
81
81,9
74,4
80,5
81,2
81
80,7
81
81,4
81,8
82
81,9
80,8
79,4
79,7
80,4
80,6
80,8
81,5
80,6
80
79,4
78,7
78,8
79,1
80,2
80,7
72,6
81,1
79,6
79,6
78,7
78,9
79,8
81
81,2
81
71,3
79,5
78,3
78,6
79,1
80,3
81,1
82
81,1
80,6
79,8
79,7
80,1
81,2
81,9
82,1
82
81,2
79,7
79,3
79,2
78,9
80,7
81,9
80
71,2
79,6
78,3
79,8
79,6
81,5
81,2
81,7
81,8
79,8
78,8
77,8
79,2
79,8
80,5
80,9
80,3
81
79,8
79,5
79,2
79
78,8
78,8
70
81,2
80,2
80,3
79,6
78,9
78,5
78,8
78,1
78,6
78,4
79,4
78,4
78,1
79,2
78,9
78,4
79
79,4
79,4
78,8
78,8
77,6
77,8
76,6
73,9
80,6
81,4
80,4
79,8
78,1
79,5
79,2
80,4
81,1
81,8
82,3
82,7
81,5
80,6
80,5
80,5
81
81,6
81,4
80,7
72,5
80,8
80
80,1
80,6
81,3
81,4
81,1
80,5
79,8
71,2
72,1
77,1
77,9
79,4
78,9
77,4
76,5
78,6
78,9
68,4
67
68,4
65,8
58
60,6
53,7
53,2
53,6
54
55,2
56,3
56,7
56,1
55,1
54,2
53,2
54
54,1
54,5
54,6
54,2
53,6
52,8
52,7
53
53,5
54,1
53,5
46,6
54,5
53,7
43,9
53,7
53,1
57,1
60,4
60,5
60,5
61,1
59,8
60,3
61,3
62,7
63,2
64
70,4
74,3
74,2
73,4
72,8
72,6
73,5
75,4
78,4
80,7
79,1
67,7
72,1
73,2
72
72,3
72,1
80,7
81,1
81,3
79,8
78,4
77,6
77,7
78,7
80,5
81,8
83,3
81,7
80,3
79,1
75,4
78,4
80,7
79,1
67,7
72,1
73,2
72
72,3
72,1
80,7
81,1
81,3
79,8
78,4
77,6
77,7
78,7
80,5
81,8
83,3
81,7
80,3
79,1
75,4
78,4
80,7
79,1
67,7
72,1
73,2
72
72,3
72,1
80,7
81,1
81,3
79,8
78,4
77,6
77,7
78,7
80,5
81,8
83,3
81,7
80,3
79,1
