2,686
2,676
2,686
2,701
2,671
2,717
2,701
2,722
2,786
2,993
2,958
2,863
2,848
2,871
2,885
2,88
2,828
2,886
2,91
2,891
2,88
2,807
2,795
2,749
2,692
2,652
2,635
2,583
2,54
2,591
2,725
2,767
2,85
2,851
2,862
2,879
2,957
3,016
3,085
3,078
3,019
3,041
3,099
3,075
2,985
2,972
2,946
2,813
2,72
2,675
2,635
2,632
2,638
2,751
2,856
2,625
2,559
2,565
2,638
2,699
2,741
2,787
2,803
2,82
2,82
2,824
2,816
2,807
2,812
2,769
2,714
2,673
2,642
2,616
2,578
2,523
2,511
2,503
2,513
2,541
2,548
2,511
2,511
2,559
2,637
2,652
2,681
2,687
2,647
2,666
2,69
2,714
2,628
2,587
2,562
2,499
2,466
2,459
2,427
2,416
2,405
2,489
2,506
2,569
2,581
2,619
2,649
2,81
2,859
2,88
2,871
2,936
3,025
2,925
2,903
2,859
2,834
2,739
2,71
2,644
2,543
2,487
2,485
2,49
2,466
2,519
2,531
2,537
2,529
2,557
2,583
2,592
2,58
2,64
2,679
2,702
2,788
2,781
2,746
2,724
2,678
2,648
2,63
2,608
2,557
2,537
2,543
2,494
2,479
2,563
2,617
2,657
2,709
2,789
2,942
3,045
3,087
3,215
3,301
3,253
3,263
3,29
3,24
3,17
3,092
3,061
3,004
2,875
2,775
2,755
2,748
2,707
2,649
2,675
2,698
2,745
2,806
2,913
2,997
3,065
3,05
3,15
3,226
3,215
3,209
3,206
3,232
3,162
3,168
3,093
3,037
2,98
2,941
2,92
2,856
2,824
2,823
2,861
2,898
2,938
2,909
3,05
3,066
2,994
2,99
3,075
3,136
3,159
3,146
3,137
3,145
3,062
3,028
2,957
2,881
2,818
2,704
2,649
2,642
2,62
2,556
2,529
2,5
2,536
2,532
2,515
2,516
2,549
2,681
2,699
2,78
2,798
2,833
2,835
2,82
2,798
2,744
2,736
2,713
2,695
2,644
2,608
2,601
2,624
2,57
2,558
2,63
2,739
2,686
2,605
2,594
2,518
2,539
2,582
2,659
2,657
2,614
2,654
2,682
2,67
2,565
2,47
2,44
2,411
2,376
2,393
2,405
2,385
2,369
2,473
2,568
2,61
2,86
2,835
2,813
2,977
3,033
3,082
3,115
3,182
3,224
3,205
3,243
3,14
3,14
3,104
3,003
2,916
2,863
2,797
2,765
2,706
2,664
2,696
2,702
2,74
2,792
2,913
3,005
3,062
3,043
3,151
3,14
3,161
3,183
3,184
3,179
3,143
3,104
3,091
3,073
3,025
2,911
2,831
2,743
2,639
2,619
2,654
2,66
2,743
2,752
2,858
2,983
3,081
3,074
3,082
3,141
3,193
3,207
3,149
3,165
3,092
3,106
3,049
2,998
2,944
2,814
2,756
2,714
2,644
2,607
2,619
2,691
2,745
2,713
2,802
2,893
2,954
2,981
3,031
3,076
3,105
3,188
3,248
3,245
3,202
3,194
3,128
3,055
2,999
2,852
2,797
2,748
2,707
2,682
2,701
2,732
2,781
2,862
2,969
3,052
3,089
3,138
3,187
3,189
3,214
3,235
3,181
3,203
3,143
3,133
3,107
3,035
2,974
2,879
2,782
2,742
2,701
2,667
2,601
2,595
2,61
2,547
2,559
2,587
2,638
2,651
2,671
2,714
2,705
2,714
2,731
2,731
2,737
2,696
2,692
2,671
2,68
2,675
2,662
2,584
2,584
2,563
2,565
2,576
2,573
2,547
2,522
2,539
2,586
2,584
2,557
2,573
2,596
2,573
2,583
2,592
2,547
2,525
2,508
2,481
2,479
2,461
2,454
2,461
2,458
2,47
2,528
2,654
2,602
2,629
2,682
2,753
2,855
2,882
2,989
3,091
3,116
3,109
3,082
3,072
2,979
2,944
2,896
2,814
2,749
2,678
2,59
2,569
2,571
2,568
2,569
2,608
2,668
2,648
2,693
2,797
2,875
2,913
2,988
3,103
3,127
3,131
3,13
3,149
3,072
2,983
2,927
2,854
2,76
2,673
2,607
2,559
2,568
2,526
2,549
2,58
2,643
2,659
2,687
2,641
2,426
2,341
2,875
3,021
3,11
3,16
3,163
3,17
3,099
3,057
3,034
2,906
2,82
2,731
2,698
2,611
2,567
2,558
2,605
2,706
2,764
2,752
2,838
3,05
2,71
2,84
3,015
3,146
3,233
3,297
3,284
3,145
3,108
3,104
3,065
2,895
2,78
2,723
2,69
2,661
2,578
2,581
2,603
2,637
2,705
2,761
2,793
2,844
2,891
2,899
2,941
3,025
3,155
3,147
3,138
3,164
3,054
2,942
2,893
2,796
2,693
2,632
2,582
2,585
2,539
2,504
2,489
2,522
2,53
2,491
2,51
2,53
2,565
2,578
2,6
2,601
2,627
2,644
2,62
2,592
2,596
2,601
2,587
2,583
2,586
2,588
2,549
2,516
2,519
2,525
2,486
2,491
2,498
2,458
2,445
2,507
2,522
2,544
2,584
2,672
2,707
2,677
2,679
2,731
2,701
2,627
2,571
2,539
2,518
2,477
2,415
2,388
2,434
2,43
2,477
2,534
2,6
2,685
2,73
2,807
2,938
2,93
2,971
2,823
2,751
2,315
2,497
2,957
3,156
3,139
3,08
3,026
2,885
2,787
2,73
2,729
2,614
2,697
2,605
2,589
2,554
2,592
2,828
2,861
2,792
2,869
3,045
3,177
3,441
3,403
3,311
3,336
2,976
2,893
2,917
2,846
2,761
2,729
2,775
2,678
2,671
2,669
2,716
2,75
2,837
3,032
2,984
3,202
3,318
3,395
3,426
3,557
3,471
3,483
3,382
3,41
3,135
3,036
2,957
2,843
2,806
2,783
2,755
2,65
2,631
2,666
2,733
2,898
3,014
2,962
2,963
2,89
2,979
2,917
3,028
3,067
3,069
3,189
3,244
2,91
2,99
2,802
2,797
2,635
2,638
2,606
2,618
2,513
2,582
2,479
2,654
2,679
2,831
2,902
3,078
3,192
3,16
3,165
3,139
3,336
3,262
3,31
3,225
3,199
3,042
2,923
2,839
2,773
2,754
2,667
2,695
2,651
2,625
2,617
2,588
2,594
2,628
2,645
2,688
2,747
2,754
2,798
2,865
2,78
2,739
2,794
2,83
2,784
2,699
2,599
2,563
2,537
2,566
2,541
2,525
2,489
2,484
2,447
2,496
2,552
2,439
2,524
2,654
2,621
2,695
2,716
2,657
2,66
2,672
2,645
2,634
2,599
2,571
2,538
2,631
2,603
2,356
2,305
2,448
2,271
2,471
2,487
2,475
2,503
2,625
2,736
2,766
2,848
2,913
2,825
2,944
2,978
3,045
3,05
3,09
3,003
2,837
2,698
2,756
2,731
2,67
2,637
2,601
2,602
2,588
2,51
2,562
2,566
2,631
2,818
2,854
2,874
2,897
2,852
2,868
3,012
3,009
2,973
2,887
3,072
2,777
2,682
2,694
2,568
2,633
2,658
2,518
2,536
2,547
2,574
2,554
2,609
2,618
2,641
2,72
2,847
2,943
2,984
3,112
3,172
3,181
3,177
3,157
3,156
2,822
2,438
2,87
2,779
2,807
2,6
2,619
2,755
2,686
2,653
2,477
2,533
2,616
2,67
2,793
2,924
2,98
3
2,934
3,014
3,044
3,07
3,073
2,995
2,865
2,793
2,872
2,915
2,628
2,704
2,722
2,591
2,424
2,559
2,499
2,601
2,812
2,932
2,946
3,069
3,142
3,257
3,26
3,258
3,343
3,43
3,332
3,197
2,962
2,897
2,814
2,843
2,761
2,803
2,75
2,72
2,732
1,633
2,588
2,696
2,711
2,661
2,905
2,993
3,103
3,003
3,024
2,984
2,995
2,924
2,816
2,855
2,811
2,761
2,818
2,788
2,732
2,778
2,711
2,617
2,517
2,481
2,466
2,463
2,427
2,474
2,667
2,736
2,746
2,84
2,869
2,92
2,888
2,847
2,939
2,771
2,68
2,799
2,752
2,788
2,807
2,778
2,735
2,759
2,749
2,795
2,775
2,87
2,916
3,063
3,223
3,286
3,51
3,575
3,673
3,717
3,808
3,673
3,543
3,571
3,352
3,221
3,124
3,097
2,978
2,819
2,734
2,648
2,588
2,594
2,663
2,699
2,959
3,058
3,248
3,335
3,409
3,442
3,546
3,54
3,565
3,556
3,591
3,582
3,379
3,229
3,14
3,072
3,058
2,924
2,849
2,784
2,765
2,673
2,703
2,782
3,021
3,226
3,299
3,335
3,329
3,31
3,356
3,444
3,437
3,459
3,358
3,369
3,183
3,035
2,94
2,911
2,915
2,86
2,988
2,911
2,781
2,864
2,857
2,888
2,927
3,106
3,144
3,198
3,296
3,223
3,256
3,383
3,403
3,375
3,299
3,24
3,087
2,889
2,817
2,838
2,765
2,747
2,766
2,726
2,653
2,655
2,68
2,784
2,871
2,92
3,053
3,082
3,143
3,101
3,192
3,31
3,289
3,246
3,149
3,217
2,973
2,874
2,781
2,713
2,672
2,667
2,685
2,72
2,872
2,771
2,792
2,736
2,696
2,729
2,808
2,807
2,819
2,823
2,816
2,855
2,846
2,899
2,797
2,774
2,701
2,683
2,658
2,649
2,669
2,682
2,688
2,678
2,625
2,602
2,592
2,647
2,638
2,666
2,665
2,644
2,678
2,801
2,844
2,741
2,841
2,804
2,766
2,729
2,738
2,698
2,695
2,629
2,601
2,617
2,592
2,583
2,672
2,669
2,716
2,743
2,835
2,845
2,979
2,93
3,094
3,139
3,211
3,17
3,213
3,167
3,127
3,15
2,862
2,807
2,794
2,708
2,71
2,691
2,611
2,524
2,637
2,682
2,701
2,755
2,799
2,87
2,962
3,022
3,026
3,098
3,007
3,131
3,181
3,251
3,183
3,162
2,937
2,814
2,739
2,75
2,62
2,839
2,792
2,654
2,777
2,769
2,75
2,851
2,951
3,142
3,252
3,238
3,361
3,327
3,386
3,416
3,454
3,484
3,403
3,397
3,183
3,12
3,147
3,143
3,026
3,022
2,948
2,945
2,948
2,909
2,949
3,012
3,146
3,161
3,241
3,269
3,257
3,29
3,335
3,336
3,42
3,445
3,411
3,412
3,284
3,233
3,044
2,983
2,902
2,928
2,819
2,793
2,725
2,799
2,762
2,886
3,029
3,121
3,219
3,226
3,299
3,263
3,246
3,319
3,26
3,241
3,219
3,144
3,018
2,878
2,832
2,821
2,88
2,701
2,679
2,703
2,661
2,664
2,644
2,685
2,679
2,586
2,725
2,695
2,735
2,767
2,787
2,83
2,763
2,687
2,619
2,688
2,723
2,688
2,659
2,617
2,641
2,608
2,563
2,582
2,581
2,524
2,613
2,573
2,583
2,603
2,685
2,675
2,807
2,849
2,92
3,066
2,991
2,879
2,865
2,814
2,778
2,71
2,737
2,762
2,783
2,766
2,734
2,749
2,716
2,681
2,758
2,887
2,84
2,855
2,893
3,048
3,094
3,184
3,13
3,098
3,172
3,211
3,188
3,249
2,978
2,893
2,871
2,753
2,733
2,763
2,683
2,671
2,641
2,698
2,765
2,901
3,058
3,05
3,152
3,261
3,237
3,244
3,289
3,252
3,315
3,359
3,351
3,325
3,164
3,086
2,961
2,929
2,885
2,89
2,851
2,854
2,863
2,813
2,921
2,984
3,048
3,113
3,242
3,185
3,185
3,237
3,261
3,259
3,376
3,283
3,359
3,34
3,279
3,135
3,044
2,966
2,844
2,885
2,859
2,737
2,738
2,637
2,697
2,829
2,947
3,069
3,154
3,092
3,129
3,128
3,189
3,198
3,311
3,375
3,407
3,308
3,178
3,176
3,032
2,954
2,913
2,906
2,855
2,891
2,842
2,84
2,929
3,001
3,018
3,098
3,296
3,291
3,291
3,345
3,331
3,407
3,403
3,383
3,331
3,36
3,056
2,959
2,896
2,808
2,744
2,743
2,72
2,704
2,719
2,713
2,676
2,689
2,677
2,733
2,792
2,8
2,831
2,956
3,054
2,984
2,996
2,969
2,909
2,854
2,841
2,781
2,784
2,799
2,802
2,773
2,776
2,766
2,786
2,732
2,755
2,804
2,651
2,688
2,743
2,76
2,727
2,725
2,73
2,773
2,774
2,792
2,841
2,806
2,803
2,712
2,683
2,651
2,647
2,706
2,7
2,743
2,705
2,709
2,774
2,864
2,825
3,091
3,157
3,294
3,265
3,334
3,402
3,403
3,423
3,46
3,453
3,431
3,231
3,076
3,019
2,927
2,918
2,816
2,808
2,826
2,835
2,862
2,902
3,005
3,033
3,183
3,193
3,272
3,45
3,503
3,609
3,641
3,649
3,714
3,628
3,542
3,326
3,279
3,145
3,03
2,963
2,885
2,778
2,778
2,724
2,717
2,801
2,884
3,062
3,031
3,29
3,415
3,517
3,699
3,793
4,087
3,969
4,049
4,117
3,962
3,477
3,446
3,126
2,908
2,863
2,917
2,896
2,824
2,861
2,827
2,837
2,919
3,066
3,088
3,286
3,345
3,266
3,518
3,665
3,746
3,799
3,819
3,676
3,638
3,426
3,288
3,242
3,165
3,115
3,019
2,967
2,954
2,968
3,031
3,026
3,14
3,218
3,272
3,344
3,305
3,299
3,533
3,86
3,906
3,998
4,028
3,853
3,739
3,576
3,224
3,234
3,176
3,137
3,101
3,128
3,102
3,07
3,064
3,017
3,074
3,001
3,032
3,13
3,137
3,217
3,249
3,196
3,19
3,12
3,182
3,148
3,15
3,067
3,046
3,041
3,016
2,973
2,97
2,994
2,977
2,978
2,967
2,957
3,016
3,005
2,958
3,037
3,227
3,205
3,187
3,198
3,172
3,154
3,151
3,095
3,066
3,077
3,014
3,034
2,984
2,958
3,022
2,976
2,971
2,889
2,843
2,895
2,981
3,096
3,267
3,287
3,612
3,813
3,822
3,973
4,043
4,11
4,02
3,881
3,779
3,557
3,33
3,286
3,144
3,005
3,044
2,999
3,098
2,939
2,999
3,072
3,178
3,374
3,376
3,418
3,714
3,84
4,037
4,187
4,221
4,341
4,11
3,935
4,036
3,779
3,499
3,449
3,437
3,375
3,347
3,293
3,258
3,207
3,168
3,138
3,235
3,363
3,531
3,64
3,636
4,109
4,108
4,407
4,431
4,351
4,357
4,189
4,035
3,834
3,471
3,443
3,308
3,458
3,351
3,324
3,351
3,18
3,106
3,138
3,247
3,38
3,397
3,493
3,708
4,177
4,433
4,346
4,635
4,626
4,336
4,121
4,018
3,589
3,365
3,453
3,247
3,126
3,05
3,102
3,013
3,07
3,071
3,026
3,117
3,311
3,392
3,561
3,593
4,028
4,029
4,073
4,244
4,311
4,073
3,941
4,081
3,514
3,493
3,239
3,109
3,164
3,181
3,252
3,063
3,039
2,991
2,953
3,1
2,91
3,009
3,141
3,149
3,229
3,257
3,302
3,269
3,261
3,266
3,33
3,298
3,204
3,182
3,104
3,067
3,122
3,096
3,066
2,974
2,924
3,01
3,031
2,953
2,954
2,998
3,219
3,289
3,374
3,36
3,371
3,325
3,293
3,381
3,365
3,39
3,304
3,332
3,221
3,111
3,192
3,136
2,995
3,151
3,137
3,118
3,135
3,16
3,263
3,354
3,346
3,744
3,777
4,082
4,257
4,675
4,359
4,325
4,394
4,076
3,851
3,65
3,534
3,406
3,415
3,305
3,232
3,187
3,092
3,079
3,088
3,296
3,29
3,464
3,822
3,87
4,049
4,248
4,557
4,457
4,608
4,688
4,673
4,445
3,968
3,789
3,623
3,359
3,206
3,134
3,11
3,136
3,084
3,124
3,236
3,207
3,452
3,496
3,542
3,864
3,815
4,166
4,226
4,339
4,345
4,368
4,412
4,302
4,124
3,727
3,511
3,382
3,271
3,133
3,05
3,122
3,184
3,124
3,06
3,169
3,226
3,345
3,639
3,874
4,069
4,186
4,321
4,47
4,934
4,889
4,453
4,073
3,65
3,538
3,319
3,256
3,158
3,08
3,055
3,047
3,116
3,088
3,211
3,389
3,522
3,637
3,877
4,028
3,924
4,009
4,024
4,044
4,118
3,912
3,841
3,766
3,562
3,37
3,217
3,168
3,134
3,062
3,112
3,028
3,026
3,198
3,123
2,988
2,904
2,894
2,921
3,018
3,037
3,007
3,103
3,102
3,122
3,31
3,12
3,091
3,018
2,866
2,89
2,862
2,78
2,707
2,715
2,697
2,682
2,68
2,721
2,739
2,781
2,755
2,804
2,904
2,917
2,942
2,921
2,909
2,92
2,952
2,913
2,905
2,912
2,811
2,8
2,741
2,664
2,642
2,643
2,619
2,666
2,69
2,83
3,093
3,026
3,105
3,167
3,433
3,385
3,498
3,658
3,632
3,726
3,648
3,527
3,592
3,457
3,185
3,079
3,011
2,997
2,985
2,894
2,883
2,878
2,904
2,918
3,083
3,198
3,286
3,442
4,057
3,927
4,107
4,398
4,377
4,592
4,91
4,249
3,932
3,503
3,453
3,3
3,182
3,151
3,036
3,014
2,923
2,863
2,921
2,977
3,126
3,309
3,535
3,662
3,566
3,722
3,721
3,075
3,94
3,912
3,811
3,703
3,401
3,201
3,016
2,971
2,883
2,892
2,834
2,751
2,732
2,732
2,751
2,779
2,939
2,991
3,065
3,127
3,223
3,268
3,456
3,547
3,33
3,807
3,735
3,576
3,672
3,416
3,273
3,182
3,016
2,955
2,863
2,816
2,812
2,75
2,763
2,811
2,924
2,938
3,004
3,138
3,207
3,787
3,734
3,814
4,012
4,058
3,929
3,731
3,695
3,494
3,268
3,17
3,099
2,974
2,86
2,854
2,906
2,856
2,867
2,817
2,878
2,928
2,996
3,018
3,031
3,124
3,149
3,113
3,291
3,37
3,288
3,294
3,223
3,214
3,07
2,97
2,898
2,913
2,795
2,713
2,754
2,763
2,782
2,846
2,826
2,816
2,847
2,857
2,855
2,909
3,052
3,113
3,099
3,116
3,096
3,045
3,095
2,985
2,991
2,908
2,879
2,89
2,885
2,815
2,874
2,76
2,856
3,217
3,069
3,267
3,153
3,326
3,514
3,593
3,734
3,814
3,815
3,74
3,799
3,778
3,431
3,285
3,298
3,217
3,182
3,112
3,077
3,085
3,056
2,973
3,021
3,149
3,249
3,293
3,47
3,261
3,145
2,561
3,743
3,076
3,932
4,397
4,149
4,143
3,669
3,325
3,228
3,136
3,133
3,113
3,093
3,048
3,018
3,045
3,037
3,213
3,307
3,409
2,371
3,152
3,217
3,213
3,737
3,023
5,166
5,507
5,274
4,456
3,792
3,325
3,214
3,115
3,176
3,054
3,038
3,025
3,095
3,014
3,009
3,113
3,333
3,467
3,474
3,606
3,748
4,018
4,184
4,147
4,014
3,817
3,616
3,61
3,555
3,332
3,286
3,186
3,159
3,148
3,188
3,133
3,046
2,934
2,962
2,982
3,051
3,053
2,976
3,073
3,207
3,294
3,375
3,56
3,596
3,817
3,733
3,481
3,46
3,226
3,142
3,187
3,123
3,119
2,981
2,848
2,875
2,919
2,908
2,938
2,934
2,938
2,959
2,968
2,97
3,194
3,258
3,386
3,481
3,493
3,441
3,491
3,353
3,265
3,17
3,091
3,114
3,02
2,921
2,865
2,867
2,867
2,856
2,918
2,979
2,918
2,906
3,043
3,041
3,074
3,241
3,227
3,289
3,313
3,332
3,281
3,216
3,065
3,048
3,057
3,051
2,932
2,786
2,88
2,802
2,782
2,887
3,083
2,932
2,946
2,905
3,188
3,27
3,308
3,318
3,364
3,32
3,582
3,632
3,4
3,248
3,118
3,147
3,133
3,055
3,074
3,02
2,974
2,997
2,925
3,008
3,135
2,944
3,285
3,346
3,713
3,721
3,694
3,556
4,381
4,737
4,763
4,6
3,784
3,431
3,303
3,338
3,281
3,267
3,179
3,166
3,089
3,158
3,111
3,152
3,228
3,328
3,474
3,606
4,63
4,84
4,973
4,882
5,239
5,342
5,465
5,442
5,301
4,87
4,548
4,299
3,653
3,244
3,342
3,076
3,264
3,259
3,133
3,199
3,438
3,55
4,027
4,29
4,365
4,286
4,358
4,33
4,73
5,065
4,786
4,75
4,525
4,156
3,793
3,82
3,756
3,563
3,577
3,474
3,281
3,239
3,305
3,375
3,378
3,492
3,544
2,983
3,472
3,436
4,358
4,661
4,94
4,635
4,026
4,014
3,613
3,359
3,371
3,374
3,373
3,282
3,29
3,243
3,184
3,192
3,201
3,172
3,064
3,031
3,113
3,242
3,33
3,715
3,778
4,633
5,371
5,996
5,955
5,692
5,472
5,159
5,073
4,216
3,52
3,417
3,332
3,288
3,284
3,31
3,34
3,235
3,19
3,272
3,218
3,239
3,217
3,28
3,4
3,463
3,603
3,657
3,639
3,587
3,559
3,559
3,551
3,383
3,317
3,228
3,221
3,221
3,147
3,085
3,083
3,139
3,204
3,299
3,277
3,457
4,065
4,745
4,296
4,456
4,617
5,409
5,365
5,313
5,105
4,625
4,442
4,136
3,718
3,158
3,111
3,11
2,56
3,273
3,352
3,359
3,347
3,451
3,575
3,803
3,599
4,021
4,308
4,447
5,328
4,81
4,478
3,89
3,412
3,225
3,131
3,184
3,207
3,217
3,171
3,178
3,222
3,188
3,114
3,31
3,355
3,45
3,467
3,377
3,914
4,343
4,448
3,846
4,073
4,187
4,467
3,97
3,898
3,919
3,687
3,48
3,34
3,259
3,152
3,118
3,097
3,084
3,036
3,153
3,262
3,482
2,672
3,457
4,505
4,838
5,156
4,76
5,216
5,151
5,159
4,915
4,597
3,913
3,786
3,655
3,477
3,429
3,326
3,219
3,181
3,227
3,332
3,329
3,482
3,707
3,369
3,576
3,902
4,404
3,836
4,705
5,421
5,301
5,424
4,819
4,557
3,517
3,386
3,388
3,165
3,224
3,173
3,102
3,104
3,147
3,048
2,994
3,005
3,093
3,195
3,338
3,372
3,571
3,685
3,748
3,904
3,876
4,318
4,789
4,524
4,366
3,499
3,486
3,34
3,248
3,259
3,235
3,17
3,22
3,135
3,111
3,194
3,307
3,379
3,444
3,536
3,729
3,744
4,203
4,565
4,604
4,53
4,676
4,435
3,731
3,57
3,413
3,372
3,288
3,244
3,175
3,206
3,215
3,228
3,309
3,586
3,691
3,88
4,86
6,465
6,608
8,263
9,374
8,836
7,437
7,436
6,63
6,097
5,196
5,075
4,488
3,616
3,704
3,669
3,605
3,623
3,455
3,441
3,43
3,565
3,648
4,59
5,374
5,019
6,442
6,765
6,676
8,069
7,508
7,566
6,5
5,831
5,199
4,424
3,984
3,757
3,689
3,518
3,617
3,574
3,528
3,498
3,564
3,704
4,483
4,892
5,548
6,571
6,773
7,285
7,142
8,065
7,468
7,159
6,963
6,071
5,392
4,873
4,578
3,555
3,686
3,673
3,732
3,69
3,716
3,638
3,759
4,543
4,869
5,01
5,019
4,786
5,108
5,38
6,744
7,015
7,015
6,284
5,797
4,908
4,557
3,806
3,567
3,664
3,553
3,572
3,602
3,606
3,606
3,533
3,546
3,955
4,692
4,512
4,764
5,067
4,998
5,039
5,339
5,533
5,656
5,394
5,09
4,186
3,748
3,8
3,795
3,779
3,678
3,505
3,557
3,509
3,566
3,45
3,583
3,469
3,576
3,467
3,548
3,534
4,465
5,275
5,148
4,498
4,401
4,121
3,309
3,614
3,564
3,636
3,587
3,63
3,451
3,525
3,445
3,506
3,476
3,464
3,403
3,366
3,367
3,351
3,302
3,354
3,888
4,512
4,455
4,589
4,384
4,114
3,431
3,446
3,583
3,487
3,451
3,481
3,471
3,448
3,365
3,41
3,257
3,287
3,347
3,428
3,39
3,548
4,115
5,055
5,292
5,028
5,114
5,124
5,244
5,212
4,799
3,62
3,81
3,726
3,781
3,758
3,548
3,485
3,547
3,42
3,413
3,419
3,393
3,508
3,473
3,648
4,531
5,252
5,383
5,352
5,412
5,361
5,366
5,498
5,354
4,815
4,516
3,863
3,533
3,535
3,456
3,375
3,366
3,357
3,32
3,312
3,274
3,456
3,762
4,312
4,619
4,398
4,976
4,867
5,065
4,458
4,974
5,663
5,341
5,248
4,123
3,647
3,584
3,504
3,405
3,366
3,345
3,387
3,321
3,297
3,381
3,585
3,707
3,623
3,76
4,247
4,918
4,907
4,806
4,636
4,649
4,815
4,747
4,294
3,815
3,732
3,628
3,574
3,494
3,413
3,336
3,282
3,292
3,181
3,281
3,403
3,532
3,469
3,655
3,887
4,593
4,956
4,655
4,639
4,51
4,51
4,201
3,457
3,492
3,444
3,409
3,398
3,244
3,228
3,238
3,194
3,244
3,215
3,104
3,155
3,248
3,331
3,424
3,47
3,729
4,144
4,734
4,902
4,915
4,867
4,861
4,584
3,994
3,551
3,493
3,468
3,415
3,409
3,386
3,383
3,242
3,328
3,168
3,256
3,298
3,382
3,512
4,059
4,61
4,594
4,702
4,408
4,537
4,499
4,391
3,794
3,691
3,58
3,562
3,53
3,505
3,462
3,444
3,425
3,39
3,343
3,404
3,466
3,501
3,527
3,213
4,409
3,914
5,335
6,182
6,208
5,556
4,761
6,222
5,379
5,172
4,701
3,743
3,554
3,432
3,411
3,457
3,456
3,465
3,481
3,842
4,643
4,95
5,532
5,323
5,446
4,705
5,041
5,492
5,781
5,762
5,744
5,173
5,523
5,065
4,879
4,722
4,517
3,6
3,532
3,516
3,542
3,515
3,487
3,493
3,96
4,664
4,954
5,42
5,666
5,421
5,906
5,571
6,62
6,902
6,871
6,745
5,924
4,587
4,061
4,024
3,472
3,572
3,566
3,512
3,533
3,49
3,45
3,443
3,686
4,351
4,664
4,912
4,951
4,29
5,13
5,093
5,363
5,346
5,153
4,906
4,099
3,606
3,653
3,66
3,626
3,488
3,496
3,442
3,469
3,381
3,396
3,355
3,406
3,371
4,027
4,431
4,871
4,993
4,887
5,04
5,165
5,257
5,147
5,007
4,641
3,754
3,669
3,666
3,654
3,541
3,523
3,5
3,502
3,437
3,367
3,309
3,452
3,4
3,384
3,363
3,817
4,624
4,674
4,548
4,148
3,711
3,491
3,573
3,558
3,786
3,409
3,45
3,443
3,409
3,927
4,006
3,954
3,285
3,238
3,229
3,199
3,287
3,355
3,348
3,345
3,395
3,429
3,444
3,673
4,469
4,757
4,963
4,474
3,747
3,373
3,339
3,289
3,306
3,397
3,308
3,302
3,303
3,292
3,312
3,397
3,406
4,222
4,991
5,515
5,113
5,845
6,754
6,962
7,666
7,286
7,162
6,189
5,211
4,749
4,726
4,541
4,354
4,235
3,877
3,888
3,682
3,628
3,859
4,064
4,514
4,758
5,056
4,249
4,082
4,464
4,601
5,174
4,723
4,129
5,266
4,963
5,032
4,32
3,524
3,416
3,171
3,299
3,302
3,374
3,396
3,442
3,4
3,415
3,475
4,004
4,73
4,922
4,294
4,668
4,731
5,129
5,535
5,459
5,095
4,554
4,408
3,849
3,543
3,545
3,431
3,382
3,417
3,423
3,382
3,398
3,376
3,366
3,453
3,688
4,7
4,996
4,643
5,008
5,309
5,583
5,577
5,418
5,435
4,635
4,471
4,203
3,951
3,758
3,602
2,551
3,178
3,193
3,142
3,226
3,322
3,346
3,42
3,89
4,706
5,219
5,563
4,997
5,368
5,152
5,143
5,466
5,54
5,214
4,839
4,107
4,11
4,045
3,797
3,698
3,527
3,591
3,444
3,431
3,425
3,435
3,313
3,205
3,369
3,426
3,461
3,505
3,538
3,481
3,536
3,528
3,53
3,513
4,199
4,357
4,235
4,068
3,247
3,253
3,081
3,099
3,266
3,233
3,205
3,262
3,398
3,359
3,368
3,364
3,391
3,417
3,468
3,503
4,203
4,422
4,585
4,49
4,089
3,599
3,38
3,24
3,258
3,254
3,232
3,202
3,211
3,245
3,334
3,436
3,425
3,981
5,063
5,387
5,865
5,683
5,645
5,755
5,348
5,447
4,977
4,718
4,836
4,538
4,433
3,66
3,554
3,496
3,394
3,399
3,402
3,376
3,377
3,365
3,6
4,474
5,205
5,304
5,507
5,099
5,386
5,628
5,584
5,424
6,055
5,327
4,828
4,47
3,739
3,68
3,567
3,472
3,485
3,467
3,45
3,412
3,441
3,529
4,339
4,366
3,706
4,672
5,773
5,681
5,891
6,033
6,001
5,801
5,504
5,202
4,599
3,247
3,831
3,873
3,795
3,682
3,709
3,729
3,643
3,563
3,545
3,632
3,777
4,452
5,382
6,075
6,422
6,398
6,333
6,072
6,567
6,263
6,125
5,186
4,52
4,218
4,052
3,927
3,548
3,607
3,73
3,758
3,715
3,667
3,655
3,64
3,708
3,691
4,684
5,037
5,245
5,367
5,351
5,205
5,085
3,924
3,838
3,862
4,999
5,115
4,91
4,14
3,61
3,518
3,421
3,39
3,533
3,445
3,384
3,542
3,555
3,61
3,59
3,627
3,73
3,875
3,843
5,094
5,806
5,824
5,501
5,313
4,602
4,027
2,113
3,79
3,909
4,059
3,912
3,519
3,569
3,622
3,453
3,538
3,678
3,498
3,448
3,54
4,278
4,76
4,909
5,117
5,141
4,934
4,822
4,221
3,425
2,514
3,647
3,686
3,672
3,602
3,634
3,598
3,65
3,467
3,616
3,599
3,546
3,643
5,203
5,572
5,786
6,447
6,394
6,294
6,541
6,244
5,874
5,173
4,829
4,414
2,679
1,778
2,739
4,199
4,686
4,453
4,318
4,251
4,186
4,35
4,568
4,431
4,47
4,506
5,471
6,073
5,472
6,737
6,94
7,056
6,208
4,626
5,12
4,802
4,508
4,461
4,034
4,015
3,834
3,831
3,707
3,637
3,754
4,283
4,472
4,971
4,992
6,022
5,75
6,011
6,227
6,796
6,977
7,158
5,73
5,835
6,036
5,952
4,614
4,839
3,332
3,85
3,88
3,908
4,15
3,943
4,086
4,384
4,436
4,735
4,875
4,146
4,558
5,733
5,922
5,829
5,866
5,539
5,602
3,196
4,449
4,29
4,182
4,325
4,078
3,897
3,721
3,808
3,712
3,729
3,87
4,208
4,148
4,137
4,359
4,83
4,782
4,746
4,806
6,098
6,942
3,844
6,068
5,413
4,397
4,294
4,276
3,76
3,311
3,203
3,372
3,374
3,454
3,482
3,445
3,436
3,526
3,585
3,668
3,589
4,25
4,001
3,961
4,144
4,148
4,162
4,27
4,011
3,995
4,045
4,051
3,824
3,726
3,638
3,568
3,492
3,457
3,449
3,42
3,568
3,656
3,719
3,869
3,918
4,036
3,551
3,127
4,062
4,94
5,787
5,813
5,367
4,958
4,551
4,175
3,919
3,724
3,81
3,77
3,797
3,839
3,738
1,789
2,614
4,14
3,831
4,903
6,25
6,878
6,34
6,369
6,278
5,679
6,108
5,86
5,345
5,125
4,637
4,419
4,268
2,379
3,877
3,535
3,428
3,589
3,939
3,704
4,14
4,431
3,297
4,311
3,98
4,77
5,74
5,994
5,811
5,065
4,992
4,978
4,378
4,413
4,297
3,936
3,959
3,996
3,962
3,916
3,894
3,871
3,778
3,789
4,1
4,09
4,313
4,531
4,645
5,012
5,142
5,181
4,374
5,877
6,714
6,731
6,268
5,282
4,271
3,946
3,065
3,532
3,537
3,52
3,446
3,641
3,486
3,676
3,958
4,205
4,327
4,688
4,944
5,211
4,935
5,874
5,682
6,872
6,517
7,466
7,251
6,4
5,097
4,185
3,936
3,866
3,667
2,952
3,587
3,456
3,409
3,742
3,148
4,838
4,28
5,749
6,612
6,965
8,287
8,865
9,795
10,894
11,065
10,989
9,273
7,841
6,617
5,562
5,381
5,192
5,162
5,099
4,696
4,539
4,525
4,464
4,524
4,685
4,768
5,005
5,189
5,715
5,462
5,507
5,291
5,27
5,51
5,649
5,675
5,473
5,056
4,444
4,042
3,896
3,802
4,096
4,07
4,051
3,718
3,985
4,253
4,442
4,426
4,26
4,459
4,728
5,045
5,009
5,245
5,326
4,97
4,524
4,425
4,481
4,21
3,217
3,805
3,75
3,642
3,975
3,687
3,708
3,745
4,099
4,387
4,518
4,772
5,347
5,689
5,432
5,188
5,806
6,54
7,881
8,595
7,609
6,608
5,925
4,888
4,632
4,179
3,872
3,758
3,811
3,668
3,674
3,999
4,109
3,392
4,454
5,505
7,4
9,443
10,538
11,18
10,819
10,363
10,968
10,695
10,221
8,382
7,014
5,7
5,579
4,87
4,841
4,527
4,262
4,069
4,277
4,249
4,306
5,07
5,141
6,2
6,433
6,755
7,213
7,412
7,681
8,263
8,124
8,22
8,205
7,659
6,873
6,217
5,577
4,972
4,779
4,588
4,467
4,583
4,465
4,418
4,597
5,171
5,512
6,175
7,061
7,172
7,377
8,233
8,785
9,481
9,735
9,705
10,527
11,273
10,775
8,806
6,487
5,172
4,822
4,82
4,592
4,486
4,442
4,364
4,662
5,473
6,027
7,314
8,626
10,42
11,445
11,325
11,41
11,809
14,389
15,243
14,825
13,3
9,94
7,983
6,568
5,441
5,41
5,037
4,909
4,843
4,633
4,762
4,674
5,176
5,431
5,857
6,155
7,131
7,751
8,349
8,849
9,123
8,38
7,445
6,846
6,464
6,273
5,688
5,267
5,014
4,742
4,605
4,652
4,384
4,311
4,562
4,796
4,996
5,028
5,002
5,343
5,494
5,632
5,345
5,313
5,771
5,845
5,823
5,872
5,599
5,421
5,177
4,898
4,515
4,741
4,674
4,556
4,469
4,2
4,24
4,341
4,922
5,152
5,252
6,055
6,614
6,651
7,126
7,419
7,592
7,774
7,556
7,125
6,772
5,923
5,836
5,382
4,963
4,673
4,246
4,403
4,325
4,353
4,319
4,058
5,891
5,139
6,676
7,698
9,168
10,047
10,071
11,039
11,319
11,952
12,578
11,352
9,243
8,042
7,307
6,117
5,565
5,149
4,958
4,393
4,503
4,419
4,505
4,539
4,949
5,127
5,407
5,587
5,715
5,848
5,854
5,923
5,759
4,888
5,403
5,526
5,372
5,004
4,522
4,696
4,643
4,529
4,492
4,494
4,635
4,85
4,712
4,857
5,091
5,034
4,983
5,438
5,574
5,566
3,709
6,629
6,763
6,63
6,968
6,151
5,515
5,373
4,889
4,727
4,661
4,485
4,111
4,252
4,182
4,159
4,143
4,145
4,567
4,818
4,896
4,85
4,955
5,054
5,263
5,476
6,136
6,493
6,628
6,463
6,167
6,081
5,48
4,688
4,749
4,521
4,405
4,261
4,213
4,094
3,919
4,082
4,249
4,322
4,559
4,954
5,278
6,624
7,193
8,073
8,913
8,953
8,87
8,568
8,667
7,74
6,526
5,754
5,548
5,031
4,851
4,699
4,609
4,435
4,564
4,645
4,54
4,805
4,804
4,861
4,941
5,178
5,306
5,398
6,093
6,015
5,888
5,631
5,469
5,349
5,194
5,048
4,82
4,512
4,536
4,411
4,241
4,274
4,143
4,349
4,767
5,17
5,501
7,306
8,213
9,477
10,451
10,591
12,197
9,204
8,514
8,357
7,089
6,372
5,356
5,044
4,79
4,383
4,556
4,405
4,353
4,238
4,223
4,42
4,831
5,245
5,35
5,276
6,28
7,079
8,452
8,153
8,355
11,376
11,667
11,258
9,525
7,605
6,749
5,825
5,411
5,197
4,942
4,824
4,728
4,489
4,625
4,7
4,987
5,275
5,324
5,178
5,247
6,255
6,315
6,589
6,866
6,763
6,672
6,539
5,992
5,3
4,792
4,557
4,509
4,338
4,249
4,315
4,073
4,181
4,335
4,572
5,06
5,195
5,059
5,585
6,244
6,798
6,859
6,686
7,335
7,732
7,533
7,156
6,546
6,051
5,612
5,145
4,925
4,855
4,766
4,549
4,542
4,477
4,453
4,757
4,661
4,882
5,709
6,603
7,371
8,054
10,111
10,487
10,938
11,279
10,841
9,858
8,887
8,309
7,177
6,431
5,756
5,366
5,224
5,301
5,021
4,79
4,797
4,387
4,609
4,839
4,841
5,46
5,767
6,021
6,765
7,757
7,854
7,691
7,412
7,211
7,015
6,612
6,535
5,947
5,759
5,57
5,258
5,304
5,342
5,084
5,271
5,126
5,011
5,166
5,112
5,376
5,316
5,546
5,719
5,839
6,056
6,208
6,229
5,492
5,55
5,573
5,263
4,582
5,349
4,573
4,625
4,701
4,369
4,509
4,506
4,812
5,651
5,484
5,771
6,252
6,251
6,257
6,403
6,369
6,472
6,845
8,943
11,307
12,213
9,334
7,174
5,988
5,491
5,667
5,32
5,185
4,932
4,711
4,952
5,219
5,752
6,123
6,735
7,251
9,003
9,931
11,892
14,001
14,278
14,207
13,144
13,255
11,154
9,721
8,091
7,021
5,904
6,157
5,351
5,185
4,88
4,568
4,685
4,991
6,074
6,559
7,121
10,035
11,598
10,193
16,093
20,378
20,599
20,804
20,322
18,726
15,251
13,193
11,696
10,892
9,654
7,845
6,761
6,098
5,769
5,157
5,218
5,449
6,711
7,972
16,045
19,819
21,302
21,951
21,892
22,342
24,871
27,135
27,039
23,119
17,722
15,255
13,836
12,494
10,697
9,605
8,88
8,34
7,254
6,88
6,617
6,793
8,818
11,86
14,402
19,179
24,813
24,2
23,673
23,649
23,19
24,191
24,229
22,036
19,175
15,735
13,243
11,65
9,836
9,033
8,466
8,032
7,927
7,204
6,837
6,899
7,522
8,656
10,108
12,132
14,018
14,357
14,768
15,615
16,023
16,099
15,907
15,752
14,714
13,086
12,385
11,607
10,698
9,978
9,131
9,462
8,841
8,433
8,063
7,653
8,069
9,13
10,813
12,593
14,763
14,858
16,145
16,463
17,11
17,255
17,12
16,621
15,485
14,023
12,861
12,802
11,289
10,699
11,237
10,223
10,179
10,091
10,464
11,716
14,096
14,681
14,33
13,947
13,396
13,54
12,886
11,798
12,452
12,673
12,721
13,276
11,592
9,869
8,344
7,356
6,915
6,691
5,987
5,871
5,8
5,904
6,016
6,055
6,838
6,959
7,572
7,885
8,96
11,129
12,681
13,293
14,344
13,347
13,643
13,024
10,927
9,065
8,101
7,783
7,182
7,015
6,764
6,773
6,076
6,021
5,929
6,442
7,407
7,469
7,714
8,67
10,188
11,657
11,978
12,064
10,725
9,614
9,701
9,047
7,523
7,118
6,727
5,958
5,5
5,428
5,152
5,48
5,208
5,282
5,14
5,481
5,54
5,86
6,574
6,635
6,46
6,484
7,014
7,195
7,573
7,476
8,113
9,542
8,956
8,644
7,492
6,286
5,657
5,054
4,954
5,048
4,682
4,456
4,253
4,35
4,996
5,159
5,799
6,75
7,12
7,498
9,343
10,31
10,952
10,956
10,392
10,071
8,948
8,056
7,224
6,471
5,457
5,394
5,234
4,885
5,134
4,681
4,615
4,947
4,734
5,057
5,477
6,226
7,408
8,487
10,053
10,118
11,153
11,438
11,586
10,958
9,251
7,681
6,436
6,149
5,602
5,362
5,121
5,171
5,08
5,208
4,984
5,155
5,215
5,336
5,374
5,511
5,741
6,257
6,782
6,833
7,203
7,507
8,905
8,972
8,717
7,95
6,811
5,977
5,573
5,604
5,388
5,475
5,33
5,353
5,218
5,397
6,014
6,261
6,985
7,128
7,638
8,31
10,2
10,463
11,907
11,727
12,032
11,421
10,424
8,821
7,614
6,391
5,823
5,614
5,194
5,352
4,904
4,919
4,893
5,203
5,44
5,717
6,432
6,962
7,253
7,635
9,94
12,287
13,749
13,423
12,322
11,385
10,292
9,184
8,223
7,036
6,075
5,486
5,118
5,332
5,368
5,087
5,426
5,306
5,838
6,143
6,782
7,541
8,805
10,898
12,529
12,488
12,21
11,907
11,856
10,928
9,181
7,865
7,006
6,122
5,679
5,467
5,171
5,099
5,357
5,035
5,366
5,073
5,832
6,29
7,086
7,559
7,839
9,689
10,181
10,712
11,875
11,559
11,083
10,576
9,453
8,445
7,429
6,855
5,841
5,521
5,577
5,004
5,135
4,782
4,296
4,581
4,816
5,31
5,922
6,699
8,725
9,728
11,663
12,718
15,397
15,859
15,343
14,211
10,583
8,991
7,142
6,758
5,924
5,922
5,613
5,659
5,747
5,455
5,33
5,425
5,71
5,955
6,188
6,741
7,376
8,777
9,556
9,533
9,897
9,828
9,898
8,736
8,067
7,453
6,518
6,093
5,917
5,473
5,413
4,981
5,026
5,043
4,881
4,865
5,096
5,055
5,374
5,392
5,629
6,296
7,043
7,278
7,369
7,376
7,544
7,445
6,822
5,671
5,363
5,087
5,115
4,912
4,814
5,069
4,814
4,909
4,662
4,967
5,344
5,616
5,969
6,476
6,969
7,781
8,437
10,361
11,261
12,407
11,874
10,88
9,353
8,371
7,089
6,034
5,814
5,72
5,458
5,391
4,982
4,619
4,68
4,514
4,93
5,355
5,738
5,936
6,371
6,471
6,687
7,493
8,758
9,379
8,614
7,81
7,66
7,154
6,805
6,336
5,636
5,439
5,359
5,036
4,964
5,109
4,972
5,151
6,052
6,181
6,694
7,233
7,664
8,923
10,946
12,988
13,546
12,83
13,094
12,567
10,482
9,57
8,461
7,481
6,668
6,285
5,86
6,12
5,615
5,371
5,206
5,336
5,759
5,673
6,29
6,616
6,807
7,035
7,046
7,311
8,604
9,287
9,111
9,044
8,249
7,263
6,874
5,796
5,645
5,224
4,923
4,872
4,661
4,739
4,674
4,81
5,424
5,233
5,928
6,375
6,617
7,292
7,365
9,481
9,85
9,792
9,888
8,779
8,247
7,33
6,68
5,998
5,447
5,096
4,849
4,516
4,608
4,361
4,369
4,607
4,546
4,579
4,515
4,485
4,574
4,945
4,938
5,176
4,973
4,66
4,711
4,714
4,921
4,856
4,547
4,372
4,139
4,152
4,202
4,055
4,051
4,167
3,942
4,03
4,062
4,271
4,212
4,468
4,575
5,05
4,91
5,047
5,327
5,035
4,926
5,177
4,454
4,508
3,949
4,099
4,46
5,136
5,07
4,705
4,587
4,529
4,49
4,532
4,298
4,364
5,034
6,798
7,43
7,289
7,27
7,101
7,253
7,133
7,538
7,77
7,027
6,749
5,817
4,899
4,034
3,849
3,473
4,745
4,998
4,768
4,376
2,744
3,029
4,35
6,309
7,324
7,374
7,472
8,018
8,505
8,994
9,721
10,347
7,91
1,875
4,625
3,467
5,661
5,655
8,376
8,396
5,485
4,938
4,475
4,517
4,381
4,848
5,304
6,007
5,916
5,77
6,053
6,373
6,798
7,241
7,546
9,745
9,817
9,771
8,585
6,752
5,919
5,369
5,121
4,907
4,764
4,448
4,176
4,255
4,45
4,541
5,082
5,605
5,964
6,106
6,316
6,852
7,3
7,955
10,007
10,625
11,613
10,899
9,234
7,406
6,383
5,591
5,177
5,265
5,112
5,04
4,872
4,52
4,74
5,299
5,263
5,741
6,251
6,367
6,959
7,587
7,803
8,883
9,629
9,07
8,405
7,508
6,544
5,942
5,591
5,169
4,877
4,799
4,809
4,842
4,726
4,465
4,331
4,386
4,479
4,614
5,021
5,554
5,941
6,274
6,521
6,71
7,065
7,282
7,427
6,978
6,353
5,94
5,454
5,43
4,95
4,592
4,481
4,363
4,346
4,684
4,436
4,805
4,771
4,814
5,124
5,459
6,039
6,847
6,933
6,476
6,201
6,337
6,078
5,987
5,773
5,375
5,221
5,264
4,879
4,601
4,384
4,119
4,268
4,233
4,129
4,739
4,806
5,641
6,236
7,732
9,019
11,042
12,79
15,106
16,082
15,732
15,217
14,638
12,761
10,689
9,321
7,556
6,752
5,998
5,477
5,42
5,523
5,525
5,698
6,106
7,068
8,827
9,703
12,643
19,386
23,651
23,744
25,261
25,833
24,678
23,6
19,467
14,877
12,632
11,871
10,616
8,754
7,102
6,809
6,408
6,222
6,747
7,126
8,008
8,856
8,502
9,044
9,94
10,629
12,81
14,836
15,902
15,304
14,755
13,937
11,891
9,835
8,747
8,022
6,808
6,541
6,212
6,018
5,91
5,971
5,646
5,769
6,459
6,504
7,697
9,583
13,797
16,549
16,768
18,658
22,677
21,66
21,135
19,935
15,926
13,12
10,486
10,086
9,012
7,757
7,053
6,774
6,622
6,414
6,271
6,275
7,13
7,806
9,879
15,039
19,506
19,597
19,132
19,09
19,541
19,752
19,977
19,481
16,311
11,805
9,832
8,116
7,313
6,603
6,109
6,079
5,938
5,477
5,303
5,464
5,375
5,598
5,775
6,229
6,643
6,838
7,24
7,881
9,354
9,685
9,822
9,631
8,882
7,856
6,907
6,446
5,976
5,689
5,553
5,393
5,338
5,156
5,124
5,055
5,078
5,329
5,724
6,346
6,865
7,369
7,8
7,656
9,616
10,129
10,349
10,235
9,891
9,36
8,414
6,871
6,565
6,248
5,454
5,185
4,862
4,854
4,659
4,815
5,172
5,611
6,977
9,669
12,497
14,877
15,335
18,183
18,636
19,097
18,9
18,896
17,057
12,804
9,63
8,587
8,006
7,096
6,771
6,652
6,406
6,181
6,2
6,183
6,857
6,578
7,224
7,621
8,012
9,905
11,932
12,69
12,759
14,568
15,155
15,226
14,012
11,438
8,96
8,795
7,345
6,748
6,164
5,976
5,875
5,7
5,683
5,884
6,43
6,674
7,211
7,625
9,792
11,762
13,285
13,497
11,867
12,247
12,282
12,184
10,763
8,447
7,199
6,448
6,207
5,73
5,434
5,065
4,757
4,656
4,53
4,607
4,317
5,071
5,869
7,386
9,2
15,759
19,202
19,892
20,714
20,735
20,016
18,669
15,134
12,588
10,491
9,19
7,837
6,79
6,413
6,178
5,898
5,886
5,308
5,224
5,41
5,803
7,652
9,376
11,234
14,536
18,897
21,123
21,179
20,815
25,382
21,303
21,41
16,249
12,902
10,125
8,045
6,638
6,089
5,662
5,671
4,791
5,114
5,256
5,581
5,934
6,824
8,37
10,409
12,877
14,35
16,891
17
16,695
15,872
13,599
11,907
10,894
10,05
9,146
8,395
7,592
6,745
6,049
6,002
6,065
5,894
6,11
5,871
5,982
6,372
6,685
7,46
9,422
10,396
12,343
13,622
13,276
13,536
13,606
13,045
12,018
10,688
9,764
8,846
8,797
7,288
6,811
6,675
6,015
5,809
5,888
6,211
6,76
7,468
8,414
14,163
15,919
24,865
25,244
22,22
18,704
26,592
26,447
18,497
17,704
13,019
8,96
7,483
6,681
6,559
6,29
6,264
6,037
5,694
5,808
6,184
7,001
8,239
9,632
12,034
15,728
19,323
22,175
22,76
23,218
23,94
24,193
22,174
16,716
12,431
10,464
8,891
7,714
6,41
6,347
6,225
5,843
5,982
6,169
6,254
7,223
9,13
10,847
15,041
18,798
22,444
23,652
23,568
24,683
25,169
23,793
20,273
15,839
12,061
10,273
8,684
7,861
7,145
7,005
6,805
6,247
5,806
5,504
5,933
6,942
8,853
10,276
12,377
15,544
21,527
23,463
24,551
24,304
23,505
22,029
19,109
16,145
12,537
10,816
9,454
7,992
7,612
7,019
6,715
6,985
6,511
6,396
6,201
6,689
7,703
10,142
12,662
18,155
22,161
23,398
23,644
23,507
22,944
21,124
16,508
13,816
11,005
9,488
8,38
7,513
6,953
6,562
5,874
5,465
5,58
5,407
5,523
5,566
5,827
7,469
9,984
11,764
12,951
13,22
13,574
14,196
15,224
15,056
13,363
10,868
10,173
9,836
8,997
7,74
6,817
6,672
6,328
6,178
5,826
5,509
5,244
5,459
6,334
7,799
9,74
10,441
12,405
13,463
15,384
17,116
16,093
14,608
13,852
12,214
12,116
11,284
10,47
9,557
8,764
8,252
7,477
6,894
7,089
7,262
8,05
8,665
9,512
11,046
13,361
12,079
14,013
18,605
22,539
23,657
22,395
18,297
14,223
10,868
9,099
8,307
7,497
7,073
6,803
6,795
6,962
7,233
7,51
7,859
8,773
9,796
10,186
10,454
10,62
10,622
10,623
12,739
15,826
15,85
19,149
17,261
12,392
8,781
7,169
6,804
7,077
6,927
6,597
6,055
6,34
5,956
6,459
6,189
6,874
7,143
7,828
9,277
10,658
10,812
10,285
9,673
10,319
10,703
10,703
13,605
13,039
10,463
9,21
8,338
7,768
6,967
6,573
6,67
6,819
6,766
7,316
7,789
8,173
10,16
10,831
10,702
10,959
11,163
10,853
10,855
12,509
14,82
15,182
14,753
9,879
8,145
8,023
7,129
6,696
6,693
6,252
6,012
6,018
5,769
5,746
5,827
6,386
7,102
7,835
5,957
6,894
9,046
10,334
11,246
13,072
13,166
13,648
12,124
9,734
7,934
6,654
6,212
5,996
5,494
5,569
5,191
5,23
5,192
5,11
5,11
5,355
5,271
5,864
5,93
6,435
7,163
7,518
7,543
8,32
9,482
9,569
9,19
8,258
6,801
6,55
6,204
6,019
5,669
5,453
5,19
5,165
5,363
5,376
5,23
5,272
5,338
5,727
6,242
6,864
7,34
8,397
9,076
9,632
9,651
9,121
8,786
7,947
6,812
6,182
6,08
5,847
5,317
5,132
4,843
4,972
4,975
5,106
5,23
5,644
5,689
6,395
6,884
7,347
8,53
9,502
9,51
9,605
9,727
9,89
10,066
9,015
7,348
6,32
5,852
5,617
5,126
4,868
4,896
4,954
4,74
4,77
4,998
5,403
5,601
5,787
6,303
6,371
6,724
7,008
7,149
6,78
7,142
8,519
8,637
7,257
6,251
5,693
5,321
5,289
5,166
5,084
5,156
4,979
4,951
4,951
4,587
5,631
5,531
5,97
6,371
7
7,368
7,708
8,136
8,347
9,143
9,807
9,533
8,467
6,541
5,955
5,691
4,82
4,685
4,727
4,637
4,66
4,615
4,546
4,603
4,786
4,932
5,624
6,329
6,619
7,055
6,973
7,442
8,124
10,107
10,38
9,911
9,351
7,339
6,405
5,72
4,818
4,441
4,328
4,395
4,345
4,15
4,234
4,383
4,48
4,748
5,449
5,795
5,891
6,798
7,582
6,999
7,894
9,643
11,274
10,708
8,02
6,559
5,303
4,97
4,459
4,659
4,286
4,111
4,305
4,051
4,105
4,115
4,116
4,27
4,507
4,377
4,707
4,681
4,736
4,994
5,011
5,057
5,018
4,485
4,713
4,638
4,539
4,267
4,293
4,067
4,096
4,003
4,084
4,166
3,859
3,925
3,755
3,97
3,635
4,406
4,403
4,676
5,444
5,703
5,984
5,466
4,896
5,953
6,255
5,288
3,736
4,44
4,446
4,176
4,259
4,171
4,18
3,897
3,81
3,981
4,113
3,968
4,184
4,1
4,529
5,202
7,014
7,859
7,384
9,132
9,174
8,394
7,475
5,795
4,737
5,175
4,864
4,785
4,664
4,573
4,356
3,82
2,488
4,507
4,292
4,435
4,653
5,444
6,713
6,938
8,577
9,147
9,297
9,278
9,708
8,752
8,351
7,081
5,722
4,866
4,82
4,579
4,453
4,42
4,203
4,17
4,109
4,005
4,434
4,599
4,27
4,46
6,724
7,6
9,234
11,243
12,7
12,124
13,357
13,553
10,346
7,671
6,302
5,287
4,537
4,622
4,326
4,392
4,473
4,509
4,472
4,442
4,607
4,892
3,811
4,2
6,062
6,746
7,214
11,27
12,635
12,88
12,274
11,075
8,389
7,032
5,777
5,44
4,99
4,735
4,489
4,38
4,347
4,034
4,412
4,517
4,73
4,814
5,357
5,941
6,724
10,254
11,161
16,03
14,357
15,61
13,506
11,013
9,33
7,227
6,203
5,893
5,12
5,107
4,842
4,687
4,767
4,37
4,515
4,453
4,385
4,67
4,877
4,925
5,546
6,564
6,802
7,167
6,937
8,365
8,935
6,811
5,749
5,067
4,899
4,73
5,075
4,823
4,259
4,005
4,772
4,482
4,984
4,587
4,116
4,286
4,302
4,613
4,951
4,884
5,05
5,171
5,377
5,46
5,44
5,416
5,065
4,864
4,846
4,718
4,623
4,373
4,548
4,53
4,524
4,762
4,832
4,894
5,387
5,88
6,349
6,678
7,295
8,895
10,882
13,433
15,943
12,83
13,603
12,445
10,923
8,502
6,25
4,672
5,712
6,031
5,788
5,327
4,535
4,86
4,044
4,434
3,959
4,867
6,972
7,333
7,138
8,096
8,363
8,089
8,34
8,494
8,52
7,646
6,542
5,276
4,227
4,405
3,92
4,354
3,909
3,818
3,808
4,125
4,053
4,234
4,344
4,507
5,408
6,636
6,751
6,974
7,649
7,971
8,387
8,067
8,102
8,76
7,454
5,421
3,439
4,943
5,498
5,585
3,574
4,735
4,393
4,44
4,576
4,691
4,942
6,609
7,413
7,976
8,355
9,096
10,178
9,915
9,736
9,277
8,843
8,048
6,972
4,972
6,057
5,313
5,107
4,918
4,731
4,681
4,547
4,438
4,556
4,606
4,629
4,87
4,993
6,274
7,53
8,31
8,879
8,931
8,943
8,304
7,386
7,187
7,011
4,949
4,456
4,401
4,442
4,335
4,384
4,412
4,391
4,404
4,371
4,363
4,299
4,248
4,297
4,523
5,072
5,268
5,535
5,777
5,937
5,927
5,903
5,83
5,481
4,581
3,513
4,472
4,599
4,729
4,734
4,552
4,374
4,585
4,169
3,675
4,09
3,85
4,363
4,327
4,263
4,519
5,194
5,577
5,941
6,043
6,26
6,203
5,878
4,274
4,087
4,178
4,074
4,285
4,149
4,1
4,077
4,217
4,139
4,023
4,343
4,165
4,087
3,746
5,143
6,274
6,676
6,726
6,471
5,872
5,854
6,09
6,102
4,949
4,322
4,314
3,951
3,874
3,717
3,658
3,863
3,933
4,025
4,097
4,352
4,507
4,478
4,561
4,596
4,59
5,085
5,967
6,442
6,988
7,267
6,309
5,912
4,252
4,626
4,462
4,327
4,437
4,173
4,466
4,303
4,216
4,139
3,858
3,458
2,481
4,522
4,94
5,844
6,543
7,58
8,343
9,017
8,777
8,512
7,721
4,1
4,923
4,764
4,335
4,715
5,008
4,993
4,716
4,683
4,526
4,374
4,461
4,696
4,773
4,966
5,003
5,229
5,368
5,582
6,567
6,997
7,192
6,922
5,948
5,703
4,922
4,819
4,648
4,622
4,451
4,421
4,311
4,146
3,991
3,837
4,072
4,311
4,316
4,458
4,662
5,232
5,598
6,186
6,998
7,953
7,552
5,849
4,969
2,42
4,29
4,987
5,229
5,122
4,916
4,607
4,147
4,03
3,961
3,574
3,295
3,332
3,351
3,397
4,152
4,386
4,637
4,856
4,978
5,017
4,925
5,111
5,011
5,028
4,997
4,855
4,758
3,94
3,876
3,718
3,637
3,282
3,328
3,311
3,296
3,239
3,232
3,325
3,439
3,423
3,556
4,64
5,336
5,699
5,73
5,688
5,727
5,469
5,096
4,132
4,013
3,909
3,738
3,41
3,309
3,328
3,324
3,301
3,312
3,361
3,365
3,642
4,282
5,05
6,486
9,081
7,154
7,521
8,018
6,229
6,957
6,276
4,286
4,278
4,143
3,994
3,674
4,691
3,697
4,796
3,874
3,772
3,645
5,021
3,891
3,98
5,415
6,665
6,965
7,291
7,602
7,284
6,836
7,001
6,985
6,328
4,763
3,806
4,558
4,215
4,424
4,439
4,257
4,144
4,13
4,282
4,214
4,269
3,806
3,353
4,417
6,078
7,006
6,333
6,388
5,382
5,783
6,11
6,316
6,056
5,927
5,186
4,705
4,481
3,983
4,217
4,068
4,059
4,075
4,066
4,115
4,309
4,637
4,656
4,303
4,275
6,123
8,145
8,32
8,378
7,967
7,499
6,854
5,969
5,263
4,674
4,343
4,414
4,404
4,231
4,399
4,195
4,241
4,127
4,021
4,369
4,638
4,482
4,821
4,967
5,696
7,273
7,176
5,849
6,345
7,723
7,065
7,22
5,799
5,118
4,379
4,486
4,081
3,993
4,036
3,767
3,819
4,005
3,836
3,837
3,867
3,907
4,319
4,61
4,787
4,833
5,134
5,174
5,167
4,978
4,241
4,164
3,977
3,881
3,793
3,861
3,732
3,769
3,81
3,843
3,71
3,578
3,591
3,619
3,579
3,727
3,769
4,059
4,376
4,463
4,725
4,794
4,654
4,71
4,57
4,454
3,961
3,517
3,441
3,514
3,533
3,473
3,389
3,391
3,268
3,326
4,278
4,213
4,08
4,713
4,746
4,859
5,042
5,372
5,964
7,758
7,746
7,617
6,347
4,954
4,814
4,674
4,802
4,429
4,104
3,953
3,804
2,994
3,333
3,322
3,287
3,213
4,148
4,134
4,193
4,536
5,254
5,557
5,581
5,855
6,758
6,464
5,777
4,48
3,784
3,648
3,242
3,321
3,253
3,262
3,61
4,121
3,322
2,864
2,867
3,095
3,926
4,056
4,285
4,787
5,074
5,046
5,072
5,134
4,994
5,013
4,715
4,3
4,247
4,194
3,954
3,765
3,761
3,626
3,631
3,501
3,291
3,386
3,374
3,632
3,754
3,885
4,089
4,022
4,88
4,894
4,787
5,019
5,019
5,126
4,946
4,266
4,117
4,074
3,856
3,652
3,616
3,587
3,565
3,581
3,579
3,375
3,468
3,559
3,65
3,724
3,926
3,849
3,866
4,371
4,319
4,411
5,252
5,278
4,915
4,637
4,23
4,216
4,048
3,665
3,58
3,354
3,271
3,194
3,204
3,148
3,038
3,123
3,11
3,124
3,182
3,207
3,278
3,601
4,266
4,257
4,144
4,287
4,251
4,031
3,942
3,81
3,629
3,548
3,316
3,361
3,394
3,36
3,135
3,158
3,161
3,033
2,948
3,12
3,098
3,243
3,279
3,308
3,361
3,418
3,424
3,399
3,918
4,112
4,011
3,752
3,591
3,411
3,329
3,178
3,326
3,282
3,296
3,368
3,479
3,687
3,52
3,643
2,503
3,622
3,847
3,908
4,02
4,505
5,239
5,13
4,835
4,648
4,091
3,603
3,66
3,516
3,461
3,441
3,217
3,166
3,359
3,151
3,236
3,414
3,426
3,618
3,767
3,922
3,974
4,011
4,333
4,366
4,387
4,357
4,396
4,096
4,18
4,105
4,075
4,1
3,817
3,574
3,445
3,45
3,453
3,23
3,431
3,472
3,556
3,601
3,78
3,895
4,073
3,922
4,679
6,306
5,281
5,211
4,93
4,402
3,863
2,99
3,342
3,145
3,251
3,128
3,195
3,111
3,285
3,219
3,196
3,283
3,153
3,472
3,937
3,777
3,928
4,047
5,475
6,09
6,503
5,981
5,612
4,843
3,743
2,972
3,249
3,13
3,263
3,204
2,959
3,028
3,215
3,274
3,256
3,32
3,156
3,055
3,182
4,139
4,648
4,873
5,021
5,234
5,358
5,105
4,746
4,404
4,412
3,974
3,426
3,359
3,063
3,024
3,212
3,099
2,888
2,893
2,92
2,789
3,07
3,672
3,505
3,538
3,561
3,718
3,838
3,875
3,886
3,941
3,705
3,796
3,736
3,527
3,414
3,275
3,24
3,299
2,878
2,872
2,957
2,861
3,045
2,871
2,806
2,918
2,827
2,933
3,065
3,453
3,906
3,76
3,969
3,918
3,696
3,472
3,491
3,421
3,502
3,201
3,205
3,124
3,064
3,099
2,985
3,019
2,993
3,08
3,086
3,155
3,226
3,123
3,643
4,179
4,425
4,171
4,3
5,083
5,077
5,044
4,843
4,706
4,476
4,18
3,865
3,461
3,355
3,206
3,508
3,308
3,474
3,575
3,649
3,811
3,962
3,876
4,058
4,147
4,493
5,561
5,436
5,292
4,499
4,198
3,474
3,444
3,315
3,266
3,352
3,34
3,218
3,269
3,296
3,294
3,356
3,603
4,151
4,046
4,111
4,648
4,831
5,302
5,37
4,608
4,419
4,508
4,44
4,258
4,186
4,149
4,046
3,917
3,908
3,697
3,667
3,625
3,544
3,559
3,719
3,81
3,924
4,223
4,404
4,444
4,366
4,425
4,418
4,483
4,607
4,913
4,827
4,757
4,388
4,346
4,165
4,046
3,922
3,803
4,073
3,786
3,702
3,573
3,481
3,832
3,895
3,981
4,17
4,266
4,772
5,42
5,613
5,761
5,577
5,288
4,83
4,345
4,288
4,015
4,022
3,894
3,782
3,762
3,677
3,608
3,697
3,563
3,546
3,559
3,531
3,617
3,726
3,684
3,8
3,905
3,917
3,906
3,986
3,947
3,947
3,892
3,9
3,824
3,857
3,623
3,489
3,564
3,47
3,473
3,492
3,514
3,462
3,397
3,402
3,629
3,487
3,627
3,526
3,024
3,35
3,476
3,474
3,513
3,508
3,484
3,438
3,467
3,492
3,416
3,284
3,258
3,207
3,175
3,203
3,058
3,081
3,11
3,507
4,033
4,083
3,891
4,769
5,001
5,008
4,942
4,982
4,938
4,785
4,589
4,575
4,098
3,844
3,435
3,44
3,231
3,247
3,184
2,982
3,049
3,021
3,138
3,078
3,23
2,766
2,784
4,805
4,679
4,661
4,724
4,937
4,743
4,438
4,383
4,153
3,978
3,631
3,347
3,27
3,217
3,139
3,14
3,121
3,053
2,989
2,989
3,118
3,156
3,418
3,698
3,854
4,222
4,861
4,986
5,126
4,984
4,828
4,631
4,418
4,096
3,861
3,586
3,512
3,249
3,297
3,378
3,068
2,867
2,929
2,901
3,154
3,314
3,276
3,671
3,834
3,877
3,89
4,05
4,117
4,147
4,192
4,131
3,991
3,943
3,835
3,578
3,585
3,452
3,55
3,549
3,361
3,14
3,185
3,282
3,109
3,281
3,442
3,413
3,709
3,766
3,761
4
4,026
4,112
4,074
3,974
3,694
3,808
3,695
3,553
3,128
3,081
3,016
3,039
3,017
2,994
2,983
3,029
3,041
3,095
3,009
3,774
3,768
3,64
3,65
3,674
3,765
3,586
3,408
3,442
3,607
3,361
3,333
3,219
3,139
3,395
3,336
3,322
3,224
3,197
3,153
3,22
3,341
3,331
3,29
3,431
3,465
3,37
3,454
3,511
3,599
3,568
3,681
3,637
3,491
3,497
3,578
3,486
3,34
3,323
3,235
3,307
3,207
3,415
2,985
3,071
3,397
3,773
3,791
3,922
3,928
4,142
4,365
4,565
4,851
4,873
4,441
4,321
4,263
4,146
4,214
4,122
3,912
3,937
3,801
3,619
3,621
3,635
3,617
3,647
3,691
3,828
3,872
4,01
4,024
4,073
4,028
4,259
4,179
4,16
4,24
4,193
4,098
3,993
3,725
3,582
3,512
3,552
3,446
3,33
3,274
3,278
3,149
3,242
3,317
3,512
3,535
3,682
4,007
4,154
4,145
4,059
4,79
4,508
4,403
4,431
4,243
4,135
3,849
3,68
3,511
3,492
3,388
3,511
3,331
3,298
3,252
3,368
3,475
3,754
3,605
3,732
3,722
4,062
3,879
4,049
4,028
4,196
4,13
4,128
3,894
3,951
3,971
4,004
3,776
3,691
3,507
3,597
3,461
3,421
3,45
3,552
3,648
3,845
3,941
4,102
4,242
4,322
4,259
4,351
4,539
5,319
5,236
5,153
5,019
4,281
4,364
4,089
4,069
4,007
3,821
3,798
3,812
3,855
3,917
3,925
3,886
3,874
3,827
3,946
4,028
4,014
4,007
4,081
4,162
4,123
4,19
4,12
4,072
4,093
4,134
3,914
3,787
3,644
3,698
3,78
3,57
3,625
3,629
3,801
3,87
3,721
3,935
3,614
3,931
3,905
3,905
4,163
4,098
4,035
3,979
3,964
3,803
3,812
3,712
3,621
3,745
3,79
3,615
3,769
3,401
3,676
3,52
3,695
3,859
3,74
3,914
3,923
4,23
4,517
4,522
4,344
4,229
5
4,904
4,821
4,575
4,372
4,286
4,088
4,055
3,98
3,908
3,945
4,029
3,924
3,892
3,997
4,191
4,191
4,17
4,209
4,361
4,474
4,386
4,38
4,41
5,043
5,332
5,241
5,137
5,018
4,581
4,281
4,206
4,063
4,013
3,964
3,816
3,922
3,979
3,96
3,945
4,138
4,362
4,489
4,666
5,055
5,103
5,192
4,887
4,593
4,507
4,616
4,488
4,437
4,082
4,159
4,115
3,948
3,952
4,124
3,794
3,807
3,928
4,132
4,038
4,241
4,268
4,369
4,665
4,544
4,633
4,787
5,362
5,424
5,168
4,848
4,777
4,65
4,574
4,48
4,125
3,996
3,964
3,65
3,77
3,425
3,545
3,67
3,918
3,96
4,094
4,361
4,35
4,46
4,46
4,566
4,596
4,473
4,151
3,871
3,718
3,922
3,663
3,435
3,522
3,237
3,385
3,668
3,764
3,678
3,652
3,676
3,548
3,697
3,655
3,556
3,395
3,586
3,775
3,76
3,819
3,905
3,47
3,422
3,373
3,587
3,531
3,627
3,452
3,26
3,374
3,192
3,284
3,348
3,441
3,603
3,506
3,542
3,422
3,36
3,506
3,473
3,537
3,669
3,681
3,633
3,506
3,385
3,433
3,432
3,324
3,308
3,145
3,182
3,545
3,544
3,202
3,157
3,21
3,262
3,666
3,624
3,542
3,8
4,041
4,101
4,148
3,935
4,211
4,36
4,317
4,349
4,345
4,048
3,838
3,912
3,909
3,648
3,608
3,553
3,249
3,176
3,402
3,308
3,599
3,691
3,782
3,989
4,192
4,304
4,217
4,184
4,386
4,47
4,379
4,392
4,067
4,12
3,771
3,753
3,927
3,735
3,563
3,542
3,511
3,483
3,443
3,832
3,62
3,751
3,771
4,008
4,258
4,495
4,857
4,831
4,786
4,807
4,802
4,684
4,61
4,304
4,502
3,877
3,902
4,121
3,716
3,59
3,515
3,444
3,471
3,673
3,789
3,975
3,897
4,321
4,263
4,312
4,097
4,089
4,303
4,342
4,31
4,036
3,911
3,563
3,361
3,379
3,237
3,23
3,104
3,016
3,065
2,992
2,988
3,13
3,213
3,331
3,392
3,749
3,851
3,709
3,627
3,762
3,738
4,064
3,871
3,605
3,629
3,189
3,171
3,113
3,105
2,963
3,195
3,165
2,854
3,24
2,702
2,821
2,739
3,014
2,871
2,897
2,947
2,882
3,012
3,067
3,378
3,087
3,067
3,23
2,802
3,061
3,007
2,919
2,827
2,953
2,918
2,841
3,096
2,697
2,776
2,799
2,897
2,704
2,848
2,746
2,683
2,875
3,137
2,917
2,961
2,957
2,789
2,875
2,796
3,197
2,788
2,871
2,954
2,589
2,936
2,65
2,552
3,059
2,463
2,802
2,837
2,923
2,852
2,945
3,187
3,414
3,629
3,588
3,623
3,668
3,863
3,628
3,711
3,466
3,641
3,339
3,156
3,502
2,922
3,18
3,246
2,896
3,089
3,073
3,168
3,282
3,593
3,681
3,991
4,087
3,727
3,719
3,785
3,763
3,6
3,441
3,458
3,44
3,449
3,364
3,327
3,434
3,12
3,182
3,217
2,962
3,158
3,225
3,106
3,271
3,381
3,461
3,596
3,707
3,713
3,668
3,647
3,724
3,757
3,782
3,934
3,843
3,756
3,643
3,565
3,584
3,495
3,15
3,127
3,275
3,045
3,06
3,169
3,176
3,427
3,515
3,536
3,402
3,471
3,451
3,667
3,687
3,586
3,746
3,712
3,781
3,636
3,418
3,344
3,139
3,056
3,093
2,98
3,254
3,356
3,247
3,363
3,256
3,559
3,745
3,915
3,708
3,737
3,676
3,857
4,011
4,05
4,014
4,067
4,031
3,764
3,639
3,502
3,341
3,386
3,261
3,232
3,238
3,139
3,169
2,962
2,951
2,985
3,147
3,285
3,243
3,34
3,149
3,379
3,231
3,141
3,118
2,971
3,013
2,971
2,949
2,916
2,912
2,879
2,966
3,117
3,038
3,289
2,867
2,861
2,866
2,754
3,131
2,909
2,86
2,949
2,792
2,963
2,972
3,025
2,865
2,911
2,999
2,88
3,196
3,019
2,996
2,918
2,91
3,017
2,759
2,901
2,809
2,854
3,113
3,119
3,313
3,271
3,349
3,205
3,458
3,578
3,572
3,501
3,513
3,514
3,445
3,323
3,208
3,264
3,277
3,036
3,158
2,965
2,748
2,883
2,911
2,909
2,912
3,024
3,24
3,382
3,464
3,416
3,546
3,567
3,64
3,63
3,5
3,576
3,598
3,283
3,315
3,321
2,984
3,16
3,049
3,072
2,981
2,707
2,817
3,059
2,959
3,238
3,396
3,364
3,495
3,486
3,611
3,819
3,819
3,835
3,741
3,724
3,744
3,536
3,446
3,433
3,164
3,045
3,055
3,225
3,082
3,094
3,159
3,159
3,199
3,304
3,364
3,567
3,588
3,624
3,719
3,817
3,836
3,846
3,732
3,673
3,673
3,498
3,336
3,567
3,216
3,155
3,135
3,157
3,055
3,034
3,196
2,982
3,226
3,179
3,366
3,525
3,542
3,623
3,75
3,772
3,765
3,726
3,621
3,56
3,567
3,42
3,229
3,143
3,22
3,094
3,033
3,026
2,96
2,918
3,014
3,04
3,015
3,062
3,135
3,245
3,35
3,158
3,187
3,29
3,271
3,303
3,317
3,258
3,146
3,365
3,239
3,091
3,361
2,966
3,019
3,059
2,885
2,92
2,97
3,36
3,048
3,151
3,434
3,173
3,297
3,231
3,032
3,181
3,221
3,149
3,167
3,122
3,089
3,022
3,069
3,27
3,263
2,97
2,765
2,983
2,844
3,015
3,158
2,892
2,999
3,191
3,347
3,476
3,421
3,48
3,455
3,724
3,677
3,583
3,523
3,514
3,345
3,167
3,111
3,318
2,949
2,881
2,791
2,884
2,684
2,901
2,8
2,806
3,03
3,185
3,346
3,503
3,402
3,381
3,8
3,822
3,593
3,873
3,871
3,739
3,787
3,67
2,639
2,704
4,1
3,954
3,855
3,356
2,745
2,856
2,913
2,999
3,181
3,337
3,58
3,661
3,693
3,709
3,774
3,831
3,823
3,839
3,693
3,667
3,639
3,58
3,498
3,341
3,154
3,049
3,204
2,96
3,033
2,97
3,041
3,164
3,253
3,361
3,438
3,398
3,684
3,817
3,958
3,915
3,995
3,866
3,956
4,028
4,075
3,749
3,556
3,677
3,463
3,384
3,345
3,135
3,27
3,204
3,21
3,445
3,726
3,54
3,709
3,869
3,752
3,751
3,87
3,695
3,761
3,838
3,507
3,546
3,469
3,307
3,374
3,007
3,076
3,287
2,759
2,826
3,121
2,731
2,746
2,794
2,831
2,706
2,834
2,884
2,989
3,104
3,08
3,121
3,042
3,022
2,995
3,033
3,043
2,993
3,058
3,112
3,179
2,85
2,794
2,569
2,73
2,616
2,684
2,69
2,66
2,78
2,859
2,727
2,773
2,789
2,69
2,712
2,952
2,777
2,73
2,837
2,732
2,563
2,616
2,576
2,44
2,573
2,623
2,572
2,817
2,696
2,772
2,685
2,809
2,897
2,8
3
3,086
3,197
3,365
3,356
3,382
3,346
3,181
3,082
3,163
3,046
2,998
2,914
2,906
2,924
2,568
2,685
2,822
2,429
2,647
2,955
2,545
2,703
2,874
2,84
2,996
3,113
3,169
3,332
3,413
3,255
3,291
3,272
2,938
3,153
2,931
2,824
2,675
2,752
2,736
2,589
2,779
2,57
2,539
2,681
2,556
2,746
2,886
3,186
3,411
3,201
3,215
3,007
3,184
3,237
3,173
2,994
3,169
2,993
2,946
2,922
2,583
2,29
2,454
2,618
2,966
2,639
2,8
3,122
2,878
2,186
1,446
3,29
3,786
3,702
3,96
4,177
4,012
3,943
3,792
3,943
3,811
3,782
3,406
3,371
3,302
2,973
3,093
3,062
2,783
2,902
3,18
2,937
3,12
3,271
3,233
3,429
3,463
3,519
3,694
3,742
3,992
3,809
3,899
3,739
3,563
3,441
3,354
3,194
3,223
3,477
3,001
3,038
3,158
2,795
3,186
2,862
2,86
3,039
3,21
2,951
3,051
3,221
3,068
3,156
3,22
3,26
3,298
3,261
3,221
3,258
3,095
3,141
3,1
2,986
3,17
3,251
3,306
3,162
3,021
2,967
2,899
3,169
3,238
3,564
3,258
3,534
3,464
3,197
3,451
3,416
3,272
3,384
3,526
2,939
3,184
3,034
2,748
2,944
2,9
2,773
2,86
2,879
3,159
3,144
3,406
3,46
3,313
3,471
3,488
3,459
3,633
3,512
3,828
3,938
3,874
3,814
3,818
2,691
3,172
3,163
3,339
2,823
3,008
2,969
2,771
2,81
3,386
3,137
3,416
3,469
3,21
3,411
3,364
3,18
3,682
3,74
3,845
3,75
3,835
3,784
3,802
3,503
3,335
3,177
3,315
3,191
3,003
2,986
3,198
2,905
3,24
3,288
3,234
3,373
3,376
3,456
3,514
3,331
3,547
3,609
3,795
3,603
3,403
3,347
3,248
3,139
3,054
3,157
3,147
3,305
2,776
2,232
2,594
2,593
2,756
3,021
3,097
3,261
3,145
3,105
3,109
3,021
3,141
3,095
3,061
3,216
3,104
3,201
2,883
2,779
2,735
2,732
2,747
3,082
2,87
3,055
2,864
2,676
2,977
2,736
2,806
2,937
2,747
2,906
2,912
2,774
2,879
2,801
2,836
2,872
2,933
2,923
2,899
2,92
2,82
2,838
2,835
2,809
2,761
2,747
2,75
2,731
2,716
2,725
2,687
2,725
2,794
2,758
2,718
2,703
2,876
2,946
2,798
2,641
2,645
2,644
2,578
2,482
2,509
2,457
2,432
2,43
2,436
2,404
2,423
2,396
2,38
2,38
2,407
2,418
2,413
2,449
2,481
2,506
2,523
2,529
2,71
2,727
2,691
2,684
2,688
2,669
2,602
2,509
2,484
2,472
2,48
2,464
2,445
2,415
2,521
2,55
2,608
2,718
2,827
2,83
2,912
2,66
2,992
3,018
3,018
2,983
3,014
2,915
2,904
2,803
2,668
2,608
2,544
2,504
2,494
2,408
2,371
2,341
2,432
2,534
2,582
2,634
2,714
2,722
2,84
2,816
2,865
2,905
2,95
2,944
2,939
2,834
2,816
2,732
2,689
2,603
2,554
2,517
2,568
2,523
2,487
2,446
2,536
2,634
2,687
2,756
2,814
2,886
2,949
2,932
2,945
2,987
3,02
2,982
2,906
2,838
2,787
2,692
2,629
2,526
2,434
2,434
2,434
2,434
2,434
2,434
2,434
2,434
2,434
2,434
2,434
2,434
2,434
2,434
2,434
2,434
2,434
2,434
2,434
2,434
2,434
2,434
2,434
2,434
2,434
2,434
2,434
2,434
2,434
2,434
2,434
2,434
2,434
2,434
2,434
2,434
2,434
2,434
2,434
2,434
2,434
2,434
2,434
2,434
2,434
2,434
2,434
2,434
2,434