719,3
637,6
596,8
591,6
547,2
541
541
521,1
594,9
573
607,4
593,7
466,8
296
343,1
459,5
457,4
484,2
533,5
603,8
630,7
653,2
569,2
639,5
656,8
678
687,8
670,6
657,3
604,7
605,1
584,4
520,5
480,6
552,5
630
678,6
702,7
712,2
698,1
737,9
689,4
733
762,6
698,5
673,6
701,9
718,6
737,6
769,2
822,1
855,3
861,2
860,4
862,1
861,8
857,6
863,9
884,7
886,8
884,5
889,8
888,9
879,7
859,3
842,4
881,3
883,2
866,1
844,9
801,6
818,2
846,6
872,4
846,4
808,5
785,9
832,4
823,2
798,7
785
766,8
755,1
806,4
831
864,2
874,7
873,8
860,1
851,4
835,4
774,3
788,9
738,4
687,5
597,4
571,2
552,4
530,7
513,2
512,5
467,3
461,6
364,2
244,6
166,9
124,2
147,5
145,9
153,4
183,9
170,6
84,3
62,7
73,6
43,5
27,7
73,8
127,5
134
208,6
270,1
217,6
226,3
265
219,6
280,7
444,9
443,6
367
549,6
555,9
539
588
506,9
504
450,5
374,5
284,4
273,7
231,3
168,3
121,3
57,8
28,4
51,8
33,5
34,8
49,8
67,7
57,2
43,6
58,1
81
113
107,4
93,4
68,7
96,6
129,4
137,2
114,7
112,5
147,7
188,7
200,1
217,3
253,3
300,3
293,3
267,8
222,4
219,8
184,1
180,8
193,7
185,7
177,4
157,4
152,3
142,2
111,4
67,8
42,4
36,5
29
7,6
0,7
1,4
13,3
25,3
26,1
34,8
33,1
23,9
34,6
68,3
109,1
168,3
250,5
321,7
356,2
382,6
414
395,2
372,8
384,4
382,9
395
533,8
617,1
669,4
721
731,5
654,2
696,4
730,4
730,7
668
694,4
674,2
687,8
789,2
731,9
636,3
667,2
610,1
547
499,5
488,2
558,6
532,4
545,3
532,1
577,8
490,3
545,6
517,9
568,7
573,6
539,7
385,7
300,4
353,3
309,5
299,5
295,9
306,8
269,6
229,8
245
258,6
247,8
257,3
244,9
273,7
245,9
225,4
268,2
225,7
203,5
169,9
175,8
158,5
137,8
130,3
128,2
151,9
184,6
214,2
210,9
229,9
185,3
159,4
128,5
107,3
95,3
92,9
104,9
132,5
172,6
180,4
215,9
239,2
225,1
196,3
158,2
109,7
133,2
181,1
231,3
293,6
254,3
220,6
234,3
266,2
205,9
145,1
226,2
194,7
129,1
125,2
129,3
132,5
138,9
149,8
170,5
136,2
160,3
265,4
241
232,4
271,2
298,5
403,9
419,3
399,4
430,5
394,8
405,4
443,5
525
490,8
435,3
429
481,2
397,7
385,9
439,9
466,3
419,3
358,3
289,9
215,8
214,6
188
131,8
84,6
146,1
155,7
110,3
102,4
113
131,4
100,5
81,9
53,4
45,7
76
63,5
24,8
16,5
9,3
20,9
26,2
39,8
40,8
45,5
35,1
26,7
30,3
48,6
43,2
50
83,1
131
102,8
99,2
77,3
57,7
33,6
29,9
21,7
51
40,3
31,8
30,7
66,7
143,7
181,9
156
109,2
82,7
81,6
92,4
91,4
91,9
95,4
127,1
128,6
143,9
148,6
170,1
211,8
244
195,1
165,3
184,2
143,2
110,3
134,8
154,7
158,7
209,2
268,6
326,5
379,2
350,1
371,4
388,3
398,3
445,8
479,9
499,4
519,7
478,7
403,7
355
431,4
488,1
556,8
504,6
543,8
628,4
720,8
718,8
683,6
668,1
739,1
766
762,3
738,2
767,9
738,6
572,5
589,1
631,6
624,2
573,6
555,2
561,3
546,5
575,7
569,2
487,9
511,4
543,3
548,9
528,1
510
481,3
451,8
466
395,3
385,7
377,2
336,9
288,9
248,5
258,1
278
320,9
353,6
372,9
469,3
501,2
489,1
432,7
320,9
376,1
451,5
538,6
671,7
757,7
801,6
843,6
857,7
859,4
861,6
875,2
883,9
884,2
892
894,7
882,6
870,6
857,9
890,5
890,5
888,9
872,5
886,7
886,7
888,3
889,9
892,3
891,8
895,2
887,2
885,3
885,4
883,9
846,6
807
799
857,9
859,6
858,8
841,2
844,4
824,9
805,8
769,2
769,7
769,4
736,7
730,2
699,7
682
699,6
693
693
664,3
620,4
571,2
466,6
472,3
419,1
376,9
335,8
362,9
334,9
285,4
294,8
255,3
318,1
307,6
333,3
337,1
297,5
255,1
241,6
210,7
168,3
152,1
140,2
158,2
177
211,3
197,4
132,4
118,2
91,4
102,7
126,5
152,5
148,8
154,4
161,9
123,5
93,8
108,4
126,8
100,8
79,2
62
81,6
57,7
77,4
79,6
69,7
61,4
58,1
40,2
38,8
37
20,8
10,2
13,6
15,6
23,5
28
38,2
53,3
93
130,7
175,9
238,9
381,1
399,3
382,8
392,3
407,4
463,3
472,8
501,8
540,2
597,4
632,6
690,5
765,7
814,6
848,1
857,1
846,5
801
708,5
774,5
819,2
862,7
859,7
824,5
821
834,6
851,8
842
831,1
796,2
765,3
840
824,3
758,1
765,5
670,3
551,6
426,8
519,5
498,5
525,5
567,1
585,6
660,4
683,9
770
768
788,9
820,1
863,8
893,8
891,5
872,6
855,2
890,3
895
883,1
814,6
748,1
699,2
724,4
824,3
817,4
795,7
789
814,3
788,3
682,2
734,7
717
708,7
758,7
644,5
554,8
645,1
637,6
630
779,5
799
772,7
844,2
876,5
881,4
883,6
879
893,1
889,5
877,6
884,7
882,7
881,7
870
855,8
847,5
781,4
819
790,8
776,4
774,8
769,9
738,1
783,7
713,2
567,1
627,1
633,1
690,5
785,8
857
867,8
878,7
884,9
867,4
822,5
753,9
635,6
659
667,8
640,1
530,2
581,9
697,9
810,8
797
859,3
883,4
902,9
907,2
903,2
897,9
897,3
876
815,5
744,3
722,1
539,4
422,1
339,9
435,2
561,7
555
613,6
776,6
849,3
705,1
629,8
718,5
721,9
697,7
698,1
564,2
567
579,4
588,4
608,9
530,5
484,2
460,9
390,3
331,7
415,4
533,3
426,3
260,3
303,9
560,4
607,4
558,1
482,7
309,9
235,3
194,3
157,4
153
116,8
84,7
61
55,9
52,5
137,7
162,1
150
256,6
364
330,6
313,6
552,9
591,7
525,7
567,5
678,6
605,3
416,9
428,5
508,9
496,8
422,9
332,6
391,1
400,7
413,1
421
413,6
388,2
404,2
421,5
411,5
405
384,9
371,8
325,8
385,2
367,9
418,9
451,7
579,3
594,2
682,7
702,2
735,9
770
767,2
798,6
818,5
794,5
667,2
610,5
664,2
602,4
627,6
564,8
588,6
627,4
410,8
520,3
656,5
820,3
866,2
885,4
890,4
893
887,7
899,9
905,7
906,8
904,7
901,2
890
894,7
899
887,6
882,4
885,5
870
863,2
846,8
819,1
782,1
778,5
737,7
618,8
424,6
520,6
398,6
456,3
420,5
440,6
519,3
478
459,4
589,9
518,1
546,1
589,1
585
557,8
605,1
644,6
731,2
753
755
671,8
694,1
695,4
635,1
568,2
404,8
301,7
269,5
274,2
193,2
317,9
262,2
151,1
131,2
134,2
114,6
126,8
228,6
290,3
270,9
234,5
238,6
260,8
256,7
253,5
284,4
289,9
285,4
256,3
207,6
175,6
138,8
137,7
148,5
149,3
148,6
155,4
193,9
186
229,7
231,8
275,2
264,1
239,3
206,8
214,7
260,8
274,8
285,3
314,2
345,5
278,1
244
292,4
332,7
275,7
263,5
219,8
191,3
181,9
167,8
202,4
216,3
255,3
217,8
227,5
197,6
192,6
192,6
188,3
191,2
176,9
186,6
170,1
123,6
98,4
125
118,4
103
90,8
97,8
106
119,8
111,9
95,5
60,8
38,4
58,1
51,2
52
29,6
15,8
5,9
4,8
3,4
27,4
35,7
51,3
35,6
55,4
92
110
152,3
176,6
228,7
284,3
324,3
371,1
397
450,9
510,5
478
480,2
462,5
444
460,5
494,6
514,3
536,2
583
618,7
543,1
486,7
465
510,9
505
548,7
569
583,9
611,8
710,6
756,7
766
782,7
750,5
716,3
616,8
565,5
527
441,1
463,3
454,8
517,7
548,1
661
677,6
660,5
607,5
567,3
426,5
307,5
221,1
201,5
211,6
179,8
189,1
164,9
147,8
109
88,9
88,8
85,4
66,3
67,8
48,5
41,6
37,4
28,4
24,8
29,4
30
18
15,9
15,6
7,1
3,6
8,7
28
47,4
50,8
67,4
89,6
141,2
131,6
122,7
178
271,3
322,2
356,5
359,7
364,1
378,8
394,7
408,3
423,8
442,2
475,2
504,2
526,2
494,3
514
540,7
599
644,9
674,7
690,6
711
732,2
731
702,9
665,5
602,6
572,3
543,1
486
458
487,8
492,1
419,6
374,2
348,5
342,5
311,2
305,9
273,7
228,9
164,6
145,3
134,3
124,5
111,3
80
77,4
68,2
55,3
48,8
42,8
49,9
48,6
35,8
23,4
20,4
28,1
41,2
47
42,2
31,9
22,4
18,8
11,5
14,2
12,7
21,2
26,9
24,3
30,3
35,8
34,1
18,6
15
18,1
22,8
17,2
15,9
15,8
17
15,2
11,2
8,9
11,4
8,8
6,6
5,9
9,8
14,1
20,4
22,7
26,3
33,7
42,7
38,9
38,6
55,8
67,2
65,1
73
78,6
78,7
78,5
103,4
103,3
114,3
151,8
204,5
231,2
270,7
344,5
428,9
480,5
518,5
625,6
689,4
647
702,6
774
799,9
811,8
788,7
798,2
852,2
782,3
696,3
697,5
642,7
543,6
556,8
626,8
628
710,4
603,9
613,4
655,8
683,4
668,9
706,1
690
709,4
715,2
672,1
626,1
597,7
583,7
613,1
634,5
600
630,3
688
687,7
639,2
560,9
498,8
608,3
539,7
419,9
437,8
520,9
569,2
554,9
581,3
557,8
551,5
521,2
476,3
523,5
514
529,5
490,3
381
352,6
341
361,7
384,9
380,2
362,5
276,4
306,2
289,1
210,2
169,7
163,1
186,5
169,7
170,7
148,6
119,3
90,2
98,7
119,9
114,2
127,3
102,5
120,6
110,5
128,4
115,4
101,7
87,4
69,2
93,5
112,5
112,2
76,6
59,4
42,8
69,9
106,9
136,2
152,3
147,8
160,9
167,5
151,1
159,6
174,7
214,6
229,8
293,1
306,7
375,4
465,4
470,9
497,2
548,3
543,7
602,4
610,1
628,9
636,4
687,2
731,9
706,5
730,4
768,8
786,1
786,1
804
783,1
821,5
825,3
844
876,4
897
896,1
860,7
837,6
821
864,9
852,7
875,9
851,9
814,7
793,9
828,1
839,2
804,5
756,2
715,6
728,5
709,9
732,5
708,4
697,6
642
615,4
643,2
673,7
669,1
698,9
703,7
718
679
630,8
644
651,8
648,6
662,9
697
696,8
647,6
617,5
533,8
476,6
464,1
436,8
384,8
361,8
290
247,6
235,4
224,1
224,2
205,1
190,1
150,1
101,7
81,5
82,8
66,8
46,1
48,7
45,1
50,7
77,2
83,5
82,6
52,4
31,6
35,3
29,5
29,8
29,2
24,8
20,2
19,6
28,4
47,1
65,2
57,3
58,4
51,7
59,2
58
60,4
47,4
28,1
40,2
61,6
87,6
96,3
96,5
100,5
93,7
82,1
88,8
104,5
133,5
181
241,6
370,3
458
454,6
545
532,7
572,8
641,3
678,1
742,8
660,3
648,7
670,3
709,6
748,1
798,3
817,9
894,5
901
857,2
807
784,4
664,5
582,2
538,6
521,7
517,7
504,1
409,1
344,3
248,1
214,8
217,7
239,6
287,5
305,7
307,3
312
314,4
275,2
311,7
278,2
189,7
178,4
138
141,8
175,7
201,9
228,2
259,3
333,9
441,5
481,6
546,9
694,3
721,3
815,3
893,2
926,1
938
943,8
949
945,7
937
894,4
896,3
912,7
906
906,1
894,4
867,1
887,4
877,1
848,9
819,6
754,4
704
568,2
396,8
236,6
204,2
218,4
229,2
202,1
191,9
175,1
172,8
160,1
142,3
104,9
107,1
88,6
49,2
41,3
36,4
56
61,7
66,5
67,4
62
83,3
84,7
58,1
56,2
64,4
51,8
39,3
74,7
73
40,4
35,9
40,7
55,5
138,2
253,8
275,9
239,8
276
270,9
318
292,7
201,5
225
270,4
290,4
283,2
279
262,5
207,4
163,7
165,1
164,2
141,6
111,7
133,1
197
197,9
234
240,7
247,4
231,6
167,1
79,5
27
10,4
1,6
0,2
3,8
14,4
22,3
61,6
84,6
55,7
44,8
73,8
84,2
157,1
282,9
361,6
440,7
459,8
436,3
490,8
606,7
738,3
809,6
879
857
925,5
928,3
929,9
936
935,8
931,7
935,8
943,9
948,7
940,6
945,7
940,9
938,5
927
951,8
952,5
951,8
952,6
951,9
950,1
946,5
945,8
947,9
949,7
944,4
944,4
951,9
952,6
953,2
950,5
946,9
947,3
947,6
947,2
943,2
937,9
947,8
950,2
950,3
951,6
944,8
944,3
944,3
941
936,9
930,5
921,3
900,9
888,6
896,7
907,5
912
925,1
929,1
920,5
938
924,8
944,6
944,9
947,7
948,4
947,4
948,8
951,3
954
953,6
953,1
952,4
949,9
951
951,5
948,7
941,4
938,9
945,2
946
947,1
949,9
951,9
952,8
948,4
950,2
951,1
949,8
950,3
946,2
935,8
941,2
942,4
942,2
945,1
939,9
937,7
921,3
892,6
925,7
920,2
918,5
921,7
918,6
921,5
906,3
870
809,7
755,2
696,9
646
595,2
560,6
545,1
531,6
437,3
269,9
163,4
124,8
98
92,4
80,5
86,7
74,2
83,4
81,1
58
58,7
55,9
49
60
87
131,4
192,1
239,1
250,1
210,6
160,3
164,5
179,6
183,3
145,4
123,4
92,5
103,6
109,2
125,9
117,6
136
166,2
150,1
127,2
107,9
87,6
79
91,6
118,8
160,8
179,1
170
162,1
163,2
257,9
302,6
291,1
275,6
313,3
253,2
191,5
187,7
172,1
141,4
139,5
148,4
130,8
122,6
79,9
56,8
47,3
33,4
32,9
48,6
43,8
48,1
54,7
52,4
48,7
33
51,1
54,9
60,9
71,1
74,2
86,3
100,1
131,2
163,3
183,5
222,6
261
293,3
319
348,2
369,7
391,2
390,9
375,1
379
396,7
404,2
410,1
430,4
449,2
468,8
497,9
509,4
517,8
526,8
536,5
578,5
645,8
733,3
780,6
865,6
915,2
943,9
954,2
955,1
954,4
938
925,2
918,8
912,6
924,8
948,4
959,4
966,2
966,9
963,2
960,9
956,7
956,7
956,6
952,3
954,6
957,8
963,8
965,4
967,3
966,2
964,3
965,5
963,3
969,7
967
966,9
968,7
967,9
968,2
968,8
967
966,8
966,8
966,7
967,2
967
966,8
966,5
960
960,3
966,3
966,3
966
965,8
963,9
965,4
961,4
958,8
962,9
963,1
962,1
959,7
959,8
961,4
962,5
959,6
934,9
943,6
944
939
915,6
921,2
893,2
935,1
947,2
936,5
916,5
915,5
913,9
923,3
898
865,8
852
855,4
814,5
804,7
818,8
752,1
722,8
694,5
700,7
704
679,7
662,4
647,8
673,5
711,7
726,6
714,8
671,9
623,6
587,8
582,9
566,6
593,4
502,5
489,7
535
571,5
623,6
685,7
630,2
598,9
585,6
550,1
494,6
509
499,7
484,6
467,9
428,8
459,5
487,7
492,3
396,2
318,8
300,7
289
282,8
257,4
253,8
265,8
319,5
363,7
409,2
550,2
643,4
781,4
821
739,8
629,3
615
625,8
667,1
727,2
742,3
748
701,8
715,8
816,7
856,9
849,3
861,4
827,9
838,9
887,4
861,9
860
874,1
901,3
914,2
920,4
935,5
951,9
950,2
933,8
940,5
943,5
931,3
919,6
917,4
902,6
779,5
733,6
682,3
712,1
781,7
754,6
761,3
737
753,5
769,4
759,7
743,8
716,9
661,3
628,1
503,1
451
419,4
393,7
362,4
463,5
487,5
499,9
479,8
451
328,6
448,7
565,1
645,5
623,8
671,8
665,9
616,7
711,9
687
704,4
677,8
656,6
647,5
634
693,2
701,8
655
579,7
529,5
477,8
490,5
527,1
539,1
533,1
567,5
523,1
542
590,4
597
635,4
666
691,9
722,2
702,8
696
652,5
633,9
649,7
606,4
569,5
426,3
369,4
391,8
317,1
217,8
214
260,1
320,1
325,2
376,8
414,6
410,3
413,5
371
425,2
500,2
521,2
489,4
445,3
385,2
381,9
399,1
313,2
327,1
293,9
263,4
232
238,4
280,5
259,7
328,3
385,9
361,6
361,6
351,2
354,2
352,1
372,8
375
397,4
401
391,1
384,3
342
321,1
321,8
281,3
248,8
229,5
294,1
338
409,7
415,5
452,1
469,6
443,2
442,7
446,3
527
579,9
580
575,2
587,7
616,9
650,9
591,7
411,1
282,2
313,3
344,3
355,6
398,8
448,1
489,9
476,5
472,1
427,9
457,2
455
403,1
390,4
395,4
349,4
325,3
283,2
227,7
216,5
194,3
241,3
218,1
255,1
285,8
246,3
187,4
198,7
191,3
187,8
198,6
193,8
188,8
210,7
216,4
173,5
137
138,4
129,4
103,5
98,6
110,6
105,5
114,7
115,5
133,1
116,2
110,9
166,2
155,8
113,2
74,5
32,8
41,85
50,9
99,8
116,1
110
97,8
79,8
42,8
30,2
27,3
24
22,4
30,8
73,2
125,4
133
134,7
173,6
177,8
284,2
346,6
231,2
189,4
204,8
226,9
182,7
124,9
86,2
88,3
64,6
67,5
60
26,1
16,5
20,8
39,2
65,7
55,6
54,1
70,1
81,9
93,6
117,8
112,4
98,9
91,7
82,5
65,6
58,3
72,2
46,6
37,9
52,3
38,5
16,2
10,5
12,6
25,1
34,4
36,1
38,2
61,6
78,6
100,2
106,4
88,1
99,5
136,5
102,3
92,6
108,5
71,5
66,5
48,1
27,8
25,2
52,8
108,7
113,8
132,7
166,5
184,8
201,3
202,2
194,4
202,2
216,1
313,6
389,2
299,5
245,2
209,3
211,1
284,4
315,8
285,4
274,9
261,1
196
163,6
148,2
196,4
197,9
195,6
168,8
217
332,4
322,3
333,4
354,4
342,1
333,3
319,8
253,6
257,6
250,7
201,9
215
217,7
202
189,8
160,6
185,6
235,8
269,6
312,6
332,2
311,8
298,6
314,7
317,2
344,5
393,1
356,5
384,9
335,7
271,1
170,9
226,4
158
105,1
113
66,9
31,2
28,6
52,8
53,4
46,7
48,4
42,9
41,2
30,3
25,7
26,1
47,4
49,7
53,3
74,6
103,8
202,6
288,7
349,2
398,7
415,5
477,2
446,3
431,3
436,8
491,3
489,6
504,3
550,9
510
415,1
427,7
462,6
508,6
528,7
477,7
391,7
372,1
317,9
250
261,2
328,5
330,4
323
317,9
359,5
169,7
124
139
111
74,3
36,9
15,2
11,1
6
0,3
0,1
1,5
1,8
3,2
5,5
10,7
8,1
20,1
41,2
65,6
78,4
165,4
199,9
239,8
220,4
246
348,6
404,9
461,1
553,5
617,5
641,7
666,8
672,2
675,9
648,3
707,7
807,4
849,5
843,8
842,9
854
879,5
900,1
912,6
964,2
983,8
986,4
970,4
909,3
889,8
887,3
897,6
904,4
898
881,7
886,9
827,4
716,8
643,5
670,5
745,5
785,4
767,7
721,6
666,7
666,8
686,8
677,9
696,9
689,2
608,6
585,6
563,2
502,9
443,3
414,4
383
387,6
351,2
368
381,1
330,4
326,6
331,4
350,8
357,5
376,7
401,2
458,1
576,2
664,5
625,7
587,6
533,3
414,2
319,1
301,3
278,8
262
257,5
284,8
281,6
215,7
170,4
180,2
184,8
176,5
175,2
182,7
96,6
89,7
98,6
82,4
78,7
94,7
85,8
65,2
33
18,6
16,5
15,9
20,8
24,7
33
8,5
4
7,3
46
85,9
51,8
54,6
61,3
67,1
68,8
79,9
104,5
114,2
120,9
138,5
260,4
216,7
106,6
113,7
96,7
99,2
114,5
145
199,1
299,3
405,3
444,6
479,7
523,9
575,1
653,9
735,7
802
789,9
780,8
758,6
690
691,6
687,6
692,9
678,2
690,6
786,7
833,7
916
944,8
954,2
966,9
966,3
878,7
960
893,2
785,5
766,3
833,8
657,2
564,6
513,9
391,4
288,3
256,7
274,8
182,1
284,4
260,9
160,6
151
112,2
64,3
61,5
74,6
128,5
139,8
195
256,4
249,9
322,3
352,4
388,2
412,3
450
467,5
485,6
569,1
620,7
669,1
740,3
714,3
758,1
816,3
695,6
715,2
689,2
618,3
645,4
690,4
662,3
575,2
467,4
397,2
290,3
234
180,3
163,5
190
305
344,6
366,5
471,9
529,2
570,6
633,9
675,9
794,3
847,2
859,3
838,1
803,9
878,7
943,1
994,7
989
983,1
1000,4
995,6
986,6
919,6
784,6
784,1
764,3
775,1
786,7
772,4
805,7
798
801,4
773,1
736,6
733,3
783,4
794
795,3
791,6
788,4
777
777,1
779,1
753,5
723,7
725
735,8
706,6
757,8
737,3
756
749,1
725
721,1
724,9
686,6
630,2
637,3
640,6
663,9
668,9
647,3
589,1
496,8
431,7
324,1
294,6
298,8
273,8
208,1
138,7
94,8
76,6
47,3
37,8
27,8
20,9
29,2
40,3
33,6
22,7
18
16,5
8,9
11
22
34,5
51
60
73,4
82,7
105,7
141,8
175,6
181,7
146,2
165,4
164,2
168,4
171,7
190,7
262,9
293,5
312,3
262,9
241,3
157,3
110,7
84,9
69,7
64,3
59
54,6
44,1
54,1
40,7
31,6
26,3
40,5
65,1
138,2
246,6
299,1
311,9
395,2
465,7
593,5
623,5
620,8
608,8
623,8
680,7
738,4
718,9
736
784,6
877,1
935,6
910,6
911,4
883,9
846,1
830,1
817,8
871,7
900,4
920,4
948,8
930,7
936,8
916,3
889,7
873,3
883,4
837
771,7
711,9
797,4
692,4
618,3
568,9
564
507,9
397
351,5
331,9
491,9
683
829,9
898,9
893
736,3
692
767,4
832
787,1
797,9
768,7
711
646,8
644,8
593,9
510
385,5
304,4
212,1
159,9
120,2
110,8
75
64,1
36,7
38,5
36,9
27,3
55,9
91,1
136,3
300,6
363,2
456,2
718,1
754,8
652,8
645,3
531,8
452,5
374,8
393,2
387,7
305,3
223
179,9
137,5
83,4
110,2
76,9
44,6
40,5
44,2
53,3
119,7
114,4
151,6
127,7
106,6
82,9
135,1
150,3
184,4
238,9
198,3
147,5
142,5
197,7
175,4
133,8
155,4
148,1
131,1
132,3
127,7
143,2
147,3
146,7
188,6
146,5
145,2
176,1
256
300,2
222,5
237,3
227,4
207,7
167
107,3
96,2
79,7
100
148,2
166,3
148,6
151,7
250,9
337,4
431,8
404,2
430,5
552,4
558,5
562,3
583,7
597
623,7
637,8
700,8
689
764,3
788
771
750
754,2
780,4
883,8
836
896,2
905,2
856,4
883,8
872
948,8
901,4
845,7
910,7
932
982,4
927,2
911,8
932
888,3
910,9
956,6
950,5
911
849,6
818,7
771,4
697,6
661,9
649,6
661,5
598,7
586,5
613,3
575,8
581,2
526,7
531,7
551,8
491,9
480,2
413,4
371
323,2
297,5
265,9
200,3
133,3
79,8
58,3
45,2
29,1
17
13,5
14,4
25,9
24,4
28
36,2
46,4
61,8
81,2
101,6
123
138,8
65,2
38,7
54,2
59,4
57,5
66,9
70,2
51,6
42
75,2
108,2
107,8
98,3
89,5
104,8
107,9
143,8
192,3
232,2
292,2
333,6
322,2
275,6
255,7
198,5
191,2
158,7
134,1
144,8
178,1
225,2
246
227,3
216,2
194,6
208,7
158,2
132,5
134,1
114,6
114,1
140,5
121,2
98,8
109,5
123,9
145,7
169,7
220
247,3
236,1
302,6
352,6
382,7
420,2
493,9
536
592,8
630,9
600,4
635,2
623,6
658,9
719
746,8
672,7
580,4
484,3
616,6
681,4
595,4
598,8
572,1
481,9
426,5
353,9
302,6
350,7
378,2
312,8
250,4
190,1
168,8
179,7
176,2
170,6
160,3
173,2
183,1
143,4
117,2
110,2
90,9
45,2
30,8
19,9
16,1
24,3
44,7
43,7
30
25,7
18,9
19,1
33,3
42,3
30,7
20,7
11
11,4
14,1
15,5
18,6
27,2
41,5
42,9
38,3
38,2
37,6
52,5
105,6
226
256,3
163,7
97,7
56
44,1
49,6
51,6
65,8
76
89
104,9
123,6
149,8
187,8
207
226
276,4
284,6
312,2
308
382,6
449,2
563,7
588,2
633,2
537
365,4
331,5
400,3
665
703,8
608,5
485,3
459,2
519,8
506,8
497,6
445,8
392,4
312,4
264,9
230,5
237,2
204,9
247
281,5
246
212,5
264,1
316,8
195,4
225,4
186,2
219,4
261,8
304,6
265,7
337,2
291,8
208,8
277,2
261,2
356,5
391,7
415,6
363,7
262,6
154,5
111
115,8
159,9
192
236,3
345,3
579,4
495
418,9
434,7
466,7
536,6
579,7
574
620,1
639,9
667,9
698,6
693
669,4
641,9
687,4
724,1
672,3
632,7
581,4
481,4
449,1
555,5
605,1
576,2
551,5
502,1
441,8
411,3
346,5
365,2
368,2
379,8
364,9
367
346,8
312,4
199
164,2
233,9
333,7
495,2
556,8
385,6
379,3
443,4
390,8
359,5
316,6
259,1
233,4
192
210,6
224,6
249,5
263,6
286,4
256,6
210,2
214,3
251,5
248,9
328,2
448,8
399,6
335,1
255,8
206,1
172,5
208
342,5
381,2
350,9
402,2
408,4
508,5
638,9
645,9
679,7
731
728,6
715,1
609,1
673
708,8
722,7
715,4
688
563,4
322,8
299,1
297,9
284,4
237
209,9
218,8
220,6
200,4
155,1
159,6
309,4
443,8
483,2
481,7
410,5
296
242,7
329,1
271,9
168,5
168,4
218,7
354,7
292,9
256,4
294,1
359,2
400,2
406,3
493,4
534
652,1
580,5
619,5
784
803,2
860,9
924,5
964,2
890,5
913,7
913,4
911,8
969,9
865,9
811,3
764,1
727,6
649,3
561,3
198,9
264,6
269
220,6
306,5
257,8
184,1
156,4
81,8
74,6
68,5
51,6
33
43,1
76,9
186,9
329,3
454,5
717
895,9
953
970,5
955,8
922,2
998,1
1029,8
951,5
781,7
767,9
793,6
683,9
739,4
769,6
738,2
602,9
609,6
559,3
434,8
443,2
485,3
535
471,8
378,7
365,7
483,2
566,8
664,1
679,8
702,5
753,6
784,3
787,9
722,9
779,1
711,4
650,3
612,7
622,9
524
449,6
452,3
413,7
349,4
277,9
266,9
259,5
172,1
126,5
240,9
306,3
255,5
239,4
240,4
249,8
465,1
493,1
434,5
331,8
173,4
192,4
173,3
161,4
154,5
114,6
96,6
90,1
86,6
68,1
28,5
24,2
43,9
76
52,3
49,6
99
68,7
38,3
52,6
85,2
129
139,5
131,9
90,9
84,8
82,2
89,3
56,3
68,8
36,5
8,4
6,9
4,6
3,2
8,7
10
14,1
15,9
24,6
28,5
27,4
26,2
26,7
21,2
24,2
24,8
16,2
5,6
6,6
19,8
29,4
53,1
83,2
111,1
124,6
147,1
188,6
306,9
331
395
391,9
416,2
478,2
514,6
514,7
536,1
653,1
776,6
776,3
718,6
711,2
615
551,3
519,4
531,3
558
520,8
518,9
576,7
647
717,3
726,2
816,7
907,9
973,2
1038,5
1076,1
1079,5
1079
1078,1
1080,4
1079,2
1076,9
1060,4
1029,1
987,7
986,2
840,5
687,8
684,5
590,1
534,3
492,5
473,1
442,9
414,8
341,3
310,9
310,4
251,2
212,2
211,6
244,3
296,5
292,3
269,8
211
180,7
163,3
145,6
111
136,3
141,6
166,8
125
74,8
23,1
36,4
55,7
85,7
130,4
201,5
265,5
327,3
349,6
410,7
525,3
568,4
442,5
346,5
287,3
246,9
242,7
213,2
245,2
252,6
336,8
311,8
255,7
231,6
272,2
258,7
289,1
402,5
471,3
496,5
527,9
492,8
536,5
588,5
610
591,2
588,8
600,7
531,4
519
533,1
604,2
554
682,4
830,7
795
776,1
858,3
913,5
792,1
796,9
787,8
788,4
757,5
690,5
563,5
487,2
425,9
425,3
414,1
362,9
316,6
276,4
312,9
261,1
292,2
330,2
185,2
132,1
109,8
145,6
146,3
104,4
159,4
177,7
177,2
141,9
82,2
30,6
21
25,4
33,3
73,7
82,5
74,1
59,1
36,8
58,8
66
82,9
89,8
96,2
92,1
65,1
91,4
90,5
70,3
83,9
73,1
99,7
157,7
237,5
341,2
411,4
395,3
461,4
501,4
545,7
450
470
597,7
628,7
684,6
799,2
841,9
912,8
970,3
887,8
834
755,3
694,7
527,4
429,8
573,3
493
352,3
390,1
505,1
509,8
527,2
532
469,6
395
370,7
365,9
387
395,2
396
390,5
313,6
240,9
232,9
224,7
189,4
175,5
197,8
208
264,1
284,4
312
372,6
455,8
454,5
495
503,5
433,6
373,7
344,4
317,7
354,5
377,8
304
349,3
340,5
328,8
242,2
182,8
196,2
263,7
343,9
405,4
433,4
501
544,1
607
690,4
658,9
583,4
619,7
600,8
515,3
441,2
380,5
362,1
339,9
285
303,6
361,8
430,5
374,9
360,5
369,5
387,7
394,7
416,2
450
469,8
493,7
484,4
478,4
454,6
414,1
565,4
769,8
808,3
835,8
890,7
936
948,3
894,2
921,8
967,8
978
967,7
1021
985,6
970,9
943,9
971,5
916,9
847
963,7
1058,2
1085,1
1068,2
1039,6
971,9
999,3
929
891,3
876,6
881,8
899,2
909,3
929,1
945
961,4
965,1
929,7
866,6
825,6
842,1
895,1
863,9
865,7
877,1
908,2
872,5
839,9
770,2
754
739,3
687,6
708,3
752,1
688,2
645,9
583
567,8
568,6
538,1
458
381,6
247,3
155,7
149,9
147,2
204,2
220,2
233
320,7
312,6
284,4
129
97,8
112,9
77,3
50,7
50,9
24,6
11
11,8
19,1
18,1
26,8
36,3
60,2
93,4
139
180,8
196,8
161,7
133,6
141,6
161,3
169,4
207,2
274,3
311,2
361
407,3
374,7
313,6
225,8
141,9
102,1
107,5
104,5
84,6
56,4
55,3
53,5
66,4
65,9
67
78,2
97,6
108,6
119
125,6
125,6
137,1
132,2
130,2
115,2
81,8
70,6
52,4
45,9
57,4
76,9
95,1
101,5
75,9
63,8
50,4
43,1
29,4
41,5
55,5
79,1
97,4
125,4
148,9
153,1
154,1
151,4
223,5
274,5
249,3
235,4
246,7
246,7
276,9
329,8
385,6
404,7
319,1
275,2
269,5
282,1
276,8
301,4
293,2
308,9
263,1
249,6
247,1
281,1
278,7
346,3
415,7
427,6
418,2
384,6
360,5
357,2
387,1
350,3
284,5
250,4
217,2
191,8
169,3
164,5
156,9
151,7
168,5
162,8
151
162,4
174,1
128,7
59,8
44,9
54,5
62
91,7
119,3
146,8
155,8
206,3
273
249,3
200,7
179
126,6
83,9
74
70,3
86
99,2
97,5
94,1
106,1
112,1
87,6
72,1
65,6
61,4
66,9
51,2
46,4
47,2
80,1
91,2
80,2
68,4
62,3
57,7
30,8
20,8
24,2
21,9
25,2
24
25,1
26,2
28,7
29,7
37
62,4
129,5
108,7
121,7
109,7
79,7
78,6
95,5
139,1
204,3
223,8
223,9
246,3
298,3
308,5
321,3
325,2
339,6
381,2
418,6
479,1
499,4
589,2
795
864,8
859,6
855,5
778,5
703,1
591
532,7
647,4
754,9
933,1
951,8
957,4
984,4
1004
1019,7
997,3
1004,3
893,6
732,3
716,7
719
708,9
681,5
705,5
657,1
610,4
613,1
593,8
629,2
703,2
745
748,3
835,1
904,9
995,8
1022,5
1026,8
1051,7
1087,3
1095,7
1085,8
1062
980,6
905,3
807,8
749,8
657,5
593,9
548
456,2
348,3
335
311,3
279,9
187,4
121,4
170,2
243,6
289,2
374,3
479,4
486,8
522,7
517,7
616,2
675,2
764,7
804,7
998,3
1057
860,4
871,9
882,1
741,7
751,1
572,9
436,9
592,4
708,1
797,1
647,4
822,4
828,4
770,8
775,1
799,1
978
1084,8
1065
1096,4
1072,9
1044,1
1047,3
1057,3
981,3
997,6
949,4
897,1
843,9
760,5
684,4
622,2
571,7
507,1
405,7
347,3
261,7
184,3
149,2
118
74
62,5
37,5
37,8
43,7
47,9
56,3
33,6
18,2
27,6
37,5
57,9
66,7
82,6
116,8
132,5
151
100,1
96,5
86
66,9
55
57,7
41
30,8
22,3
7
3,4
4,1
10,8
14,6
32,7
59,3
63,6
49,4
64,1
121,4
149,4
211,7
256
238,4
222,5
211,5
215,4
312,7
345,4
351,8
483,4
437,8
516,8
697,7
814,7
748,3
573,3
455,5
450,1
676
633
575,7
335,3
219,8
166,4
218,2
165,3
75,1
192,8
182,6
134,9
130,2
143,3
129,1
109,1
72
74,6
59,3
50,9
74,1
65,4
80,7
108,1
150,4
185,4
115,9
165,5
235,3
397,1
416,7
298,9
304,8
259,4
366,1
433,3
458,9
259,6
154,6
189,9
307,1
157,2
308,2
453,6
650,9
648,5
799,4
1104,1
1058,8
1006,2
1076,1
1137,7
1148,6
1156,1
1104,8
1054,2
1117,8
1031,4
885,5
849,7
826,2
797,2
667,7
701
809,2
768
876,1
810,8
813,7
722,4
731,1
872,9
610,4
542,6
496,3
709,9
923,6
973,7
646,4
678,5
737,6
746,5
788,1
834,1
800,3
817,6
756,9
763,5
758
827,5
877,9
743,3
618,6
647,6
561,1
567,6
559,6
514,4
429,9
437,3
384,4
442,2
487,8
589,6
581,6
588,5
587,4
509,1
535,7
465,5
467,1
454,8
439,7
493,5
435,9
447,7
385,8
345,6
345,5
379,1
422,3
366,6
278,5
292,9
267,7
315,6
352,7
387,2
326,1
251,2
257,3
240,1
236,2
229,5
278,8
334,2
361,6
363,2
381,2
358,3
382,8
380,8
426,5
487
677,8
757,3
839,6
919,8
910,6
966,5
1030,7
1102,7
1130,8
1142,2
1139,4
1145,6
1138
1122,7
1090,9
1114,5
1051,9
997,9
937,7
907,7
885,6
885,4
926,4
940,9
1051,7
1191,5
1154,2
1104,9
1007
928,8
920,9
903,7
884,5
840,4
733,9
742,6
711,9
683,8
628,4
619,5
682,1
746,1
839,4
862,4
861,3
727
636,8
732,8
730,5
682,9
658,1
565,8
570,8
580,6
690,8
718,5
687,2
627,1
639,7
620
646,7
724
781,6
836,9
780,5
615,9
618
429,8
338
367,3
482,6
542,4
578,7
526,5
567,9
626,3
748,3
712,2
684,1
668,3
574,7
414,8
306,7
273,3
265,2
342
566,9
653,2
742,9
742,8
792,6
723,9
674,6
734,7
822,7
1084,7
1182,1
1186,5
1174,6
1157,9
1155,6
1152,9
1147,5
1149,2
1150,9
1147
1146,4
1107
1086
1064,5
985,3
919
902,1
869,1
839,6
837,3
788,7
768,2
731,1
653,3
473,4
348,3
298,1
318,2
197,8
124,8
154,2
156,2
121,8
117,7
111
84,8
52,9
64
72,2
26,9
32,8
76,1
203,7
299,3
193,3
238,9
401,2
353,3
565,1
454,7
358,3
289,7
242,7
240
260,9
239,5
218,6
229,4
214,6
213,1
199,1
214,7
197,1
168,3
128
121,3
100
111,2
113,5
92,8
79,1
87,9
129,5
169,1
154,8
106,4
163,9
244,8
321,4
429,5
495,9
635,9
693,6
729,1
733,6
660,1
611,2
633,9
453,8
497,7
530,5
552,4
600,9
622,9
565,9
524,8
428
407,2
421
386,4
370,5
271,9
111,9
54,1
35,7
61,1
80,3
73,9
80,8
78,5
65,4
37,9
48,6
71,2
83,4
88
108,2
125,4
132,6
127,6
106,3
150,7
182,3
188,4
169,5
177,1
230,9
206,2
269
322,1
266,8
293,4
287,9
299,7
252
234,9
384,1
467,9
454,3
361,1
317,1
330,4
332,1
339,9
412,6
416,3
510,7
474,2
494,6
503,6
470,4
401,4
367,9
358,3
350,2
308,8
257,1
269,3
206
128,9
102,1
83,9
70,7
51,7
47,9
51,8
56,6
48,3
39,2
42,9
31
14,8
7,4
12,6
21,8
17,8
26,8
38
46
44,4
45,4
38,2
30,5
25,5
27,8
33
31,9
33,8
29,6
31,4
52,1
63,9
73,2
70
143,1
232,5
301,1
325,4
285,3
318,7
374
445,4
404,5
367,6
355,8
293,8
231,2
225,8
261,4
297,5
322,5
345,7
291,9
302,8
276,5
269,8
263,2
283,3
287,4
317,3
326,2
289,1
255,9
220,6
189,4
149,1
112,9
88
78,1
57,9
60
77,2
76,2
64,5
64,1
82,7
95,3
112,7
136,4
183,7
229,2
265,9
457
620
711,2
802,2
885,8
891,4
989,3
1012,2
1129,8
1069,4
1051,7
1076,4
1045
948,2
869,5
879,3
862,5
859,8
888,9
961,5
1038,5
917,3
839,5
759,4
734
675,5
565,5
490,6
449,6
466,2
457,3
390,5
325,8
281,4
235,3
167,7
173,1
204
214,8
190,5
216,5
219,7
222,9
209,3
199,7
176,8
168,1
174,9
152,4
149,7
148,2
130,9
105,8
97
89,5
97,7
94
86,2
72
65
37,6
49,8
37,3
35,4
60,3
66
85,5
64,5
63,1
55,9
61,4
82
92,3
85,6
80,8
133,9
164,8
120,5
111,6
112,8
120,8
149,4
149,1
153,9
208,1
217,1
221,7
246,5
246,1
231,8
305,2
313,9
289,2
365,3
591,1
720,2
777,7
818,4
877,9
858,2
860
821,5
907,6
965,2
1014,7
1081
1044,5
1090,6
1116,8
1083,1
1115,6
1108,2
1062,4
1027,7
968,9
863,3
926,5
957,4
1005,3
938,2
909
912,6
863,8
803,4
759,6
708,6
595,5
543,8
550,3
569,9
620,5
649,9
655,8
579,5
569,7
588,6
527,9
541,6
507,4
525,8
568,6
626,1
615,6
620,9
587,3
585,1
581,6
631,2
599,4
646,7
630,3
659,6
635,2
568,4
532,8
518,7
531
494,3
408,2
376,8
399,6
367,7
323,2
260,1
214,5
202
246,8
300,3
442,9
459,2
460,2
411,2
425,6
416,7
420
443,1
449,7
418,6
399,3
307
311,3
267,2
183,9
200,2
195,2
193,3
188,8
304,8
294,5
248
456,9
475,6
437,6
424,8
427,4
457,5
470,3
451,3
476,6
474,2
452,5
430,4
438,9
477,1
448,5
402,4
374,8
449,4
449
525,8
532,2
545,2
574,5
598,3
642,2
693,2
743
793
795
796,5
815,9
907
928,1
944,3
1033,5
1059
1053,8
1090,6
1049,6
1038,2
1113,1
1023,6
901,7
777,9
696,1
605,2
475,9
393,3
384,5
408,5
444
422,5
329,1
261,5
204,2
127,5
86,8
49,7
13,7
9,9
19,1
16,7
23,5
16,9
9,3
2,7
5,2
13,2
27,4
53,5
83,7
142,1
155,1
120,7
173,6
130
125,6
130,2
124,7
141,2
121
86,6
64,1
61,4
67,7
87,4
96,7
88,5
95
83,3
81,5
66,6
58
51,9
53,9
40,9
28,8
19
8,5
11,2
17,1
15,2
12,5
16,9
11,7
5,7
2,1
1,9
0,7
0,2
0,7
0,6
0,1
0,3
6,6
11
16,5
16,3
15,2
7
4,7
17,4
37,6
55,3
120,1
317,8
280,2
247
165,3
115,5
81,8
79,9
109,7
167,7
220,4
249,1
304,5
274,8
228,5
204
215,6
144,7
137,3
136,6
117,4
129,1
143,6
196,2
288,9
235,8
206,3
203,8
186,7
162,8
166,1
195,6
132,1
89,6
101,4
108,2
102,9
87,7
54,7
26,7
17
21,4
40,5
58,8
70,5
85,5
93,4
126,1
94,3
66,3
52
15,7
28
6,8
24,7
96
62
53,2
45
43,9
43,8
44,8
68,5
59,4
104,2
103,3
104,8
92,9
81
26,9
15,8
10,2
6,1
2,7
2,1
1,3
0,1
1,6
0
0
0
2,4
8,7
6,6
11,2
7,1
8,8
28,5
28,7
44,8
57,6
65,4
57,3
43,4
41,8
43,7
47,9
63,8
65,3
65,4
40,5
18,2
60,9
79,6
42
86,1
51,8
103,8
116,1
172,7
139,7
45,7
33
83,2
118,9
181,1
207,7
225,8
322,9
333,8
368,4
272,3
455,6
324,5
288,6
256,9
277,5
322
388,4
509,4
416,9
507,1
669,9
522,3
710,2
655,7
588,3
552
576,9
676,5
650,8
578
389,8
276,6
253,3
188,5
145,4
117,2
83
69,6
75
103,3
114,9
116,3
118,8
114,8
161,7
140
103,9
90,8
80
64
75,9
68,7
58,9
59,9
48
65,1
81,7
64,1
147,5
173
215,9
336,9
347,5
331,2
409,8
365,4
284,1
245
295,7
352,9
327,7
294,6
500,2
718,9
631,2
480,7
456,5
467,7
398,3
336,6
393,4
454
363
309,1
280,3
253,8
330,4
442,9
367,1
244,9
225,7
309,9
221,1
304,9
390,8
440,5
529
437,8
458,1
403,1
539,5
529,4
532,2
599
533,7
466,2
404,9
348,7
281,4
215,9
176,1
156,2
132,3
84,3
80,3
69,3
80,1
84,3
90,3
123,2
136,5
134,6
123,4
71
35,4
21,8
49
62,5
100,9
151
164,5
165,1
170,3
199,5
162,4
158,8
174,6
155,7
186,7
263,1
316,5
371,9
449
499
562,2
563,5
528
529,2
527,8
392,8
479,2
679
957,7
983,2
800,5
810,1
844,1
932
936,2
840,3
944
1076,8
920,6
775
669,8
831,2
659,1
506,4
446,2
442,8
502,5
445,2
429,8
556,1
516,5
524,1
457,9
349,3
327,4
250,8
163,7
148,9
116,1
86,9
90,1
140
194
212,6
180,3
170,3
221,3
209,5
196,6
197,3
199,1
182
158,2
161,4
177,3
235,9
185,6
114,2
98
83,6
70
58
43,8
41,2
38,8
63,7
107,9
143,2
171,8
242,5
295
358,9
400,9
442,9
565,2
683,4
684
777,1
874,5
933
924,6
1011,2
1026,5
959,4
867,2
759,3
786,1
758,8
812,4
776,2
556,1
653,4
772,4
870,1
711,4
796,2
853,3
819
847,8
905,5
925
845,4
671,9
563
464,5
477,3
350,3
459,3
441,3
405,9
284,3
204,6
217,2
191,4
122,4
72,1
66,4
61,6
59,9
40,6
55,1
26,8
13,6
37,1
56,5
73,4
125,2
178,1
164,4
148
137,9
152,8
195,2
247,7
197,8
130,1
111,4
128,9
97,7
120,3
182,5
250,8
397,6
589,2
790
852,4
852,7
756,7
718,7
564,3
517,1
767,3
635,1
562,9
583,4
678,2
630
669,2
605
573,9
456,3
366
350
295,1
273
283,1
313,3
264,1
241,1
189,4
138,2
115,4
102,7
93,6
85,9
91,9
153,8
188,4
216,8
281,7
261,5
224,5
128,2
69,4
106,6
116,6
148
183,3
173
252,7
378,7
449,5
432,7
400,5
451,2
311,5
328,8
336,2
573,7
620
624,5
797,4
888,9
906,9
796,6
760,3
732,6
700,9
747,5
891,4
762
715,7
790,5
872,8
829
719,9
612,7
639,4
750,1
799,2
647,3
623,5
773,3
879,3
847,5
938
977,7
1062,4
1004,2
963,8
925,6
884,6
954,2
970,4
843
809,7
823,1
781,7
676,7
587,2
655,7
671,7
656,8
537,5
608
430,9
508
522,2
673,1
587,9
570,9
722,9
685,8
765,7
712,5
787,7
737,9
721,8
797,2
856
964,7
1039
1095,4
1056,3
1116,2
1050,6
870,3
1113,2
1165,8
1196,2
1196,1
1184,3
1180,9
1181,8
1192,3
1188,7
1172,2
1176,3
1191,2
1178,4
1170,6
1157,4
1094
1083,3
1096,5
989,9
949,7
842,5
866,1
836,2
865,6
749,4
730
855
809,9
720,2
664,5
626,5
693,8
731,6
694,1
685,1
560,7
386,8
333,5
292
243,9
240,9
275,5
290,8
310,7
389,1
440,2
613,6
647,5
618,1
679,6
623,7
611
479,7
418
417,5
431,7
526,6
580
579,7
526
405,5
383,6
435,7
550,3
655,9
738,2
711,5
655,1
740
771,4
797,4
829,8
829,5
851,5
791,4
738,6
707,6
622,5
558,7
509,1
414,1
352
319,2
197,4
167,9
113,4
60,2
51,6
54,5
13,9
3,9
21
58,9
120,8
255
280,9
383,8
432,1
503,2
590,9
653,3
569,2
581
645,9
736,5
806,2
883,6
926,1
938,7
980,9
980
1010,8
931,7
893,4
973,1
1029
896,3
931,6
1021,3
880,8
610,7
524,2
599,4
416,4
375,4
423,6
373,9
290,7
265,9
306,6
323
299,8
247,7
184,1
137,7
82,2
42,7
25,2
9
6,3
5,5
10,6
23,8
37
60,5
76
64,8
79,4
133,9
164,5
163,6
171,9
221,4
259,6
261,4
307,9
287,4
258,8
250,8
257,3
205,9
197,1
185
209
181
122,4
139,9
181,3
223,8
255,6
273,5
330,9
405,8
332,6
339,6
357,4
300,3
248,6
222
210,7
242,3
238,5
234
189,4
152
146,9
159,4
150,3
145,9
92,4
89,8
101,7
115,2
79,1
50,3
55,2
83,3
88,5
66,8
54,1
63
38,8
15,5
9,2
14,2
31,2
22,7
11,6
0,4
0,5
0,9
1,5
1,4
2
1,5
0,2
0,7
1,6
5,9
13,6
16,6
21,9
36,5
34,8
38,2
41,7
46,4
54,3
56,3
65,9
106,3
150,8
149,1
162,8
158,7
153,6
163,7
219,5
289,2
343,8
392,9
397,4
389
333,6
377,3
400,3
520,1
559,1
629,2
631,4
621,1
612,2
592,7
566
571,5
519,4
597,7
595,2
636
665,4
630,8
694,2
727,4
703,2
689,9
678,2
648,4
633,2
671,4
713,2
815
827
843,9
892,6
885,7
818,1
711,2
673,4
635,2
587,3
576
561,9
564
569,6
521,6
457,6
454,1
445,4
468,2
451,2
405,3
407,4
457,2
482,9
444,3
446,2
441,6
426,4
362,7
313,6
294
294,7
254,7
246,5
290,5
269,4
260,5
258,9
238,6
208,8
169,1
229,3
254,1
234
213,9
211,9
237,1
278
279,4
214,3
171,2
153,8
159,9
173,9
137,7
107,5
94
66,3
62,4
46,9
38,2
42
42,2
27,2
33,2
48,7
46,5
61,3
95
101,1
96,1
63,8
45,7
30
10,2
4,5
8,3
11,3
12,3
21,8
35,5
30,6
37,7
17,2
21,5
18,8
16,6
14,6
40,2
67,3
76,4
49
32,4
48,4
161,5
282,2
321
314,6
317,1
321,9
312
299,6
311,7
329,5
346,7
272
267,5
226,5
263,4
282,2
249,7
252,9
261,1
343,8
306,5
260,3
279,7
303,2
243,6
356,8
439,1
450,3
374,9
352
313,2
307,2
254,9
314,8
323,9
254,8
199,8
190,6
152,2
197,5
195,5
154,9
85,8
99,1
152,6
97,4
103,3
124
203,3
254,6
291,6
274,2
285,7
251,2
244
315,5
402,4
353,1
484,1
505,6
548,9
593,3
827,4
909,3
895,7
938,5
1010
1084,4
1163,9
1179,2
1181,8
1168,9
1094
1123,5
1122,3
1090,1
1013,7
1008,1
971,2
950,3
917,1
861,8
891,3
1020,5
1084,3
1068,4
1038,4
1006,8
1074,8
1068,3
1174,9
1206,2
1196
1143,2
1139,6
1159,8
1179,7
1172,1
1172,4
1174,2
1164,7
1139,5
1120,9
1142,8
1160,8
1189,5
1186,5
1172,3
1191,2
1183,6
1194
1195,3
1121,8
1144
1169,8
1187
1183,5
1184,5
1163,3
1097,5
1025,8
905,2
835,4
751,1
638
585,8
520,8
399,7
370,4
327,9
337,1
317,2
232,3
176,9
157,6
146,3
189,4
193,6
173,7
170,9
176,1
188,7
191,7
182,2
142,3
162
129
106
90,1
60,4
102,1
122
79,7
55,7
31,2
20,5
23
7,4
1,5
4,8
1,7
1,4
5,1
1
0,5
1
1
3,3
8
11
15,9
17,2
56,8
118,5
109
124,8
144
192,4
247,9
253,4
319,1
347,8
376,6
425
480,2
423,7
479,3
550
649,7
808,2
849,9
853,3
843,5
881
870,6
891,5
893
890,2
901,8
902,2
888,5
906
914
950,9
923,7
904,8
878,7
909,7
893,3
975
1019,4
1044,9
1018,1
1048,1
1103,9
1137,6
1103,5
813,2
791,8
756,1
777,1
803,6
745,8
722,9
686,2
667,3
664,9
660,1
517,9
457,8
446,7
499,8
549,7
552,4
536,4
522,8
558,1
616,6
699
687,2
709,2
721,3
653,8
571,7
588,3
620,2
645
637,9
657,1
675,3
741,2
779,8
806,5
836,8
839,2
820,8
823,9
753,4
754,5
782,6
822,1
759,5
700,2
681,3
695,4
651,7
559,6
375,5
208,7
105,3
109,5
131,3
183,2
170,7
153,6
156,7
215,5
317,7
346,4
374,8
428,6
440,4
424,1
452,3
449,3
448,5
471,5
461,9
547,2
442,2
565,6
613,1
538,1
496
503,5
440,7
393,3
286,1
213,9
214,2
202,5
204,1
260,5
269,3
290,2
313
265,3
214,7
164,1
168,7
222,1
234,9
252,4
335,2
349,1
234,7
303
357,9
435,8
432,5
465,2
596,9
612,3
512,3
360,7
182,4
140,9
81
92,8
126,9
85
108
152,5
171,8
150,7
108,8
110,2
130,5
81,7
57,9
68,4
81,4
85,1
148,6
153,5
142,8
146,2
134,4
194,7
206,9
203,3
147,3
88,6
88,6
109,7
130,1
106,7
65,4
26,2
22,1
27
22,8
22,3
20,5
35,2
18,6
8
2,3
4,1
3,3
1
0,8
0
2,1
0,8
0,3
0,6
6,7
10,3
14
29,6
41,7
40,2
57,6
72,6
83
118,3
124,2
170
155,5
201,1
226,6
165,5
60,4
58,7
63,6
105
113,2
177,4
278,2
303,9
356,1
318,5
334,4
434,4
565
617,5
555,2
691,4
756,3
796,7
814,4
891,6
889,4
882,6
940
976
981,3
951,4
962,7
952,6
669,4
667,9
783,8
859,7
870
772
663,8
639,4
644,4
707,1
681,8
897,4
1081,6
1075,5
1094,1
1161,7
1133,3
1044,3
1035,6
1065,2
1175,6
1187,4
1192,1
1126,2
951,9
1023,5
1020,7
919,9
842,1
900,3
809,7
860,2
696,4
836,9
797,7
788,4
785,8
759,1
862,5
813,1
886,3
901,1
838,4
929,4
957,7
939
884,7
920
935,9
949,4
951,4
949
793,3
812,3
794,9
800,3
588,9
692,1
630,2
787,6
708,5
689,2
660,5
594,6
513,1
428,8
383,4
266,1
212,7
152
102,5
72,1
58,9
28,9
15,6
18,4
18,7
19,3
17,2
16,9
27,3
40,9
54,2
51,2
42
27,3
20,6
30
53,9
129,8
63,5
71,6
93,9
86,6
116,9
121,3
124,2
116,3
119,4
115,5
74,9
70,3
62,9
90,9
144,6
124,5
84,3
61,2
70,2
89,6
92,7
44,6
35,3
55,7
62,5
21,2
30,4
52,3
32,4
26,1
13
8,2
10,6
3,1
1,4
0,4
1,6
6,6
11,4
10,7
12,5
11,8
17,7
33,1
33
48,2
73,1
146
188
176,5
129
147,9
192,1
279,5
313,1
165,9
184,6
204,5
254,3
269,7
374,6
401,1
432,2
380,8
481,3
418
400,2
475,7
545,9
438,1
450,1
492
485
616,9
648,8
545,6
618,4
722,9
820,5
773,1
869,3
1033,6
1101,1
1131,4
1158,6
1184,9
1190,4
1198,2
1203,6
1199
1198
1197,1
1172,1
1146,2
1148,9
1121,9
1132,1
1050,9
1098,5
1093,1
1042,7
1076,1
1045,1
1017,1
994,7
852,1
872,4
829,6
781,1
751
768,2
750,4
758,4
663,8
601,5
551,9
427,4
383,7
359,5
285,1
242
232,4
247,4
217,4
243,7
236,6
234,2
254,7
244,9
312,8
285,4
251,7
258,9
331,9
283,6
246,1
254,8
390,4
385,2
301,9
250,3
206,9
159,4
133,9
126,4
122,2
119,3
140,9
162,6
177,6
216,6
266,2
276,9
324,8
322,6
333,7
338,7
361,4
375,5
468,2
567,8
540,5
474,8
489,5
564,2
603,5
476,6
427,2
357,9
293,3
263,4
275,2
244,8
177,1
130,5
71,7
58,2
39,5
41,7
74,3
156,9
161,7
183,1
134,4
117,4
119,4
215,6
192,1
180,6
217,5
212,8
233,2
285,2
352,1
347,7
369,4
316,6
273,1
267,9
221,3
218,4
230,9
169,7
151,4
97
82,5
83,2
85,9
98,9
89,9
73,2
57,4
60,7
75,7
66,5
49,9
37,7
24,1
25
31,8
35,3
35,2
105,7
105,7
49,9
46,8
58,3
69,2
102,1
84,5
98,5
139,7
225,3
399,3
542,2
574,7
496,5
430,9
365,8
308,2
245
200,5
215
315,7
381,6
379,6
454,7
455,4
440,1
431,4
452,1
479,5
522,4
591,5
621,9
547,5
525,2
586,1
583
583
604,4
571,4
510,2
414,8
342,9
312,1
346,5
355,4
392,4
388,1
363,2
377,2
398,1
410,7
471,8
540,8
609,6
662,2
665,5
655,3
647,9
632,4
609,1
600
530,8
409,3
345,8
321,3
367,5
422,6
441,9
461,1
505,4
401,4
389
341,8
341,9
308
274,1
288,1
388
437,5
521,7
570,5
591
715
750,8
685,2
852,2
804,2
781,3
736,1
637,5
668
658,3
608,9
584,5
566,4
549,1
488,7
473,3
498,7
506,3
553,8
643,7
855,4
906
989,5
1118,1
1143
1157,7
1155,2
1123,9
1068,7
986,9
999,2
1002
1012,3
1048,4
1131,5
1170,7
1168
1165,1
1147,4
1125,1
1147
1149,1
1090,1
1042,9
1158
1211,4
1217,5
1199,2
1044,6
1068,4
1041,9
1081,3
1027,1
990,2
970,2
976,6
1032,4
1208,7
1217,2
1216,5
1214,1
1208,8
1211,9
1201,5
1171,2
1153,8
1146,3
1175
1189,9
1114,8
1128,5
1120,2
1095,1
986,4
969,9
906,6
889,9
896,7
832,9
841
850,5
821,5
806,2
699,9
688,6
625,3
557,9
455,3
249,4
307
330,8
372,7
412,8
412,3
454,2
443,3
440,4
488,8
494,6
453,7
435,2
427,7
386,1
340,9
295,9
296,7
297,4
253
192,8
160,1
142,1
164
157
150,7
175,5
191,8
204,9
251,3
312,9
404,9
404,1
408,6
533,5
548,8
501,7
551,1
494,5
519,9
497
494
469,8
428,5
424,5
339,8
302,9
285,1
279,2
275,4
272,7
291,4
346,4
356,4
381,3
452,9
492,6
466,8
431,2
311,7
267,3
296,2
355,7
337,1
311,1
315,4
332,6
315,5
333,1
347,9
382
449,2
499,1
572,2
595,7
566,8
570,6
580,1
612,5
645,7
753,2
719,2
649,4
681,3
629,2
610,1
663,6
627,7
636,5
595,8
610,7
672,5
692,5
576,7
544,9
598,3
607,3
585,8
632,2
658,8
617,2
540,2
457,2
536,6
675,6
513,2
390,6
401,1
300,3
319
273,3
343,8
244,5
116,5
78,7
58
69,3
96,3
95,5
60,1
76,4
78,2
74,2
90,8
182,6
370,6
428,2
501,8
661,8
692,4
807,5
905,6
984,4
1028,9
1058,6
1098
1047,9
1067,3
1035,7
971,9
966,7
922,7
945,2
899,2
872,6
858,7
864,3
881,6
913
956,7
1017,2
1070,4
1047,7
1080
1041,4
1028,6
1045
1046,9
1053,6
1064,1
1036,9
989,8
1053,4
1072,9
1068,4
1118,2
1104,3
1081,2
1055,9
1052,3
1013,2
996,2
1034
1122
1186,8
1208
1210,7
1209,4
1203,3
1180,6
1170,1
1156,5
1110,3
1122,8
934,4
853,3
754,9
582,3
427,3
405,4
340,8
282,4
242,6
230,8
198,4
179,9
176,4
307,1
230,8
251,7
184,2
185,6
191,6
208
152,6
108,7
117,8
100,8
97,8
136,6
229,2
220,5
242
275,8
263,6
293,7
316,6
340,5
278,3
252,1
277,4
363,7
453,3
446,9
436,8
400,3
399,9
362,8
329,8
307,2
255,1
263,7
292,9
337,4
421
490,4
446,3
432,7
319,4
265,4
221,9
170,6
165,7
154,5
179,1
222,2
295,8
334,6
370,5
338,4
282,5
311,7
280,8
245,2
206
150,7
134,5
92,8
62,3
59,9
43,7
25,8
18,7
6
18,6
31,7
30,1
58,3
107,9
166
194,6
127,4
149,8
183,3
250
335,2
388,4
446,8
533,6
637
667,5
552,6
527
545,9
415,5
346,1
431,1
417,9
361,1
490,5
584,8
666,3
742,2
772
858,5
912,5
953,7
1025,9
1160,7
1182,5
1203,6
1196,1
1179,6
1205
1176,3
1131,1
1074,2
927,4
776,5
508,9
382,2
215,7
141
93,4
56,6
34,9
10,1
11,1
7,6
12,4
46,6
115
141,5
210,1
284,1
347,6
415,4
442,5
459,7
463,2
459,5
504,7
520,1
613
737,2
693,5
598,3
598
652,4
753,4
848,6
869,9
963,2
966
910,9
727
647,6
627,8
558,9
507,6
472,2
621,6
805,1
901,7
909
927,1
865,1
738,6
544,2
402,1
372
280,5
258,9
213,5
186,4
240,5
262,1
249,6
242,5
343,9
403,6
267,3
158,7
174,2
586,2
279,9
263,5
361
504,2
528,2
334
404,9
329,6
284,2
334,1
388,4
344,4
314,7
290
264,7
262,8
378,2
587,7
716,9
727,8
801
873,3
918,9
993
961,6
965,5
988,9
1018
984,9
939,3
943,9
923,4
933
922,4
913,6
971,6
1044,8
1148,7
1179,7
1201,8
1178,8
1170,1
1148,9
1078,8
1079,2
1059,6
982,6
949,3
882,3
1041,5
998,5
887,5
995,8
1011,6
1008,7
1052,1
1103,9
1088,1
1098,4
1125,7
1151,6
1186
1182,6
1190
1199,2
1207,6
1200
1199
1119
1105,1
1083,7
1028,5
1049,1
1128,4
1124,4
1114,8
1158,6
1146,1
1127,8
1156,7
1163,1
1153
1127,2
1141
1129
1116,9
1012,2
1053,8
1019,6
919,5
767,6
628,2
509
495,5
439,5
422,6
341,9
323
263,8
191,2
167,2
147,8
196,5
281,5
473,2
552,5
646,2
732,8
897,7
1023,9
1100,1
1110,5
1111,8
1070,3
1125,5
1089,7
1075,2
1124,5
1130,9
1084,8
1007,6
1045,1
1147,6
1171,3
1171,4
1162
1166,2
1166,8
1166,9
1097,2
1042,3
1014,4
912,8
956,9
1078,2
1153,5
1154
1161,4
1116,9
1113,2
1098,6
1094,4
2209,2
1134,7
1135,9
1160,9
1168,9
1178
1186,4
1169,6
1194,3
1190,5
1199
1204,3
1182,7
1208,5
1216
1227,2
1222,6
1212
1217,3
1216,8
1198
819,3
1204,4
1215,4
1215,9
1208,8
1197,4
1158,9
1189,4
1083,6
1054,2
1176,7
1173,7
1197,4
1135,7
891,2
1114,4
441,3
466,4
742,7
609,5
820,8
1170
1183,6
1177,9
1174,4
1170,9
1170,3
1167,9
1169,9
1163,6
1161,9
1157,9
1179,4
1176,3
1174,1
1187,2
1189,9
1173,8
1150,8
1167
1187,9
1166,6
1127,9
1105,2
1071,1
964,4
970,2
1032,6
1071,6
1030
954,7
1111,9
1025,3
1064,8
1085,3
1089,4
1072
1072,4
1043,6
1002,7
940,1
951,6
953,7
955,9
960,7
918,3
939,5
936,6
868,3
815,6
846,7
885,5
1006,6
987,3
1000,6
1076,1
1120,6
1136,3
1163,5
1191,6
1142,4
1015,8
968
957,4
1051,2
1189,2
1191
1086,5
997,2
881,8
937,7
935,8
959,6
1007,2
1101,1
1075,6
1029,6
1090,5
969,2
1047,6
1136,4
1091,3
1015
1033,9
1040,6
1034,7
1077,7
1063,8
1033,4
941,3
865,2
876,3
692,9
601,6
590,8
595,9
630,2
666,5
661,9
546
396,3
345
340,5
347,4
314,9
352,8
386,1
332,8
391
267,3
289,6
136,5
61,3
21,4
20,6
38,5
60,4
92,3
180,4
222,9
371
473,4
494,2
559
648,8
751
869
981,7
998,9
1049,9
1145,8
1160,8
1181,7
1187,3
1159,9
1154,9
1138,6
1152,9
1166,5
1167,4
1181,6
1195,4
1196,5
1194,5
1198,8
1204,9
1203,4
1206
1203,7
1152,3
1118,1
1202,9
1204
1177,4
1122,7
1042,1
961,7
861,8
829,7
788,9
765,4
680
547,9
239
105,5
123,2
221,9
231,1
387,7
539,1
613,3
682
675,3
786
837,1
950,1
962,7
1039,5
1092
1136,1
1098,6
1069,5
1057,6
980
926,1
868,2
906
639,1
581,2
479,8
437,5
374,2
493,4
583,7
501,6
406
362
278,5
232,1
188
224,2
246,6
205,5
122,3
132,6
141,6
257,6
499,5
550,6
651,6
677
544,1
508,6
470,3
447,2
485,2
401,2
408,1
423,7
376,8
424,2
260,7
294,8
288,5
283,9
292,4
283,1
361,6
350,6
460
514,2
573,7
626,4
679,3
833,7
826,7
848,9
855,6
879,5
883
816,6
840,7
806,5
792,4
748,2
733,5
740,8
779,7
771,7
767,9
782,8
777,6
769,7
787,3
757
770,4
630,2
580,3
566,6
614,2
512,4
508,1
554,9
583,7
573,7
576,1
409,9
410,4
393,5
365,6
415,7
651,8
776,2
703,9
741,3
836,6
847,6
848,1
865,8
871,1
1050,8
1140,5
1206,5
1198,4
1222,1
1221,5
1216,5
1207,8
1197,2
1155,5
1019,7
920,5
846,1
837,8
688,6
627,3
498,8
468,1
478,3
398,9
321
361,9
436,2
572,4
560,8
529,4
514,8
594,3
799,7
735,7
688,7
615,1
595,6
544,1
579,4
497,8
411,5
320,7
276
241,4
208,6
151,1
115,5
71,5
34,5
32,6
109,8
176,4
155,3
181,2
320,4
451,8
541,1
632,6
783,7
918,5
1002,6
1056,5
1151,6
1173,9
1161,2
1189,1
1198,2
1207,1
1209,4
1197,5
1180,2
1026,9
869
897,9
929,1
942,6
951,3
838
861,6
822,5
771,4
742,4
780,7
794,1
782
823,1
865,9
894,3
892,6
905,3
929,9
921,2
931,3
936,1
888,4
989,4
955
986,2
969,8
975
936,3
983,2
966,9
983,4
889,9
879,2
833,4
735,2
663,3
626,9
548,4
455,4
487,5
586,4
711,2
664,2
796,2
865,3
812,4
955,6
952,8
898,1
919,9
933,8
932,7
821,4
768,7
646,2
624,8
576,3
533
500,2
510,6
523,8
507,5
439,2
376,8
258,3
176,9
116,3
121,4
134,5
93,7
92,4
105,9
180,1
285,2
276,7
359
489,9
521,4
562,3
558,1
610,9
620,6
710,4
806
909,8
1009
1066,7
1066,8
1136,2
1107,5
1137,5
1186,9
1136,3
1074,3
1053
1063,9
1099,5
1095,6
1100,8
1102,9
1104,6
1084,3
1062
1068,4
1091,8
1094,3
1063,7
1074,1
1099,7
1103,4
1081,7
1036,6
1041,8
1017,9
910,3
962,3
866,8
825,4
803,9
774,2
686,2
573,7
510,8
447,4
321,4
230,8
165
133,4
98,1
73,9
37,6
11,5
11,1
32,5
59,2
100,5
146,4
236,8
297,9
275,6
270,6
315,9
312,9
372,4
409,2
398,6
371,8
380,5
403,7
372,6
326,1
290,1
254,9
227,6
261,4
305,5
341,5
349,4
387,9
413,8
435,5
485,4
469
443,9
466,8
497,5
371,3
310,4
447
460
378
343
337,2
264,6
252,2
249,9
285,4
375,3
462,9
371
414,8
390,6
376,7
403,8
467,1
300,8
199,9
166,8
171,3
164,3
166,8
191,4
310,8
413,3
472,7
463,5
429,4
421,3
419
400,6
394,3
422,6
422,1
394,8
363,1
340,4
289,5
285,5
347,1
417,9
432,3
462
430,3
367,6
329,2
359,6
344
376,3
409,6
360,1
300
326,3
309,7
316,3
367,4
471,4
438
507,2
554,5
532,1
517,9
469,2
394,5
367
385,2
400,2
411
357,4
339,2
339,1
343
279,5
260,1
268,6
253,4
280,6
259,9
242,1
236,2
238,4
195,1
147,2
126,1
82,2
68,9
64,3
60,1
50,8
41,9
45,4
39,9
47,5
35,1
32,7
48,5
64
93,3
115,6
148
185,2
180,6
211
219,8
283,9
322,7
419,8
510,5
577,4
648,8
718
793,1
862,7
897,6
946,5
999,1
1032,8
1099,9
1121,2
1143,9
1150,4
1186,7
1080,4
953,2
846,6
842,8
827,3
636,2
634,1
668,3
632,9
740,4
831
850,1
810,7
759,8
741,3
668,8
637,4
738,2
649,6
540,1
591
477,7
476,4
480,1
575,5
508,7
472,4
559,6
499,4
508,5
478,3
426,9
388,1
328,7
402,3
352,8
264,6
237,1
164,4
113,2
100,2
103,8
73,1
41,3
31,6
26,4
38,9
34,7
45,9
93,2
121,7
168,8
217,5
233,7
261,4
385
484,5
594,3
684
755,2
718,1
802,8
865,7
944,6
968,3
960,1
951,9
1032,8
1075,4
1082,4
1008,2
980,2
1044,2
1080,7
1025,3
1010,7
1068,6
1105,9
1060,8
1176,8
1187,7
1206,9
1215,7
1204,9
1216,2
1202,9
1212
1229
1231,4
1219,7
1222,6
1228,5
1228,4
1229,4
1232
1232
1228,6
1231,7
1232
1231,6
1231,4
1229,8
1230,6
1215
1176
1155,9
1100,5
1052,8
1039,2
1001
847,4
638,1
554,7
433
368,4
425,7
533,5
563,3
642,9
711,2
726,1
816,2
1032
1092,4
1132,4
1123
1081,8
983,7
926,2
925
977,7
1122,8
1130,9
1016,7
808,6
661,4
683,4
697,3
609,3
383,4
409
406
307,3
356,2
363,2
345,3
437,5
424,7
473,3
437
422,3
548,9
655,5
656,5
724,2
969,4
1027,7
1091,8
1129
1159,9
1200,3
1212,6
1213,7
1225,3
1224,6
1226,5
1230,5
1229,7
1229,5
1229,3
1223,3
1230,4
1224,2
1202,1
1093,7
994,9
969,4
878,3
720,8
613
497,8
395,8
281,3
162,5
105,7
78,8
61,9
57,4
62,7
91,1
137,1
190,3
233,2
290,8
285,4
262,3
229,3
237,4
263,5
338,9
321,4
273,5
280,2
399,3
580,6
617,4
612,4
582,9
656,5
731,3
708,8
712,1
680,9
618,8
632,9
679,9
711,4
712
705
688
721,3
754,1
757,6
747,7
723,3
835,8
911,4
915,3
959,4
1001,5
1021,8
1078,3
1116,7
1126,2
1153,7
1140,6
1049,2
865,8
1096,9
1114,3
1123,2
1132,3
1113,2
998
1007,4
1046,6
1125,5
1158,2
1181,6
1193,1
1193,1
1217,3
1206,3
1197,6
1191,5
1189,3
1205
1197,9
1199,1
1210,5
1214,2
1219,6
1211,8
1164,3
1072
874,3
624,1
452,2
356,2
466,3
636
81,8
1
3,2
4,3
7
10,5
165,8
263
348,7
337,5
351,2
221,6
173,8
336,5
363,7
510,3
586,9
577,1
616,5
641,7
662,1
800,7
916,9
958,8
955,1
951,8
1064,8
1120,4
1120,4
1115,2
1120,1
1122,8
1121,6
1122,2
1115,2
1108,8
1109,4
1112,6
1116,3
1112,3
1123,5
1122,6
1081,3
1023
975,1
894,8
786,6
648,9
526,5
348,1
216,8
199,9
247,9
324,1
346,7
332,8
385,6
296,8
291,8
623,9
884,4
1026,5
1070,5
1092,8
1111
1133,5
1154,7
1159,4
1162
1159,6
1159
1148,1
1150,7
1147,2
1125,5
990,3
789
753,4
732,8
728,3
729,6
679,1
661,7
615
529,2
416,6
299,8
254,6
199
156,5
206,4
208,7
202,8
192,2
141,4
128,7
123,1
104,2
114,7
64,3
61,1
76,5
74,5
99,2
172,7
176,8
190,8
226,4
289,7
304,2
323
359,4
389
401,8
539,8
607,1
681,6
739,9
672,6
669,7
615,1
645,1
507,1
538
610,2
539
494,4
572,1
585,9
570,5
622,3
670,9
663,2
685,4
573
470,5
427,3
518,9
451
393,3
357
344,9
352,7
384,8
407,2
459,4
476
439,7
478,5
524,3
514,9
495,2
531,1
557,9
556,9
523,7
581,5
648,5
687,2
755,6
834,8
867,3
913,9
928,2
931,7
936,5
969
1019,2
1069,1
1106,6
1130,7
1058,2
927,5
806,7
763,3
653
474,4
468,6
343
210,4
223,6
254,5
217,3
216,5
168,1
168,7
141,1
107,1
158,4
270,1
312,9
391,8
449,6
484,1
490,7
531,6
566,6
542,8
618,6
576,1
588,9
541
605,2
631,2
590,3
476,6
462,7
446,5
480,3
358
343,5
258
334,9
278,5
253,5
454,4
633,5
753,9
657,9
677,8
674,8
644,9
1065,2
1162,3
1193,2
1197,5
1194,5
1199,5
1213,7
1210,8
1201,8
1165,2
1151,3
1064,5
907,1
973,7
989,4
904,4
966,2
1028,7
962,4
864
1010,1
1031,3
1058,6
1106,5
1139,2
1163,5
1168
1195,1
1203,1
1199,4
1213
1208,3
1202,4
1192,4
1200,6
1201,7
1204,1
1131,4
1190,6
1208,1
1209,6
1218,9
1211,9
1168,9
1083,1
1033,2
983,8
844,5
754,4
526,3
441,6
436
458,5
472,3
516,7
616,7
472,9
505,2
589,2
513,8
476,6
438,4
348
249,9
227,7
213
183,9
165,1
110,8
95
63
90
93,4
104
114,6
176,2
285,6
383
528,3
688,8
810,7
833
847,2
812,2
830,6
820,6
853,2
887,7
898,7
888,9
802,5
913,7
962,1
966,1
1000,5
912,4
1043,3
1035,1
1061,8
1091,4
1147,1
1166,7
1209,4
1208,2
1157,5
1149,6
1118,4
1012,3
985,6
1029,7
1046,9
1052,8
996,1
727,6
748,4
838,6
788,1
845,1
785,5
723,5
778,9
831,1
760,2
819,4
829,3
936,1
1059
950,5
919,4
1037
1048,6
1044,2
1074,1
973,8
1020,2
1063,8
1116,6
1075,7
1142,7
1136
1163,9
1202,3
1134,9
1204,9
1196,4
1173,3
1189,8
1211,2
1227,3
1227,2
1234,8
1215,9
1236,1
1237,2
1236,6
1238,1
1236,2
1235,8
1234,7
1234,1
1219,4
1225,4
1229,1
1232,7
1234,5
1223,9
1212,1
1219,7
1146,7
791,8
790,3
792,1
788,3
787,4
792,1
821,8
1201,9
1208,1
1211,3
1211,4
1212,4
1203,3
1201,3
1205,6
1210,4
1216,5
1218,4
1210,8
1204,4
1206,8
1199,2
1179,5
1172,8
1183,7
1164,5
1187
1179,9
1180,1
1194,7
1200
1202,9
1188,8
1173
1134,8
1067,7
1066,8
1082
1131,6
1149,3
1161,9
1188
1203,7
1201,9
1203,8
1192,6
1192,1
1186
1125,9
1168,5
1032,1
756,6
758,8
764,9
1051,5
1092,5
1089,5
1107,5
1179,3
1211,6
1216
1214,5
1205,8
1203,8
1192,2
1206,1
1207,6
1171
980,7
952,9
1093
1050,1
778,1
783,3
752,3
673
781,5
1009,5
1027,5
983,5
888,2
1034,2
1079,2
1091,2
1077,9
1019,5
891,9
777
738,4
811,2
808,2
845,8
776,5
688,3
622,8
601,4
602,7
491,7
442,6
380
289,6
168,8
104,3
74,4
68,2
71,8
120,7
127,6
162,2
104,1
97
112,2
105,1
144,5
173,7
151,9
184,9
229,9
288,5
265,6
280,6
321,4
358,9
503,1
643,9
761,5
944,2
1090,5
1152,4
1174,6
1152,1
1145,8
1175,8
1207,6
1192,1
1219
1219,6
1219,2
1219,6
1219,8
1219
1194,8
1208,8
1165,4
816,9
814,7
811,6
1146,6
1102,7
959,5
879,6
862,9
824
824
878,5
978
987,5
952,5
961,5
932,1
965,9
977,9
905,2
883,4
872,8
950,4
911,9
885,8
820,1
746,6
792,5
797,2
824,5
850,7
900,4
835,8
819,5
879,6
935,1
885,3
900,4
804,6
810,7
805,9
805,9
890,8
912,4
915,3
921,7
972,4
955,1
985,6
982,1
947,9
982,4
987,9
988,1
926,1
900,5
1003,1
1110,1
1114,5
1156,5
1135,5
1129,8
1118,4
1138,5
1132,2
1178,8
1182,8
1193,2
1202,5
1188,3
1195,2
1207
1212,6
1209,7
1196,9
1176,3
1169,7
1147,5
1111,6
1054,5
987,3
969,2
924,8
866,9
860,7
847,2
783,3
758,1
821,5
927,5
1031
1078
1033,6
1043,5
1012,9
982,6
1212,6
1209,7
1196,9
1176,3
1169,7
1147,5
1111,6
1054,5
987,3
969,2
924,8
866,9
860,7
847,2
783,3
758,1
821,5
927,5
1031
1078
1033,6
1043,5
1012,9
982,6
