2033,7
1610,3
1276,4
1057,2
881,8
721,7
624,2
543,2
527,2
527,3
523,6
476,6
480,2
508,1
534,4
617,6
648,3
659,6
702,3
743,7
802,7
818,1
762,2
729,8
670,1
687,6
713,1
691,7
617,5
686,2
794
761,3
723,2
814,6
845,9
960,7
1071,2
1191,1
1226,7
1222,6
1196,1
1212,1
1176,3
1128,7
1172,7
1153,6
1169,3
1268,1
1500,7
1662,9
1815,1
1999
2091,8
2132
2132,4
2136,5
2162,2
2192,1
2210,8
2248,1
2401,8
2460,5
2501,4
2533,4
2534,8
2432,1
2359,7
2246,8
2177,2
2213,7
2251,2
2230,3
2323
2287,3
2158,5
1978,6
1789,2
1555,2
1393
1290,7
1301,5
1412,8
1846,9
2216,8
2377,5
2471,3
2494,6
2453
2420,3
2370,1
2244,2
2150,8
2041,6
1844
1605,5
1366,2
1145,8
954,6
765,9
591,7
456,4
359,7
255,4
166,7
96,4
74,3
72,7
81,3
63,9
57,1
99,2
183,4
268,4
272,8
268,6
247,9
232,6
282,8
268,4
304,5
346,2
372,4
388,6
389,6
434,5
514,3
595,3
646,4
677,3
770,9
859,1
991,3
1016,8
930,8
805,4
701,8
525,6
336
227,2
147,7
112,9
76,9
46,9
26,6
22
19,5
14,8
13,6
23,8
20
20,6
26,8
60
78,6
92,3
107,4
109,3
119,9
132,4
139,6
140,6
135,9
148,8
163,8
172,9
184,5
202,5
220,5
261,4
256,7
263,2
236,7
188,3
191
189,7
195,8
183,7
155,1
121,4
89,6
75,2
58,6
40,6
23
13
6,3
2,4
1,4
4,3
10
11,2
17,1
34,7
59,2
82
96,9
120,8
154,5
187,4
200,3
191,5
224,8
343,8
434,9
534,7
618,4
646,6
718,4
856
975
1081,5
1141,4
1157,6
1130,2
1074,3
1061,9
1145,9
1289,9
1309,1
1324,6
1326,4
1329,4
1316,6
1288,7
1128,5
989,5
972,5
1084,3
1190,8
1210,8
1131,4
1013,5
1000,9
947,3
868,4
859,1
809,3
752,5
679,1
619,6
535
461,3
456,6
445,3
443,1
456,9
496,3
558,9
564
530,5
527,3
529
553,2
547,4
524,6
455,4
404
405,5
400,2
393,5
391
384,5
348,2
301,6
268,3
247,7
234,6
223,1
191,3
180,8
176,9
157,5
160,1
156,6
137,3
115,8
97,8
92,5
107,4
137,2
148,5
164,2
178,8
176,3
124,4
106,1
128,4
151,9
165,6
165,7
178,5
177,1
182
181,2
173,3
185,9
179,9
164,5
165,5
153,9
140,6
140,2
134,1
135,3
149,5
188,5
240,2
240,6
218,6
200,2
213,4
237,6
256,4
284
318,3
338,7
369,8
435
517,7
580,9
654,2
661,2
678,5
600,7
490,8
472,9
467,4
403,7
364,4
334,6
288,1
237,1
235,9
240,2
233,7
279,6
339,3
386,8
452,1
506,1
509,8
476,2
400,7
361,6
323,2
251,4
191,7
150,7
122,9
106,3
78
47,8
24
22,5
24,2
22,6
28,7
25,3
24,3
31,9
27,6
20,5
20,2
20,7
22,2
29
34,4
41,6
44,2
44,8
42
40,5
44,5
52,1
58,9
66,1
67,8
89,1
96,7
84,7
76,5
76,2
76,8
80,2
93,4
122,5
138,7
141,9
129,9
143,2
164,9
181,5
202,3
232,6
235,1
207,7
172,5
150,9
122,7
130,7
159,2
209,4
260,4
324,3
355,5
350,9
356,3
401,7
434,1
452,8
496,9
541,3
568,2
612
618,6
556,2
523
459,5
415,1
414,6
460,2
534,3
581,9
656,7
722,3
798,9
901,4
971,5
973,7
1021,8
1042,5
1114,5
1113,3
1067,6
1070,6
1014,1
951,6
924,4
913,9
902,9
884,4
886,6
871,6
894,5
877,3
876,3
849,9
803,5
780,1
771,3
745,1
685,7
603,7
549,8
488,9
405,4
376,5
387,1
373
366,9
383,2
395,6
436,2
466,8
483,4
432,9
382,7
353,6
372,7
439,6
563,6
708,3
898,5
1132,9
1424,3
1611,3
1647,3
1651,6
1690,3
1742,4
1821,4
1863,4
1862,2
1874,6
1896,1
1938,5
1933,7
1969,7
1918,3
1833,7
1842,7
1895
1943,6
2002,2
2017,8
1946,8
1874,6
1848,7
1810,9
1783,3
1798,7
1800,8
1782,3
1746,9
1711
1661,9
1670,5
1628,4
1585,7
1489,4
1376,6
1249,7
1158,6
1087,1
1076,5
1017,9
947,1
882,6
825,4
782,1
732,5
660,4
604
558,5
537,1
507,2
444,9
404
375,5
353,8
330,2
329
319,2
279,3
253,4
233,6
199,8
196
201,3
202,3
190,3
173,5
150,4
128
131,4
132,6
122,6
119
117,2
100,6
92,7
88,4
79,2
76,8
83,4
99,6
115,2
109
104,2
79,4
69,9
63,5
60,1
37,6
27,9
24,6
21,3
17,7
23,2
35,4
46,4
49,2
59,2
50,7
40,7
42,1
37,3
21,7
18,1
18,1
28,7
32,6
48,9
82,5
117,5
145,5
157,7
189,7
249,5
331
431,4
538,7
641,6
757,3
853,8
866
857,1
850,9
915
1093
1223,8
1226,3
1154,6
1054,3
1009,8
1024,5
1086,6
1203,9
1285,8
1275
1295,4
1390,1
1524,4
1606,3
1444
1407,3
1344,3
1377,2
1444
1312
1019,3
904
787,3
690
617,6
533,8
499,4
521,6
590,4
643,5
787,2
1045,5
1276,1
1540,7
1765,8
1972,2
2104,2
2198,5
2190,6
2184,5
2177,1
2117,7
2102,7
1997,5
1860,5
1735,4
1678,5
1663,8
1615,4
1614,2
1603,9
1548,2
1478,4
1430,5
1424,2
1392,9
1331,1
1272,6
1292,9
1345,7
1346,6
1314,9
1348,8
1335,8
1267,7
1240,2
1307,7
1449
1664,2
1854,3
1959,1
2084,3
2198,1
2238,2
2351,6
2220,2
1976,4
1816,3
1703,9
1653
1621,4
1576,8
1567,3
1592,1
1460,8
1423,9
1408,1
1357,9
1370,1
1294,7
1004,8
914,1
786,4
763
895,2
1301,4
1733,8
2072,1
2240,5
2228,3
2094,7
1699,9
1431
1280,6
1280,5
1310,3
1377,6
1559,8
1820,7
2053,1
2292,2
2458
2561,3
2630,8
2690,6
2764,4
2809,1
2850,4
2867,5
2922,2
2813,4
2786,5
2764,5
2656,8
2608,6
2587,2
2605,8
2601,8
2652,4
2596,8
2464,3
2374,8
2186,2
1808,3
1312,8
894,6
724
693,4
632,1
588,4
493,6
422
445,6
474,7
539,8
548,2
464
378,8
335
286,2
209,4
185,3
198,7
252,2
387,6
460,6
515,9
485,2
367,5
248,6
181,2
151,1
137,2
108,4
92,5
87,7
106,2
131,6
168,3
243,7
327,3
387,9
405,9
427,7
437,9
404,1
386,2
336,9
275,8
241
256,6
222,1
185,3
144,5
103,8
130
225,6
324,3
383,9
385,4
366,4
324,9
385,7
345,5
365,7
327,8
417,2
528,8
470,7
516,9
476,7
590,1
587,4
721,8
953
1213,4
1281,3
1222
1172,9
1075
990,5
975,4
877,6
840,6
866
912,4
956,7
880,5
780,2
765
773,4
817
867,3
1111,8
1486,4
1807,9
1996,9
2186,7
2361,9
2457,6
2531,8
2595,2
2582,9
2477,9
2436,6
2448,5
2405,3
2305,1
2208,8
2028
1855,9
1788,8
1609,2
1498,8
1249,3
1065,5
874
710,4
623
582,7
506,1
496,8
579,6
572,1
655,7
673,5
586,2
520,6
553,4
569,6
583,5
602,9
601,6
620,5
610,9
630,4
664,1
629,7
607,4
508,8
422,8
353,3
274,6
220,4
189,3
194,5
230,3
262,4
287,3
282,3
281,5
298,3
310,7
333,3
370,3
373,6
334,8
331
367,5
390
404,3
431,6
448,5
437
420,8
384,5
349,6
289,3
266,3
286,2
304,2
302,1
292,1
268,7
254,5
247
277,9
295,4
271
247
231,5
234,6
240,4
274,9
314,4
357,9
412,7
487,2
504,3
514,6
565
611,6
576,1
542,7
493
460
404,2
357,4
311,8
313,1
288,3
273,1
276
276,8
280,7
283,7
280,3
278,4
267,9
284,1
303,9
311,8
307,6
343,9
355,8
336,5
325,2
338,8
316,8
303,9
307,2
298,4
255,2
224
184,2
142,6
109,7
63,6
29,2
15,3
9,2
7,1
6,6
11,1
14,1
27,7
37,7
42
45,4
49,1
74,3
106,2
148,5
184,2
212,2
222,2
221,2
271,2
346,6
379,2
395,6
426,9
464,4
467,7
448,8
446,6
483
505,9
490,6
480,9
493,7
509,1
497,2
437
423,4
482,1
602
724,1
784,1
785,2
721,2
699
657,5
659,8
653
616,4
565,3
569,8
617
633,5
633,9
605,2
632,6
676
715,1
698,4
654,2
581,3
519,1
464,3
403,9
349
319,8
282,3
237,5
208,3
172,3
156,8
121,9
63
43,6
38,5
31,3
25
23,5
23,3
28,4
29,2
24,3
19,6
19,7
20,4
16
15,7
12,1
5,7
9,2
18,9
23,9
26,6
40,3
69,9
112,8
121,8
179,6
239,3
258,1
314,2
389,5
398,2
462,2
548,9
596,4
651
732,3
846,9
970
1140,2
1285,7
1325,1
1271,6
1197,2
1141,4
1173,7
1235,3
1200,3
1147,4
1097,7
1049,3
1005,7
948,7
827,8
702
575,1
501,1
466,1
434,1
414,4
399,6
385,6
371,8
338,2
309,5
286,1
231,7
190,5
169,5
147,9
133,3
129,8
122,3
114,6
101,1
81,9
72,6
76,7
67,1
57,3
55,6
64,2
57,1
43,5
50
64,3
62,3
53,8
37,5
24,3
20,6
19,8
20
21,2
26,5
29,6
29,4
29,1
33,4
27,9
20,2
18,3
16,4
15,4
17,8
19,9
24
29,7
41,4
41,9
42,3
56,4
64,5
66,5
66,8
87,9
110
139,9
170,5
193
213,8
236,3
269,4
296,7
315
353,1
369,7
381,6
405,9
439,7
488,7
522,5
612,7
725,1
825,3
949,4
1061,1
1189,8
1275
1369
1444,4
1467,9
1422,3
1420,8
1359,9
1286,7
1232,9
1234,7
1191,9
1171
1176,2
1198,9
1258,6
1295
1205,8
1156,1
1153,6
1238,9
1273,7
1293,5
1280,5
1243,1
1257,1
1260,1
1215,4
1152
1138,1
1132,2
1029,4
960,6
1001,7
959,8
892,4
820,6
826,6
808,4
834,6
825,8
816,4
801,5
838,6
912,6
985,8
915,7
824,4
827,6
830,9
827,4
809,8
742,9
619,6
572,1
577,9
545,5
466,5
413,1
384,9
342,2
296,9
293,2
272,1
274,1
292,7
288,8
282,5
311,3
357,4
378,2
337,3
289,5
237,9
207,4
170,6
127,7
106
102,3
114,7
108,9
94,4
77,6
63
55,3
57,3
62,8
78,2
84,8
84,7
81,4
80,3
87,6
108,5
109
109,3
108,5
116,6
116,5
125,6
121,9
112,9
119,6
118,4
108,2
111
113,8
114,6
125,7
155,1
198,2
249,8
321,4
394,8
464,1
471,1
490,4
605,2
760,1
858,1
946,4
1066,4
1092,7
1084,3
1138,1
1185,4
1191,7
1166,5
1148
1170,1
1191,4
1161,3
1148,9
1147,4
1204,4
1304,9
1332,7
1300,1
1312
1356,3
1449,4
1563,7
1546,6
1481,8
1385,3
1343,8
1333,1
1290,7
1240,1
1107,7
1032,9
1022
955,8
934
927,2
890,3
828,7
809,7
793,7
802,6
851,7
941,4
955
907,7
888,4
862,7
847,5
857
891,7
893,1
873,4
807,6
706,5
658,4
605,8
568,9
533,3
447,1
365,1
314,9
280,5
225
178,9
182,1
177,3
159,6
131,8
91,6
57,3
42,6
35,4
15,9
24,5
40,5
52,6
46,2
53,3
77,4
74,8
68,8
77,1
70,3
91,9
104,8
113,3
119,5
125,8
109,5
84,4
60
48,3
39
21,9
21,8
29,6
49,6
66,6
69,9
65,7
63,8
56,8
71,2
83
89,8
101
111,9
110,7
144
195,5
232,6
315,1
394,3
446,7
521,1
643,9
782,3
887,1
939,8
1027,3
1167,7
1365,1
1510,7
1623,5
1684,7
1630,7
1638,8
1731,7
1730,3
1617,5
1528,6
1349,1
1124,6
935,1
790,9
680,2
579,8
533,9
479,3
386,6
268,5
182,1
144,8
166
224,3
305,6
362,8
389,8
364,5
348,3
347,2
303,1
259,5
213
185,4
240,8
327,9
410,5
491,7
522,1
639,7
798,4
953,5
1061,9
1218,6
1478,1
1708,6
1985,8
2301,8
2509
2589,3
2622,3
2617,7
2593,8
2534,2
2389,8
2296,9
2232,6
2172,2
2125
2057,2
1972,4
1856
1733,8
1577,2
1394,4
1220,1
977,6
773,7
751,6
833,6
697,2
480,9
383,3
333,9
330
321,7
268,8
285,5
304,9
309,8
320,4
297,6
281,8
273,6
257,2
246,8
250,3
284
307,1
331,5
301,8
259,4
218,9
274
325,2
354,5
340,2
310
270,4
200,3
125,9
93,5
81,3
96,5
146,6
271
339,2
382,9
410,9
428,3
462,3
486,8
476,7
473,4
442,1
386,3
290,9
230,8
194,9
167
166,5
143,7
98,8
68,3
72,1
128,6
207,4
291,5
298
284,8
265,3
222,7
172,5
114
46,5
11
2,7
5,9
13,1
29,3
45,4
68,8
57,5
43,1
50,4
96,7
198,3
305
432,2
558,5
669,5
785
922,9
1083,7
1281,5
1517,7
1643,4
1712,5
1693,1
1650,8
1700,3
1705,9
1752,7
1851,5
2084,6
2342,6
2510,9
2612,1
2668,3
2634,3
2565,8
2446,7
2319,6
2291
2367,5
2419,1
2449,4
2465,7
2451,1
2466,9
2457,3
2401
2368,8
2387,8
2406
2426,6
2460,4
2502
2586,1
2650,5
2655
2681,1
2687,5
2677,9
2605,4
2472,9
2256,1
2135,2
2114,1
2061,2
2038,1
2016,4
2013,1
1986,7
1911,9
1815,8
1730,7
1684,8
1684,2
1720,6
1791,7
2049,7
2392,6
2513,9
2581
2641,9
2648,5
2594,8
2561,8
2485,6
2345,5
2287,8
2329,7
2401,6
2493,2
2556,7
2478,3
2416,9
2414,4
2486,1
2557,1
2575,9
2589,2
2590
2585,2
2707
2760
2781,5
2798,4
2760,8
2701,1
2632,1
2530,5
2375,3
2182,9
1924,7
1780,9
1679,9
1601,3
1554,2
1481,2
1410,6
1352,8
1286,4
1240,9
1243,9
1212,6
1145,7
1105
1208,3
1452,4
1491,6
1398,2
1283,4
1168,8
1055,3
933,6
737,2
511,9
276,9
183,5
145,4
108,6
86,7
77,4
87,1
118,4
159
205,7
228,5
256,8
304,6
349,6
285,3
301
361,9
438,6
490,3
472,8
437,6
409,4
394,2
335
276,8
262,3
255
229,5
215,1
206,7
196,6
188,8
197,7
187,5
196,6
205,4
230,6
221,8
211,8
227,5
282,5
352,5
448,4
505,5
535,1
554,1
553,4
491,6
440,7
393,4
349,5
331,2
314,5
314,4
295,8
283,4
290,4
281
257,5
243,7
236,9
200,9
158,5
165,2
180,4
184,4
148,6
123,6
120,5
109
83
53,6
35,3
28,2
24,6
23,2
29
51
102,9
170,2
218,4
253,2
293,5
331,4
395,8
427,9
363,3
429,6
625,5
691,2
731,9
743,9
773,1
760,4
684,3
580,4
557,5
618,4
723,4
773,2
793,2
818,1
850,1
874,6
892,4
948,2
1018,9
1104
1232,3
1410,4
1650,6
1849,1
1978,2
2080,5
2096
2024,3
1895,9
1759,2
1690
1650,2
1618,6
1614,9
1625,7
1563,7
1518
1489,3
1500,6
1565,8
1676
1770,8
1846,7
1953,6
2057,9
2154,6
2307,1
2420,8
2505,1
2642
2746,6
2818,8
2842,9
2850,9
2849,7
2846,7
2842,7
2853,8
2863,2
2852,4
2821,9
2816,4
2828,2
2850,5
2871,3
2900,9
2908,3
2926,9
2946,5
2957,8
2945,6
2895,3
2830,3
2798
2770,1
2760,4
2787,3
2795
2794,9
2781,2
2731,6
2670,3
2578,3
2471,4
2322,1
2191,6
2102,7
2037,8
1966,5
1912,3
1908,8
1960,7
1948,9
1919,4
1997,6
2036,5
1999,1
1935,5
1901,1
1837,9
1793
1754,3
1664,2
1493,4
1290,7
1132,6
989,6
993
1017,3
967,7
906
926,2
969,5
1003,1
1033,6
1062,6
1078,8
1093,1
1138,5
1227,1
1304,3
1277,6
1213,8
1165,1
1092,2
1044,4
997,2
924,7
853,3
867,9
925,4
914,6
918,4
913,7
907,5
858
797,4
735,3
676,7
609,9
623
614,3
605,3
669,6
729,3
756,7
785,3
786,1
776,4
792,4
806,8
742,1
615,1
626,3
731,8
825,2
862,4
813,1
778,4
778,2
831,6
888,1
936,5
917,1
902,4
859,1
1006,7
1389,3
1639,8
1728,8
1721,4
1725,2
1722,3
1723,8
1759,1
1701,6
1470,1
1206
1072,5
1123,5
1310,2
1489,8
1558,6
1551
1576,4
1464,2
1357,6
1313,8
1287,2
1344,9
1622,5
1908,5
1942
1914,7
1822
1734,9
1648,5
1565,5
1438,8
1237,8
931,1
722,9
634,8
586,6
522,1
490,4
460,5
483,3
533,2
575,1
634,2
688,9
725
630,1
558,9
674,6
956,3
1181,3
1338,3
1436
1560,7
1610,5
1522
1232
839,1
639,1
581,8
579,8
578,8
582,1
577,7
561,6
526,6
544,7
540,7
558,2
546,9
528,7
632,2
1032,7
1290,1
1307,6
1307,1
1255,2
1225,6
1250,2
1149,9
911,5
592,7
497,2
525,3
597,8
609
621,6
610,7
564,1
531,3
513,8
507,4
469,4
438,4
346,3
239,6
278,1
413,2
599,4
727,3
782
784,9
755,2
691,4
551,7
361,7
328,9
365,5
431,5
420,9
363,6
316,2
285,6
241,1
228,3
220
210,5
213
231,6
304,6
460,5
497,6
528,5
541,3
569,6
592,7
585,8
569,5
490
343,7
289,3
297
304,2
308,1
331,4
338,4
336
329,5
315,4
335,7
362,5
412,8
365,4
386,2
556
709,3
881,3
1068,3
1140,2
1162,3
1151,3
1113
942,7
704,2
616
629
633,9
579,4
533,5
509,6
495,4
497,2
494,6
498,4
496,3
504,3
516,7
565,3
631,4
645
652,1
626,3
594,6
568,8
581,4
571,7
496,6
365,2
285,5
253,6
240,2
236,6
233,2
239,5
254,8
278,2
290,7
312,3
350
376,3
408
479,8
606,3
610,7
556,2
496,2
430,6
408,9
440,8
445,3
374,7
261,6
203,9
149,9
127,7
120,6
134,2
141,1
145,7
146,55
147,4
153,8
149,6
142,9
120,2
86,6
44,8
76,5
140,6
133,9
113,8
98,3
106,4
144,1
182
205,3
186
185,4
152,3
157,1
165,1
157,8
166,9
178,2
170,7
161,9
152
147,9
128,3
90,5
60,8
54,3
61
89,2
137,4
215,1
295
339,9
342,5
273,4
192,8
204,2
205,6
205,1
183,8
162,6
166,6
162,5
160,2
165,8
166
167,7
183,8
133,6
43,5
36,9
84,8
117,5
131,4
174
209,9
255,7
294,6
287,8
223,7
212,7
211,4
170,6
151,2
137,5
114,7
100,1
103
125,3
171,7
215,7
256,4
217,9
153,5
205,9
360,7
417,9
485,6
569,2
660,2
686
652,4
508
270,1
171,6
161,2
178,5
191,6
208
233,9
209,8
194,2
202,3
219,1
254,4
248,9
181,2
160,3
249,5
396,5
555
654,4
654,8
618,6
574,9
553,3
490,7
334,9
265,7
284,5
302,9
330,2
335,7
344,5
340,4
367,1
375,3
389,5
470,8
505,3
437,5
539,5
814,8
904,1
830,7
734,1
705,4
738,7
756,8
725
567,9
350,6
263,5
214,2
174,7
161,4
177,6
198,7
202,5
170,3
125,7
88,6
90,3
100,7
93,5
111
188,8
266,8
395,8
558,3
711,9
892,4
1033,4
1124,4
1062,4
874,1
706,1
755,7
808
846,2
845,9
840,2
899,8
888,8
936,7
971,3
944,1
979,5
1013,5
1079,5
1080,3
1070,9
977,5
975,6
924,3
912,5
822,5
687,7
560,5
411
337,8
327,1
302,6
269,9
252,2
219,2
166,8
118,8
93,8
63,3
39
20,5
7,8
1,8
2,1
5,9
16,8
56,4
106,6
159,4
243
279,2
292,5
245,9
240,4
267,5
295,3
325,9
342,8
363,7
430,1
506,4
593,5
644,4
708,1
716,1
696
792
1091,8
1468,2
1724,6
1886,7
2075,2
2172,4
2199,2
2173,9
2059,8
1798,5
1561,9
1489,7
1464,4
1392
1317
1241,2
1197,5
1212,6
1229,2
1237,7
1218,8
1235,2
1358,1
1445,8
1464,5
1480,7
1586
1692,7
1709,8
1667,2
1581,5
1477,3
1317,9
1142,1
1116
1154,1
1140,8
1137,2
1100,8
1050,2
969,9
860,7
758,3
680,2
625,6
569,1
543,9
564
592,4
638,2
714,4
740,9
775,4
838,5
932,1
957,6
921,6
904,8
842,3
829,8
810,5
729,5
602,9
554,6
507,4
440,5
392,1
349,8
306,8
250,2
186,5
160,3
160
146,5
103,1
70,4
86,1
114
112
96,7
64,9
43,6
24
21,9
17,9
15,2
12,5
15,8
14,1
11,7
10,5
13
18,8
16,9
14,5
25
48,6
66,2
100,7
163,8
295,6
389,9
421,2
470,9
451
308,2
232,7
226,5
205,8
156,3
142,3
141,2
152
199,7
263,4
347,7
481,2
626,2
731,4
902
1224
1478,2
1649,2
1755,1
1809,4
1751,4
1712,3
1575,4
1406,5
1190,2
1147,2
1285,6
1341,4
1375,4
1381
1426
1489,5
1578,2
1529,4
1410,4
1234,3
1082,3
874,7
746,7
668,7
753,5
640,9
545,3
545,1
521,6
515,6
468,9
408,4
373,5
321,4
242,4
178,7
151,6
141,6
133,2
129,2
129,3
164,5
203,2
211,7
220,8
290,7
391,5
630,3
914,8
1157
1236,1
1291,9
1529,5
1653,4
1662,4
1569,8
1560,6
1289
1128,2
1054,1
1004,4
1006,1
1013,9
993
974,6
931,2
864,2
756,7
673,9
604
574,3
593,5
666,9
846,8
996
1148,9
1200,1
1074,1
866,5
744,1
689
891,3
1222,6
1447,1
1487,3
1604,3
1552,1
1397,7
1369,6
1653,6
1970
2256,9
2344,2
2375,6
2492,4
2708,7
2824,7
2864,6
2849,9
2830
2843,5
2888,6
2884,5
2822,1
2700,4
2587,7
2532,2
2462,3
2404,7
2358,8
2337,8
2283,3
2197,1
2197,1
2347,3
2378,8
2363
2434,6
2484,9
2526,1
2570,9
2597,4
2577,8
2582,2
2570,8
2571,6
2516,6
2411,4
2212,8
1926,5
1694,7
1561,4
1447,3
1342,8
1248,3
1036,6
861,6
729,8
595,9
482,9
410,8
531,4
640,9
486,2
393,1
286,2
245,5
224,4
231,2
257,2
253
223
156,3
85,7
66,2
63,6
58,3
49
47,2
58,3
84,8
113
139,2
171,1
198,2
163,8
253,8
428,2
607,7
669,1
715,4
759,1
813
827,2
783,3
708,3
607,6
531
439,6
382
333
254,8
182,2
120,3
88,9
66,2
43,2
30,5
25,1
20,2
16,7
34,9
103
231,6
473,9
871,1
1241
1428,8
1625
1691
1566,4
1428,3
1436,7
1639
1863,4
2044,4
2200,4
2263,5
2198,4
2030,8
1804,7
1551,3
1392,4
1382,1
1374,2
1512,5
1794,3
2114,7
2294,9
2380,1
2428,7
2431,8
2244,7
2042,7
1727,6
1396,6
1231
1197,8
1109,9
1066,2
973,4
915,3
865,3
731,2
665,7
617,7
525,8
506,9
628,5
1113,7
1600,3
1815,6
1907,3
2069,3
2236,9
2381
2381,7
2231,2
2029,2
1666,8
1267,2
1014,1
898,3
780,5
650
541,3
432,2
392,4
337,5
281
212,9
193,7
181,8
158,1
146,9
159,8
176,8
170,1
136
119,9
113,7
150,1
238,1
377,8
466,8
660,8
594,7
640,8
651
613,2
530
448,1
449,1
367,7
283,6
270,6
258,9
215,2
211,6
197,6
207,5
241,9
244,7
197,5
203
240,5
257,3
241,1
226,4
233,1
263
269,7
265,8
268,3
270,1
269
292,7
285,1
275,4
362,6
416,7
413,6
407,1
434
486,5
556,3
606,3
601,2
453,1
387,4
354,7
309,8
262,5
246,8
229,5
194,3
209,2
190,9
181,4
161,6
176,5
218,3
193,6
311,6
443,6
568,1
687,5
871,5
1164,3
1399,9
1492,7
1523,2
1536,2
1537,9
1431,3
1200,3
1122,1
1149
1210,4
1239,1
1297,6
1439,9
1498,2
1552,4
1611,6
1657,2
1761,4
1855,1
1842,4
1802,8
1912,9
2145
2279,4
2424,2
2493,3
2450,5
2477,6
2487,7
2385,3
2188
2025,2
1931,3
1833,3
1733,4
1656,3
1617,1
1576,4
1547,2
1553,5
1582
1642,5
1767,5
1908,7
2011,1
2075,4
2117,6
2103,4
2096,3
2038
2004,9
1957,2
1846,5
1645,6
1250,3
907,9
733,7
646,5
540,6
432,5
336,1
274,6
194,3
135,3
103,3
52,8
42,3
52,9
75,6
122,9
204,1
281,9
275,8
309,4
364,7
367,9
339
296,1
219,8
200,6
240,7
270,3
273,1
281,3
289,1
222,4
154,1
141,5
160,5
225,8
324,3
285,7
245,5
245,1
274,3
309,2
369,2
424,5
463,4
477,1
425,7
329,9
219,8
173,9
152,6
141,6
146,1
148,8
206,6
276,8
310,4
380,7
415,5
285,6
262,7
294,6
310,3
300,2
321
393,4
511,2
631,5
671
640,3
551,2
370,2
236,4
226,7
246,6
287
330,4
372,6
399,3
457,4
552,1
620,6
642,6
680,7
869,1
1144,1
1353,1
1534,3
1694,5
1721
1625,2
1617,7
1532,3
1455,9
1319,7
1231
1062,9
1011,7
1032,6
965,3
725,9
558
470,1
383,7
347,5
346,6
332,1
307,4
342,1
379,3
422,6
509,2
570,8
595,7
598,7
634,9
599,4
550,5
460,8
369,2
256,1
199,5
180,2
177
193,1
202
196,7
182,3
163,8
120,2
100,7
65,3
45,8
57,9
61,6
58,4
64,9
71,1
82,8
97,5
119,3
118
106,2
76
50,4
45,2
43,8
48,6
43,4
44,7
56,5
61,9
73,8
81,4
84,7
68
50,6
86,2
115,5
139,8
162,8
188,4
214,5
236,5
261,1
297,6
338,6
385,2
379,1
416,8
487,2
546,6
613,3
666,2
680,4
695,2
721
699,1
727,9
853,2
951,2
956,1
897,7
840,4
788,4
700
609,3
524,8
461,7
346,3
265,2
209,1
171,3
171,8
245
300,7
300,9
287,4
255,8
238
220,4
185,3
179,7
190,2
275,3
371,3
512,3
606,2
672,4
722,1
751,3
838,1
872,3
758,6
551,1
369,1
293,5
204,2
163,6
164,9
219,4
303
407,5
506,7
649,4
767,4
838,1
930,3
1055,3
1268,3
1573,9
1602
1747,2
1904
1926,6
1996,5
1996,7
1909
1830,4
1602,4
1317,2
1039,1
915,8
859,6
755,6
663,5
627,3
560,7
468,5
378,3
342,4
358
387,9
496,9
589,4
727,5
916,3
958
931,1
767,6
562,1
407,7
229,3
313,5
424
384,1
321,7
357,1
523,4
508,2
457
364,9
322,2
262,4
220,6
216,3
259,5
282,9
332,8
433,4
542,7
612
607,5
533,8
569,9
533,8
504,8
474,6
355,2
330,5
386,9
422,6
442,4
482,5
503,9
477,3
502,8
634,3
757,6
991,9
1311,5
1535,5
1620,6
1566
1332,1
1164,1
1098,9
1007,9
971,5
1005,9
911,8
795,5
585,1
430,6
348,2
329,2
300,4
277,1
245,3
243,3
251,9
255,8
224,6
292,4
425,9
558
651,2
824,9
996,5
1079,2
1000,5
873,2
687,8
523,3
380,5
259,3
162,6
141,7
209,8
294,2
359,5
372,2
378,8
417,5
497,2
573,5
739,7
991,2
1182,7
1395,3
1579
1731,1
1790,4
1826,8
1986,3
2077,5
1971,9
1723,4
1341,9
990,2
635,3
409,2
226,8
151,5
117,4
116
110,2
106
100,6
88,2
66,3
52,8
51,4
57,1
82
146
220,5
300,8
454,8
604,6
751,3
872
886,9
883,5
1035,1
1323,4
1561,6
1783,1
1890,9
1802,9
1649,8
1515,7
1351,6
1205,4
995,4
879,5
866,3
851
825,2
788
730,7
718,8
816,9
859,3
855,9
811,5
748,2
684,4
596,3
659,6
731,8
817,1
925,9
1025,5
1047,9
1017,5
959,5
925,1
881,6
838,5
846,4
840,3
875,1
922,3
916,6
887,4
821,2
700,3
559,9
458,6
365,9
346,3
271,5
200,3
230,8
269,2
289,4
307
243,5
180
139,6
160,1
185,3
207,8
284,6
384,1
420,9
425,5
388,3
376,9
370,9
330,8
316,1
270,4
211,5
137,2
71,4
61,7
53,9
46,3
48,2
49,2
53,6
59,2
52,2
51,2
60,4
73
71,5
52,7
32,3
43,6
59,7
74,6
84,9
78,4
61
58,4
50,7
41,1
41,8
39,7
38,6
29,3
28,3
26,7
19,1
15,7
15,6
16,4
18,6
26,4
27,4
39,6
63,1
120,9
148,3
188
264,8
328,3
393,9
497,9
557,5
627,2
659,6
665,4
654,8
681,2
685,6
700,8
760,1
882,8
1032
1174,6
1322,3
1455,9
1555,2
1660,7
1774,4
1877
1962,1
2032,4
2120,8
2209,6
2230,8
2319,9
2445,2
2534,1
2561,7
2576,6
2533,7
2470,9
2291,4
2093,9
1885,7
1699,7
1536
1430,6
1335,2
1339,7
1340,1
1231,3
1126,1
998,1
923,7
862
759,8
657,1
623,1
599,6
496,9
350,4
183,2
100,5
79
79,8
82,7
112,9
144,1
200,6
320,8
426,9
433,8
375,8
369,9
352,3
231,1
156,1
164,3
202,1
234,4
288,9
336,9
358,2
343,9
320,7
252,1
220,9
199,8
188,7
200,5
194,7
180,5
171,5
182,7
201,4
203,1
176,3
163,8
203
295,6
437,2
585,4
727,8
843,7
882,6
847
752,4
624,7
486,6
396,6
409,3
489,2
530,9
531,4
534,5
536,4
529,2
568,8
578,9
557,6
541,7
618,7
881
1280,5
1564,7
1677
1744
1703,5
1536,1
1311,6
1070
806,2
577,5
461,9
420,1
350,1
267,7
186,2
142,4
137,2
160,5
163,1
195,6
276,5
395,8
515,1
544,7
528,7
536,3
490,8
457,3
460,2
433,8
409,7
334,2
231,5
137,7
79,8
79,2
93,9
97,8
81,1
72
67
57,1
68
70,3
83,4
93,6
127,4
168
205,2
230,1
210,6
192,9
207,1
233,7
230,8
279
357,5
428,8
443,1
486,3
420,9
437,7
458,4
470,9
524,8
586,3
708
853,4
956
1082,8
1221
1349,8
1446,2
1461,1
1427,4
1328,7
1195
1242,7
1238
1135,4
922,5
696,9
515,2
455,4
472,4
517,2
501,6
465,7
454,9
454,1
469,8
439,9
313,9
207,4
229,1
254,9
293,3
309,9
323,4
364,2
404
425,8
447,5
445,8
413,4
345
269,9
254,1
315,4
381,1
417,6
418,1
388,4
352,1
344
323,3
282,3
243,4
268,3
311,3
356,8
375,5
403,8
482,2
567,2
591,2
553,7
509,7
440,1
344,4
292,2
268,5
282,4
279,4
262,7
241,4
224,3
210,8
216,2
185,3
150,1
167,5
214
228,3
258,2
295,8
313,8
377,1
552,4
705,9
825,4
978,2
1094,8
1144,3
1139,1
1157,1
1241,3
1318,8
1355
1397,6
1416,4
1493,5
1589,8
1602,2
1710,5
1849,7
2020,4
2143,1
2179,1
2198,1
2226,2
2284,8
2311
2297,1
2327,9
2341,8
2306,8
2212,8
2032,3
1793,4
1487,7
1327,3
1254,4
1195,5
1227,6
1265,1
1264,8
1291,4
1425,7
1651,4
1709,8
1595,1
1458,3
1304,1
1149,4
1025,3
951,8
974,3
1056,5
1082,4
1035,7
873
643
519,7
549,6
579,6
557,1
566,3
605,6
653,7
713,8
694,9
609,5
550,1
548,6
527,1
517,3
474,3
396,7
379,5
397,8
421,4
443
455,3
404,6
261,5
122,9
70
63,4
43,6
54,7
65,7
73,9
82,7
90,9
97,2
88,5
87,5
150
228,9
293,5
342,9
360,7
374,8
402,4
384,6
357,6
308,5
220,7
169,6
133,5
133,7
151,5
133,5
133,8
126
112,2
82
58
50,1
39,2
31,7
40,1
34,1
28,5
35,4
49,5
63,3
64,4
72,5
91,4
113,3
118,1
112,9
114,7
124,3
134,8
123,9
90,9
74,5
57,2
50,6
68,2
95,5
86,9
69,6
89,4
85
88,7
92,7
103,3
141
192,7
240,1
309,8
386,6
447,4
433,5
411,8
357,7
360,3
432,7
470,5
476,4
492,4
466
451,4
448,2
490,2
674,1
810,8
766,3
675,5
614,2
593,6
584,7
628,2
688,1
759,5
782,9
810,1
792,4
720,8
673,4
657,5
668,7
651,3
678,1
660,4
620,1
580,3
507,9
454,4
473,8
461,3
411,7
378,1
355,7
332,8
294,7
254,8
234,9
239,5
215,5
200,6
177,5
163,1
152,9
152,2
157,9
146,5
122,9
124,1
138,6
168,6
173,8
145,6
127,5
176,4
161,2
97,5
69,1
82,3
141,6
218,4
257,1
288,4
285,2
232,2
136,1
72,3
52,5
61
73,9
97,5
98,6
108,2
114,4
118,2
112,4
89,8
77,6
66,7
60,6
54,3
76,3
122,7
181,4
223,8
252,7
239,1
228,9
234,3
239,2
200,2
140,4
113,3
91,5
70,7
74,4
82,9
88,8
113,6
161,2
149,8
155,5
195,7
246,7
311,4
435,1
667,5
791,9
912,7
929,8
826
811,6
830
812
798,7
855,7
837,3
700,9
594,2
521,6
491,8
478,9
591,1
782,3
984,8
1181,8
1341,7
1345,8
1399,1
1601,6
1788
1913,4
1947,6
1943,4
1873,4
1747,6
1453,3
1265,6
1088,6
1061,3
1115,7
1066,5
1003,8
1020,1
979,1
929
907,7
944,3
1161,2
1324
1452,5
1737,8
2030,8
2239,8
2349,3
2388,8
2331
2199
2030,8
1898,8
1689,3
1320,8
826
509,3
399,1
311,7
292
278,5
243,8
233,6
254,5
274,5
255,2
250
356,4
595,1
911,9
1061,5
1193,4
1433,5
1658,9
1843,3
1632,9
1503,4
1291
1471,6
1491
1284,4
1138,9
966,8
801,1
731
745,6
760,4
726,3
744,4
787,5
945,9
1233,4
1505,6
1826,8
1975,4
2056,5
2146,3
2327,7
2423
2406,2
2330,8
2123,3
1730,7
1325,3
968,8
760,8
666,7
590,1
599,2
590,5
583,4
518,2
418,2
337,3
326,6
278
228,1
251,9
267,7
230,2
225,4
216,2
198,6
199,9
191
160,8
139,1
119,8
130,4
122,7
134,9
184,4
229,3
243,5
250,3
218,1
187,4
123,9
94,5
79,4
50
37,6
30,1
28,2
43
57,7
47,9
29,8
24,4
23,7
34,1
49,5
82,7
117,5
184,9
185,5
204,1
242,8
291,3
294,2
296,4
309,9
350,1
382,6
441,2
449
471,5
522,2
555,2
598,7
689,5
446,5
353,4
490,9
548,6
458,4
323,8
253,5
189,6
172,3
121,6
93,6
101,3
109,5
84,6
86,6
72,8
57,2
37,9
31,7
34,9
27,8
33,9
44,6
55
65,9
76,7
75,8
93,7
82,1
86,8
275,6
465,5
452,3
287,3
182,7
153,6
142
147,2
167,6
182,5
141,5
149,2
176,9
219,5
328,1
464,4
614,6
843,5
1092,6
1391,2
1582,8
1430,4
1249
1251,5
1332,6
1456,2
1663
1793
1891,4
1921,7
1708,9
1390,5
1157,1
1068,8
1042,6
976,8
1009
1045,7
1102,8
1209
1272
1262,5
1094,3
818,6
644,1
601,1
759,1
823,4
896,7
843,2
755,6
814,1
884,3
886,9
809,4
787,4
774,4
757,4
779,4
817,8
839,9
895,6
983,3
1035,9
1023,2
1013,2
995,7
931
798,4
623,5
448,1
304,4
278,5
321,1
370
414,7
445
511,6
583,1
586,8
556,6
585,9
573,3
613,7
637,6
609
613
617,4
603,8
585,3
605
579
528,8
485,2
378,1
309,9
292,5
304,2
305,2
270,4
233,6
239,2
269,1
285,5
276,1
317,2
402,6
427,7
410,7
463,8
628,6
845,3
997,3
1076,9
1131,3
1214,3
1293,7
1294,6
1218,6
1088,9
996,1
980,9
992,8
1079,6
1146,8
1222
1287,3
1349,4
1403,4
1537,3
1671,3
1721,2
1710,1
1646,8
1596,9
1606,9
1663,5
1681
1665,8
1628,5
1539,3
1444,9
1344,4
1233
1157,9
1029
899,7
835,1
779,2
727,5
659
613
566,4
573,6
593
648,1
755,7
853,8
878
925
936,7
879,8
873,5
804,6
731
673,2
607,8
566,3
562,4
605,9
642,9
648,4
689,8
713,9
714,1
688,5
715,8
780,6
924,3
1051,5
1163,3
1175,2
1149,7
1153,9
1199,5
1244,8
1141,1
935
740,1
592,2
491,6
465,5
436,5
381,9
336,2
308,7
259,4
239,9
225,6
175,5
152,5
201,8
316,4
608,8
953,6
1445,7
1790,3
1993,4
2085,7
2157,9
2228,8
2320
2289
2235,7
2088,6
1951,9
1873,3
1875,6
1876,6
1883,4
1875,4
1838,5
1758,8
1726,4
1776,5
1882,9
1983,7
1926,2
1779,3
1576
1375,4
1187,7
1045,7
905,2
783,6
612,3
434
309,7
232,6
201,3
174,1
168,2
152,3
123,7
105,1
86,1
74,6
67,2
53,1
47,2
63,3
84,9
104,4
123,8
190
363,6
466,8
675,2
793,7
859,9
882,5
787,9
541,9
369,1
309,3
293,8
293,7
277
285,8
269,2
259,1
260,2
234,8
241,4
333,3
383,2
411,8
425,2
421,5
436,7
477,1
485,3
488
459,2
389
313,7
195,1
130,4
133,5
179,4
259,7
359,3
467,2
531
556,5
572,7
574,2
572,1
588,2
624,5
664,7
646,8
555,8
481,7
513,1
552,3
525,7
447,9
347,3
252,9
203,7
159
104,4
78,9
68,6
65,7
67,9
81
59,5
37,1
26,9
13,4
11,1
18,9
45,4
90,5
170,6
239,4
282,5
302,7
336,4
298,1
256,4
243,8
234
246,1
291,1
270,7
232,1
261,7
304,7
301,3
289,7
294,2
311,2
394,9
491,1
685,7
835
908,2
919,5
1002,7
1116,6
1093
1105,3
1103,7
1092,8
966,5
747,2
549,2
478,4
419,8
381,2
348,2
331,9
315,3
293,9
246,3
173,6
139,4
154,6
138,3
117,1
114,2
119,1
117,3
115,1
112,9
118,6
121,7
117,5
91,3
58,5
49
76,5
127,1
150,1
141
125,7
119,7
109,1
102,2
83,7
54,3
47,2
57,2
80,6
109,5
144,5
189,7
249,1
298,8
327,6
374,7
404,3
357
302,2
288,7
286,4
348,5
393,4
391,9
390,6
361,7
341,5
320,7
271,6
237,3
246,5
238,2
213,5
196
207,2
228,5
252,8
281,7
296,3
274,2
242,1
199
146,5
139,1
176,2
180,5
148,5
142
143,6
130,2
124,5
119,2
120,3
101,9
137,6
205,3
283,3
325,3
409,8
526
649,6
757
815,7
868,6
903,7
909,6
874,9
980,4
1156,1
1341
1460,1
1502,2
1441,1
1310,4
1216,1
1076,5
880,8
835,7
907,9
985,7
1052,1
1167,4
1254,2
1219,2
1109,8
1084,3
1078,3
1015,8
878,4
712,8
471
356
339,6
341
319,4
293,9
247,7
201
171,6
146
100,2
79,5
99,9
107,9
133,6
162,9
200,2
222,7
247,7
275,1
286
282,4
238,8
183,3
120,3
84,7
75
75,5
69,3
54,5
41,1
33,1
28,7
23,8
17,4
7,1
4,6
5,7
6,7
11,7
19,8
39
59,2
79,8
103,9
126,8
131,7
122,5
117,1
120,2
140,9
154,2
147,4
140,2
156,5
181,6
189,7
216,3
259,7
300,4
317,8
407,1
498,4
575,3
691,4
826,8
994,8
1214,9
1230,4
1254,5
1322,4
1318,2
1246
1165,2
1166,1
1124,5
1046,7
1116,7
1241,4
1374,7
1444,5
1505,6
1512,8
1534
1698,6
1763,1
1791,2
1844,9
1804,7
1697,1
1589,2
1611,3
1563,1
1614,2
1652,5
1535,7
1336
1026,4
865,5
783,8
684,3
574,3
433,2
387,6
478,2
541,4
542,6
637,5
845,5
914,6
979,1
1132,1
1197,3
1276,5
1268,6
1294
1287,4
1234,1
1212,3
1165,9
1080,1
928,1
820,4
770
738,5
719
686,9
595
574,1
563,2
496,2
498,8
513,9
573,8
623,9
696,4
721,9
700,6
678
657,4
657,2
618,1
613,4
549,6
463,5
437,5
449,6
461,5
487,5
486,9
482,6
464,8
437,2
410
374,3
398,2
498,2
570,6
595,8
638
635,5
627,2
647,6
737,1
860,7
861,6
768,7
587
458,6
416,3
434,8
464
449,2
449,5
449,3
454,9
476,1
438,9
422,1
473,6
573
771,9
998,3
1122,7
1237,2
1328,2
1364,7
1389,7
1399,7
1404,8
1375,4
1376,9
1340,2
1305,1
1308,9
1323,1
1323
1340,9
1407,2
1470,5
1576
1621,9
1661,3
1702,3
1736,3
1742,6
1736,9
1657,6
1468,3
1213,3
992,3
837,3
708,8
574,3
435,4
311,4
201,4
146,8
126,7
106,7
80,7
51,4
38,1
34,9
32
29,9
28,3
17,3
11,8
30,8
57,6
85,3
157,7
227,8
267,5
307,1
331,8
330,7
291,8
233,5
205,9
193,5
189,7
177,2
158,1
129
110,2
106
102,6
105,3
128,4
160,8
197,6
215,7
222
238,5
247,7
224,8
201,2
179
159,4
146,7
124,8
80,4
67,3
73,8
69
64,9
45
31,1
28,1
28
15,8
6,3
2,2
1,5
2,2
2,7
3,9
5,6
9
14,3
26,5
36,6
43,7
47,8
48,2
48,5
64
115,3
187,8
235,8
303,1
330,8
323,9
296,5
278,5
263,1
257,6
257,9
296,8
376,5
426,1
461,5
438,8
389,5
327,6
259,1
228,9
234,7
258,5
275,9
266,1
272
259,5
264,8
277,4
293,4
296,1
312,3
259,6
233,2
190,3
122,9
50,9
54,1
84,7
131,5
154,7
154
133,5
122,9
125,3
133,3
148,2
152
129,8
152,2
179,5
167,2
134,5
112
86,2
61,1
47,1
39,3
41
32,5
22,5
16,2
19,5
28,3
39,7
57,9
68,6
91,6
88,5
69,9
47,8
28,2
22,8
29,1
31,1
30,1
28,6
24,7
26,5
13,5
9,7
8,9
6,3
2,9
1,6
2,3
9,5
19,5
32,5
54,2
69,2
79,5
99,1
138,3
165,6
100,6
71,1
65,3
62,4
52,5
26,2
21,5
23,6
24,1
20,4
18,3
22,6
18,4
7,8
11,3
18,7
21,1
29,3
52,6
72,1
93,6
120,9
130,4
126,7
162,3
171,9
194,3
254,5
269,6
210,3
216,2
225,6
242,3
285,1
374,9
399,5
406,8
432
530,7
715,5
885,7
1103,6
1334,6
1443,1
1463,4
1463,3
1357,3
1170,6
809,1
474,4
326,3
304,3
282
195,3
193,9
154,5
142
139,3
135,3
116,8
77,4
51,8
80,3
113
132,4
119,8
101,5
161
192,6
158,8
153,4
186,4
190,1
126,7
64,4
73,4
73,7
86,2
141,2
176,5
226,8
246,2
213,4
203,9
159,8
175,2
239,8
303,6
489,7
800,1
1079,8
1294,4
1355
1352,2
1272,8
1059,5
848,9
635,4
483,1
464,5
500,5
479,7
390
287,6
224,2
201,1
195,3
202,3
163
217,6
417,5
601,8
742,6
859
1019,3
1185
1276,7
1285,6
1186,8
1084
905,8
644,2
420,3
332,6
321,6
339,3
267,4
199,6
184,9
147,1
91,7
60,9
42,6
34,6
65,4
78
96,3
118,4
153,4
157,6
133,3
117
86,7
61,1
43,6
31,6
36,1
40,1
56,5
85,9
115,3
154,3
185,6
195,1
195,5
215,9
195,5
175,8
225,3
353,8
517,7
721,1
858,4
868,1
870,3
797,9
682,8
577,7
492,3
488,7
677,4
825,9
932,6
959,7
855,5
691,9
704,4
799,7
864,1
915,5
1003,7
1206,2
1319,1
1160,9
1083,9
1143,6
1215,9
1344
1329,1
1228,2
1210,5
1180,2
1032,6
760,5
515,6
398,9
315,9
252,5
203,8
167,3
140
123,7
123,7
118
106,6
97,8
228,6
359
480,3
558,5
571,5
581,6
625,6
621
526,8
446,4
312,7
176,6
144,5
156,7
184,9
178,7
129,5
100,9
84,5
81,6
95,7
112,9
110,8
111,9
158
238,2
367,1
496,3
614,8
734,6
866,7
931,3
998
978,7
888,9
786,1
795,4
809,9
837,4
862,1
898,2
913,4
847,2
851,5
776,7
768,9
690,4
746,4
847,7
986,3
1075,2
1239,1
1406
1545,5
1564,5
1511,3
1404,4
1292,3
1080,6
890,4
758,1
683,6
632,6
545,8
549,7
481,3
455,2
403,4
423,8
387,3
359,7
475,2
527,2
534,6
499,7
400,9
316,3
255,8
192,8
139
116,4
113,2
92,8
109,9
112,2
99,1
91,8
120,2
155,6
193,4
208,2
219,1
188,1
178,7
179,7
139
116,7
129,3
137,3
184,7
255,6
321,3
349,5
326,7
403,7
523,2
617,1
566,3
504,5
520
577,2
632,2
642,7
661,1
650,6
649,4
616,6
608,1
575,3
668,4
671,8
608,2
568,2
547,2
598,9
626,5
572,4
464,3
383,1
337,1
300,4
242,2
233,2
224,1
230,8
249,8
246,8
259,5
239,1
239,1
250,5
239,2
250,4
250,6
295,1
334,1
357,5
358,3
405
465,5
499,6
551,2
538
476,4
368,7
305,8
362,7
417,6
547
632,8
651,5
685,8
686,1
680,5
653,7
644,9
672,6
837
1007,9
1213,7
1266,7
1231
1213,1
1189,2
1244,2
1205,2
1208,2
1092,2
887,8
798,3
851,2
963,3
923,9
873,8
874
822,2
750,5
724,9
624,1
629,1
630,1
677,8
868
1048,5
1081,3
1190,5
1247,2
1261,1
1274,1
1159,4
1087,9
901
703,5
513,8
483
527,3
520,8
561,8
588,5
601,1
609,3
591,6
627,3
700,8
708,7
867,2
1145
1277,5
1469,9
1677,2
1923,7
2106,2
2156,9
2183,4
2183,9
2116,8
1986,4
1792,9
1721,6
1725,4
1712,5
1720,1
1693,9
1673,9
1620,6
1503,1
1397,7
1282,3
1298,8
1469
1680,8
1774,1
1816,5
1870,7
1848,8
1796,8
1803,5
1823,3
1818,5
1722,3
1401,6
898,6
647,9
626,9
623,6
577,9
530,1
436,8
395,6
378,4
324,3
254,3
236
279,1
402,2
469,7
518,8
593,9
673,4
745,7
758,3
656,3
592,9
495,4
368,5
377,2
403,3
455,1
454,2
416,9
382,1
373
349,9
348,6
366
396,9
433,6
556,5
736,4
875,6
914,5
984,7
1107,4
1211,9
1335,2
1340,2
1326,6
1249,6
1186,2
1107,2
955,3
764,1
597,2
449,5
351,4
246,4
179
137,7
120,6
94,7
80,5
43,3
44,6
59,4
80,1
134,7
226,5
367
502,3
538,6
494,7
465,2
411,4
409,5
492,9
550,2
627,1
724,5
806,5
964,2
1131
1266,7
1464,8
1546,9
1580,8
1577,3
1616,9
1713,9
1869,2
1928
1861,3
1779
1699,5
1508,1
1376,2
1127,9
800,1
499,8
416,6
452,2
458,9
438,5
417,1
360,6
288,1
238,8
192
173,4
133,7
70,3
84,9
120,2
143,6
154,3
177,8
236,7
296,4
341,5
347,6
355,6
256,4
184,4
244,8
260,1
252,1
228,3
214,1
214,9
211,3
215,8
222
231,2
177,5
137
188,3
235,1
277,8
310,3
380,4
489,6
580,7
659,1
668,9
617,7
472,3
301
277
317,2
345,9
315,7
278
242,1
236,3
215
216,1
224,4
179,3
137,6
173,6
250,5
291
328,6
374,7
412,1
415
381,8
337,9
270,4
175,6
118,9
108,2
108,6
92,3
73,2
66,1
65,3
59,1
51,2
38,2
31,5
22,5
5,8
1,5
1,7
2
5,5
11,6
22,6
36,4
40,7
41,7
47,5
43,3
60,4
76,6
83,2
99,7
116,8
140
166,6
171,7
163,6
156,3
164
149,6
92,3
114,9
194,9
256,4
309,2
370,6
446,3
498,6
533,9
559,1
559,2
449,9
383,7
435,8
508,2
503,5
516,4
510,4
513,6
505,2
500,4
474,8
488,4
484,8
546,4
769
978,2
1109,7
1224,3
1266,8
1289,4
1256,1
1203,5
1173,7
1088,2
850,2
657,4
623,2
630,2
678
717,7
713,9
646,6
613
621,7
657,5
679,3
644,5
671,8
898,6
980,8
983,2
946,4
899,7
825,8
728,4
657,9
601,7
520,6
384,4
336,7
385,4
403
380,5
336,8
298,3
267,9
248,4
243
237,9
222,3
206,9
147,1
186,2
296,7
344,8
399,8
421,6
391,8
356,9
339,2
310
265,8
197
166,4
204,1
205,4
207,4
186,2
165,3
175,9
198
183,5
165,2
144,7
105,6
60,9
53,5
74,6
84,3
97,2
110
110,7
101
88
83,6
78,1
59,2
64
54,5
35,2
23,1
18,1
19,2
24
24,9
21,2
36,1
63,7
65,3
47,4
56,5
95,1
149,4
211,7
246,7
294,6
368,9
449,6
492,1
492,3
392,3
316,7
361,4
388,7
387,6
418,1
435,1
422
401,9
404,8
410,5
399,1
327,9
300,4
359,8
484,6
584,9
641,9
693,9
731,1
757,9
774,6
748,6
644,5
465,8
352
301,6
320,5
325,4
344,9
362,9
352,1
304,8
272,1
291,9
258,3
194,7
162,3
190
252
319,3
345,6
362,8
372,1
365,9
387,3
338,7
245,4
176,6
170,5
196,2
251,8
273,2
299,6
322,5
296,5
274,7
290,8
317,8
392,8
540,6
759,9
1129,4
1546,2
1839
2001,2
2065
2191,7
2275,4
2318,4
2285
2129,4
1851,4
1616,8
1502,6
1431,8
1329,6
1255,2
1100,5
945
898,7
923
929,8
916,2
967
997,9
1106,6
1399,8
1744,1
1767,4
1755,8
1752,2
1772,9
1890,4
1879,7
1738,5
1668
1548,6
1510,7
1309,2
1273,2
1363,7
1489,7
1561,3
1572,8
1576
1664
1825,5
1963,7
2110,4
2219,7
2255,6
2265,4
2235,4
2172,6
2142,2
2088,1
1972,6
1866,5
1755,7
1656,6
1476,2
1328,7
1188,7
1045,5
955,1
892,7
810,6
701,2
614,7
480
394,1
335,5
300,7
320,8
333,9
344,9
376,6
417,1
427,9
431,1
447,1
430,4
367,5
268,3
195
163,5
143,7
178
224,4
262,4
289,1
280,3
259,7
202,8
149,5
131,3
113,4
78,2
61,7
59,7
44,3
28,7
19,3
22,5
19,2
14
7
8,8
17,9
26,6
29,1
30,9
38,7
46,2
69,1
85,8
92,2
97,6
117,8
156,7
177
233,5
345,4
470,7
626,8
790,3
894,2
951,6
1000,6
957,3
832,8
725,2
821,2
908,1
960,8
905,7
841,2
774,8
771,6
798,3
853,3
922,2
1004,9
1049,4
1048,2
1138
1337,2
1573,5
1691
1699,7
1675,1
1674,8
1669,7
1666,8
1545,6
1329,5
1287,5
1292,3
1248,6
1055,6
933,8
953,7
852,8
749,7
643,6
588,9
580,8
564,9
496,5
458
429,8
462,3
539,3
594,9
622,2
636,7
646,7
642,5
635,7
581,3
597,7
587,7
535,9
471,5
450,8
510,9
545
530,3
531,1
587,6
609,4
667,4
726,5
951,1
1221,9
1453,7
1654,6
1756,2
1725,3
1720
1607,2
1333
1131,6
1058,8
898,1
653,3
473,2
337,2
261,6
214,2
150,8
103,7
81
61,6
60,8
63,3
98,8
148,8
233
357,3
454,6
525,5
600,9
593,4
682,2
752,7
806,4
813,5
788,9
808,8
783,4
724,8
628,5
577,2
590,3
563,5
486,6
396,5
342,9
302,5
250,7
225,2
262,3
282
271,4
267,2
268,9
271,6
278,7
311,7
297,1
257,2
263,3
265,9
251,4
230,3
237,8
293,1
339,4
389,4
428,5
413,4
338,7
321,9
270,4
216,7
223,8
222,4
224,2
215,5
195,3
181,7
175,8
133,2
86,1
64,4
73,6
96,3
109,1
118,5
126,5
124,5
146,2
183,6
198,1
188,8
183
152,4
115,2
74,7
77,4
84,3
81,5
72,4
59,5
40,5
36,4
36,3
34,2
38,1
37,5
29,1
22,7
13,4
9,4
9,1
10,5
14,2
10,1
8,3
8,6
11,2
15,4
14,7
11,4
10,3
9,5
12
12,8
17,8
16,5
14,8
9,1
10,5
20,5
35,8
65,2
99
137,7
188,3
217,8
251,3
265,9
274,2
303,8
331,2
314,1
250,3
264,4
324,8
347,4
352,1
359,1
344,9
387
409,1
415,6
422,5
431,5
473
496,8
505,7
495,6
573
739,8
900,2
957,5
943,8
938,6
1016
1107
1165,6
1234,1
1245,7
1177
1087,4
1029,8
996,8
995
1064,5
880,2
922,9
1127,6
1224,2
1388,3
1548,3
1800,4
1991,8
2054,4
2022,4
1760,9
1373,5
1226,2
1103,8
1007,7
1080,6
1269,4
1442,4
1392,7
1376,8
1318,1
1297,8
1112,8
994,9
754,4
603,8
575,6
615,2
573,8
640
734,1
794,5
837,3
869,6
922,6
994,8
1003,2
938,9
888,9
860
860,8
927,7
1090,9
1216,3
1069,6
989
871,4
780,4
625,2
519,1
453,8
462,9
485,8
473,3
461,9
439,2
370,2
324,3
257,4
181,9
146,3
104
55,1
20,5
11,7
8,6
16,2
21
22,5
29
33,6
22,5
17
16,5
11,2
11,1
12,3
12,6
18,6
33
45,5
59,8
76
83,8
112
102,3
84,9
48
58,8
109,2
158,2
189,2
216,7
257,6
238,8
158,5
90,4
92,9
87,3
81,5
86,9
94,5
80,3
71
59,9
51,9
35,4
24,6
12,8
7,4
4,9
3,2
1,9
3
3,9
3,2
4,5
10,8
14,9
20,9
24,4
26,7
35,1
40,1
33,4
28,3
31
39,8
63,5
83,8
135,2
191,4
161,5
156,3
156,6
139,8
196,9
288,4
387,5
515,9
631,4
762,1
777,2
679,4
492,8
417,4
424,2
456,9
415,9
375,5
381
376,8
415,5
452
509,7
553,1
608,3
667,2
731,3
1008,6
1377,6
1705,1
1954,4
2128,2
2207,3
2262,5
2285,1
2276,9
2251
2229,6
2210
2122,3
1997,7
1896,4
1885,6
1769,3
1606,2
1543
1551
1534,5
1522,2
1472,1
1593,4
1645,9
1730,1
1725,2
1751,9
1693,3
1522,6
1383,4
1325,1
1140
851,1
659
571,2
512,5
450,6
381,6
351,7
347,7
320,6
291,3
301,1
303
326
317
251,2
233,9
268,6
286,8
280,4
276,4
282,2
262,1
292,3
335,9
304
312,8
326
291,9
259,9
206,2
158,4
125,8
104,6
100,9
122,3
155,8
159,4
192,3
201,6
142,1
157,4
281,7
389,2
422,9
427,4
397
340,9
332,1
317,4
347,5
379,8
442,5
469,3
377,2
355,3
392,8
414,3
419,7
376,3
299,9
239,9
209,1
148,1
83,1
53,3
67,8
57,8
103,8
225,2
339,9
379,8
317,1
213,4
214,3
255
299,2
319,2
285,3
269,9
219,1
206,1
232
247,6
260,5
267,6
267,9
230,5
187
211,8
267,2
267,5
270,3
270,5
255
252
209,1
129,7
117,4
132
108,6
83,6
75,1
72,9
62
46,4
36,6
33,3
25,8
25
24,8
20,4
16,8
24,2
50,7
77,2
97,8
129,1
172
206,4
253
287
402,6
425,5
378,9
345,5
339,3
325,1
308,1
295,9
320,9
345,4
386,2
431,4
451,8
393,3
312,1
418,9
647,5
726,1
697
670,8
667,6
672,8
610,6
509
476,6
508,5
532,2
518,6
482,1
449,7
439,2
438,3
404,6
388
379,3
392,6
407
383,2
259,8
268,6
366,1
434,9
492,4
535,2
620,5
643,7
570,9
463,3
467,1
458,9
379,7
364,8
354,5
368,9
362
349,8
383,1
408,7
429,1
464,9
519
456,8
357,8
442,5
606
643
611
585,9
550,8
509
456,6
375,2
429,3
520,8
534,2
523,7
583
614,8
605,8
561,1
500,3
473,2
481,5
513,1
531,4
506,7
477,8
630,3
856,1
941,7
877,9
811,6
838,3
904,8
932,9
831,1
807
862,4
903,7
895,9
888,3
907,3
869,9
836,8
790
803,5
860
882,9
930,7
972,5
1135,4
1573,3
1910,1
2016,4
2023,5
2056,8
2159,8
2159,9
2037,6
1841
1893,9
1987,9
2003,4
1875,7
1862,1
1731,9
1694,7
1668,3
1702,1
1685,6
1717,9
1777
1798
1773,3
1758,9
1854,4
1869,3
1792,7
1735,2
1750,7
1682,9
1561,8
1478
1364,1
1335,5
1255,8
1182,5
1084,6
1012,8
1032,5
1032,7
994,2
956,9
980,5
950,6
935
923,4
874,7
787,6
742,1
711,8
661
707,3
757,8
765,9
771,9
647,7
612
621,9
622,5
625
563,9
496,8
436,2
387,7
345,2
311,7
304,6
287,3
286,8
271,8
237,6
242,1
299,9
471,2
579,4
647
730,9
789,5
720,2
569,1
475,3
508,8
576,2
646,2
659,2
643,2
626,7
634,8
627,7
565,1
516,9
557,8
572,1
541,9
524,1
546
599,1
646,5
712,8
836,4
884,9
841,2
767,7
644,5
584,5
598,1
617,9
619,2
610
545,1
481
469,8
472,9
477,3
466,5
489,7
492,9
480,2
437,7
413,7
449,1
587,3
783,6
869,8
856,6
808,3
805,1
782,3
742,1
724,9
754,1
812,6
821,4
800,2
806,7
799,2
773,3
749,5
681,6
648,7
632,7
660,7
650,3
608,1
666,2
664,6
590,5
599,1
603,8
543,6
598
566,8
468,5
434
351,4
283
209,4
189,2
195,6
205,4
152,9
158
172,7
134,6
98,4
66,6
60,2
55,7
68,7
84,2
106,1
111,3
157,6
268,1
364,9
401,1
415,8
493,3
625,4
739,9
886,3
1076,4
1151
1128,4
1190,3
1235,7
1250
1286,9
1327
1364,5
1381,7
1318,9
1257,2
1199,8
1156,6
1094,9
1072,1
1088,5
1097,3
1128,9
1182,7
1233,4
1269,9
1352,5
1402
1423,1
1367,8
1323,6
1263,5
1187,5
1115,9
1102
1149,4
1188,8
1267,1
1272,1
1349,2
1472,2
1548,4
1602,2
1584,6
1572,8
1611,7
1608,5
1562,8
1599,7
1626,8
1602
1582,4
1564,7
1574,9
1658,8
1702,9
1568,8
1399,9
1191
952,5
751,2
599,7
442,9
328,3
262
240,5
216,1
172,7
146,1
119,5
119,7
112,9
158,5
132,2
126,3
111,7
97
88,6
90,1
77,4
62
51
71,4
96,2
117,9
149,2
143,3
147,8
208
217,1
242,3
266,7
300,2
299,5
243,2
295,5
433,9
471
465,3
431
406,3
379,9
341,1
324,1
321,3
332,9
339,9
346,6
358,8
383,4
380,9
350,1
315,2
306,9
271,8
251,6
255,1
251,6
239,4
252,4
270,5
293,3
336,4
354,1
369,5
362,2
375,6
357,2
312,6
263,8
204,7
138,9
95,6
67,7
41,9
16,2
6,2
6,4
5,3
8
17,5
23,1
35,2
40,8
50,4
75
89,8
131,7
179,4
234,4
239,2
243,9
267,6
307,5
350,5
354,5
389,4
444,7
458
467,7
404,2
309,4
236,4
255,4
359,1
470,7
553,6
634,8
867,6
1110,7
1362,6
1561,8
1663,8
1814,6
1888,7
1737,4
1571,6
1416,8
1149,1
922,6
728,1
545,7
354,6
255,4
211,7
159,2
101,2
56,8
31,6
21,2
17,2
36,5
57
114,4
189,8
295
364,4
384,8
408
430,2
437,1
429,8
415,1
413,6
408,4
414,4
418,9
378,6
435,7
458,6
359
432,8
627,9
705,7
756,8
801,6
794,8
758,2
717,2
618,6
527,7
471,6
426,9
373,6
364,1
404,6
538,6
621,5
710,5
739,7
767
823
808,3
732,4
636,4
532,9
423
296,5
244,9
232,2
280,4
301,8
309,5
342,9
355
293,8
236,4
245,1
340
372,6
352,4
382,3
421
449
427,6
452,6
485
433,4
388,3
342,6
307,4
282,5
244,9
245,9
263,8
313,5
337,8
433,9
585
788,4
986,4
1101,7
1070,1
1012,7
970,4
954,4
934,3
929,4
941,3
926,9
919,4
960,5
1055,4
1068,1
1122
1112,5
1138,3
1233,1
1330,5
1395,9
1387,9
1384
1393,8
1221,7
989
797,3
684,8
653,5
631,3
690,5
794,3
844,2
887,2
1031,3
1161,2
1165,3
1211,5
1302,7
1429
1521,9
1682,3
1885,1
2127,8
2214,5
2142,8
2050,5
1967
1908,3
1793,2
1709,1
1631,6
1698,9
1778,3
1728,2
1689
1641,7
1621,7
1687,9
1951,4
2172,5
2289,8
2280,2
2236,6
2053,7
1765,1
1525,8
1411
1339,1
1240,4
1041,5
861,8
705,3
591,4
501,7
406,5
343,2
274,3
207,6
166,2
171,9
173,3
172,5
161,7
323,1
544,3
704,5
836
987,8
1194,8
1365
1402,3
1399,6
1432,6
1411,6
1451,9
1443,5
1471,7
1499,1
1541,1
1633,8
1763,8
1874,1
2013,2
2078
2087,5
2132,7
2157,7
2169,2
2011,3
1873,7
1813,5
1630,8
1465,5
1335,4
1298,8
1312,3
1304
1295,3
1290,3
1321,8
1369
2683,3
1411,4
1515,4
1622
1706,1
1743,5
1870,2
2050,5
2162,6
2228,2
2249,4
2216,9
2072,9
1896,4
1931,6
2151,8
2200,1
2125,5
2110,7
2235,7
2314,1
2234,6
2261,5
2222,9
2139
2006,6
1840,2
1579,2
1310,8
1108
1071,7
1161,1
1437
1862,2
2326,8
2425,7
2288,7
1578,9
882,5
1467,2
1859,9
2170,1
2129,5
2014,6
1827,4
1743,8
1695,2
1688,9
1744,1
1738,8
1654,9
1545
1549,2
1545,9
1587,4
1743,1
1902,9
2032,7
2063,3
2016,1
1922
1796,3
1644
1471,5
1239,5
1003
896,4
875,8
803,2
801,2
824,2
919,5
922
947,6
960,2
986,9
989,8
975
928,9
905,9
916,2
1022,7
1156,3
1134,6
1059,9
936,9
866,9
837,7
808,6
761,8
809,8
807,3
786,5
883,8
1062,3
1203,9
1334,2
1438,7
1626,3
1830,4
1967
1996,8
1831
1571,9
1397,8
1319,3
1300,2
1305,3
1370,3
1345,3
1271,6
1224,1
1170,6
1169,1
1174,9
1166,4
1143,7
1110,3
1074,7
1013,7
1029,3
1105,2
1132,5
1167,9
1292,8
1403,4
1478,7
1516,6
1494,2
1448,3
1424,6
1225,6
1068,2
881,5
811,8
752,4
729,1
699,2
654,7
590,9
591,5
562,8
480,7
369,6
255,2
241,9
260,1
260,3
204,1
130,3
79,4
33,6
21,1
13
6,5
5,5
6,8
15,4
41,7
137,2
222,6
304,7
468,5
699,6
896,9
1115,8
1468,7
1719,5
1832,2
1827,7
1829,9
1849,8
1798,7
1843,5
1855,6
1912
2084,3
2269,2
2486,5
2596
2482,7
2519,9
2545,8
2521,6
2594,5
2656,2
2654,3
2632,2
2535,6
2503,2
2415,9
2274,6
2108,6
1959,2
1787,8
1563,6
1330,2
1169,2
1056,5
954,3
832,9
707,3
621,2
500,8
364,3
246,4
217,4
251,5
280,9
334,1
396,9
428
477,7
559,6
680,3
763,1
873,8
1018,6
1114,4
1152,7
1216,7
1328,9
1289,1
1234,4
1201,5
1236
1162
1010,6
768,8
545,6
454
413,7
331,6
363,8
417,5
375,7
332,5
261,5
187,8
126,1
102
85,7
87,5
63,6
54,1
55,7
75,4
93,1
122,9
201,4
285,1
344,1
360,7
287,3
319
363,7
364,8
412,8
391,6
353,2
323,4
300,3
316
322,9
290,8
296,5
294
288
273,5
303,7
409,7
431,1
463,9
576,5
855,6
1101,9
1253,9
1170,1
1002
940
824,7
785,4
778,8
727,3
788,4
848,2
892,8
930,8
937,1
969,8
1041,4
1063,8
1017,8
973,1
893,2
798,7
774,8
787,7
771
755,1
698
584,3
555,7
611
688,4
652,4
575,2
520,6
458
381,4
329,4
321,8
351,7
421,6
504,2
600,5
762,2
943,2
1067
1184
1286,1
1408
1645,1
2008,3
2187
2144,3
2107,2
2159,9
2124,6
1982,4
1788,7
1549,2
1254,7
935,3
642,5
495
360,8
258,4
185,6
227,8
234
311,5
298,4
347,7
351,7
367,8
479,9
549
580,3
562,4
512,6
518,8
516,9
535,8
523
493,8
398,4
338,9
280,3
237,3
169,6
114,1
70,6
39,6
27,6
60,6
138
257,5
304,7
319,2
354,8
366,8
449,2
586,1
806,2
1077,4
1359,5
1622,6
1785,2
1931,7
2071,9
2117,9
2167,3
2213,4
2205,1
2121,5
1995,1
1827,6
1590,1
1226,5
1055,5
1052,8
1032,6
962,9
856,4
844,4
824,2
741,5
707,4
726,7
773,2
824,5
878,4
975,6
1017,1
1066,7
1093,5
1196,4
1250,7
1310,1
1378,7
1421,4
1406,8
1407,8
1322,6
1276
1295,8
1507,1
1627,6
1674,1
1548,3
1296,7
994,9
771,4
657,6
567
503,4
486,7
517,3
580,7
618,8
637,3
721,6
792,9
867,8
912,2
958,5
993,6
993,4
964,3
1049,5
1125,6
1119,4
1070,5
954,8
791,8
626,4
512,5
427,6
367,6
309,2
244,6
189,8
143,7
103,5
74,2
57,6
77,5
90,4
95
178,3
234
270,4
301
374,9
542,4
697,5
798,6
790,7
773,5
829,4
980,5
1215,3
1393,1
1562
1787,5
1957,3
2039,4
2025,9
2071,5
2084,6
1971
1804,9
1652,7
1550,7
1560,4
1600,4
1678,3
1773,7
1836
1846,2
1852,3
1819,5
1720,2
1568,9
1604
1641
1630,7
1654,7
1739,8
1729,4
1595,4
1541,2
1475,2
1341,8
1173,9
1056,4
1042,2
977,7
860,3
667
541,6
415,3
381
339,3
239,5
127,7
79,6
77,5
69,2
42,5
19,2
12,1
32,7
113,2
218,4
288,4
338,7
375,5
395,7
382,7
357,2
322
312,7
298,8
284,4
304,4
314
292,3
250,9
221,1
189,8
221,4
264,2
299
350,2
392,5
477,1
544
512,8
494,7
488,3
514,4
506,4
441,6
400,8
378,9
376
397
404,1
370,2
345,5
291,3
250,4
261,3
274,2
316
411
428,9
405,8
392,4
402,4
453
431,1
316,9
202,2
139,8
87,3
79,7
122
206,8
276,5
343,3
358,6
352,6
329,4
300,8
235,6
185,9
157,7
196,3
250,7
322
361,2
386,2
357,6
365,5
371,4
354
330,6
332,1
334,6
325
325,6
343,7
390,7
451,4
442,3
418
356,3
320,6
329,4
346
327,9
333,7
348,3
349,2
360,1
389
355
330,1
323,2
333,5
330,8
328,8
302,7
280,5
262,1
236,2
224,8
233,9
217,9
182,5
155,5
175,7
202,1
192
155,8
124,1
109,3
106
92,9
85
85,3
82,7
73,6
81,1
95,4
93
113,9
147,5
166,3
181,5
188,3
206,3
209,9
187,7
176,4
186,2
208
225,3
254,9
320
402,5
502,7
609,4
668,8
746,8
847,5
978,6
1158,9
1372,3
1578
1745
1777,4
1729
1508
1368,8
1211,1
1058
853,7
702,1
635,6
587,6
481
366,8
335,5
321
314,7
327,1
339,1
335,6
346
369,5
368,4
399,4
374,3
399,6
401,8
424,9
432,5
448,6
468,9
453,3
395,2
345,4
319,7
281,8
214,2
161,2
164,7
200
206,5
186,6
156
144,9
122,4
103,9
90,3
73
53,9
47,4
41,4
38,6
61,2
117
164,4
211,6
248,2
257,7
216,4
252
280,5
316,4
346
469,8
652,7
772,1
914,8
1000,4
1078,2
1170,2
1269
1346
1453,3
1559,9
1678,6
1794,2
1919,8
1977,4
2009,2
2007
1979,9
1957,2
2041,9
2134,4
2168,5
2245,1
2231,3
2201,3
2237,6
2320,1
2398,6
2420,2
2497,7
2449,8
2474,4
2557,5
2607,9
2614,6
2585,5
2551,4
2485,4
2488,6
2449,2
2424,1
2456,1
2496,2
2493,8
2549,3
2463,1
2352,3
2345,9
2329,7
2192,2
2059,4
1931,5
1653,9
1331,5
1039,9
811,3
697,5
598,6
526,3
437,8
438,7
441,5
458,5
462,9
541,3
700,1
982,3
1155
1182,1
1209,7
1334
1431,9
1422,2
1478
1500,7
1455,4
1301,6
1167,7
1069,4
1007,7
976,2
927,5
841,6
719,8
500,2
343,9
272,9
247,7
193,9
176,7
216,5
255,7
413,5
553,6
559,6
583,5
800,2
963,8
884,8
922,5
1062,4
1208,5
1424
1826,9
2118,3
2346,1
2574,2
2747,1
2803,1
2830
2825,7
2801,8
2844,2
2866,3
2871,3
2781,5
2618,4
2397,4
2198,7
1997,3
1748,9
1420,1
1098,9
791,1
586,6
430,8
309,3
258,5
261,9
209,4
115
85,6
143,4
142,9
134,3
171,9
246,8
254,8
252,5
278,2
292,2
318,8
361,1
394,3
478,7
475,6
518,8
559,3
572,1
640,1
675,9
711,2
767,1
800,1
889,1
958,1
991,2
1008,4
997,3
1018,4
1005,3
1009,3
1055,7
1144
1227,4
1203,2
1194,3
1196,7
1252,6
1292
1325,6
1354,5
1346,5
1363
1389,1
1398,6
1463,1
1532,7
1619,9
1645,1
1585,6
1512,2
1368,8
1360,8
1356,6
1215,7
1169,5
1290,7
1450,7
1463,3
1486
1560,9
1787,5
1932,1
2010,1
2040
2186,1
2247,5
2367,8
2462,1
2460,2
2462
2485,6
2515,4
2539,3
2620,4
2805,4
2924
3030,9
3057,1
2981,8
2744,2
2486,1
2474,6
2095,3
1390,5
834,8
577,5
731,1
759,4
900,1
984,5
1118,2
1361,9
1368,9
1429,4
1520
1518,7
1629,7
1708,9
1856,4
1940,9
2077,5
2191,2
2276,8
2362,2
2454,8
2558,2
2624,6
2630,7
2622,3
2633,6
2622,7
2593,6
2541,1
2460
2389,9
2328,4
2237,9
2145,5
1975,3
1827,8
1689,3
1548,9
1446,1
1293
1223,4
1210,8
1321
1292,7
1141,7
881,3
625
456
315,7
219,3
144,4
115,4
122
152,8
225
286,8
367,6
484,2
691,5
896,7
1115,5
1293,2
1373,3
1562,9
1823,5
2141,2
2376
2522,7
2558,2
2511,8
2490,4
2426,2
2180,4
1797,9
1487
1357,3
1168,8
971,1
894,3
826,2
721,9
596,4
484,5
386,4
345,8
322,1
281
206,1
177,8
169,4
163,3
156,2
168,6
162,7
108,4
79,7
71,3
76,8
69,5
55,7
90,8
108,4
125,6
163,7
222,8
271,3
334,4
402,5
424
421,9
446,3
483,8
485,8
495,8
637
797
855,2
914,9
1018,1
1069,2
1124,4
1093
1050,9
977
947,4
896,6
836,2
838
816,7
827,6
804,7
772,6
742,8
749,5
711,2
687
660,6
647,1
669,7
719,5
761,2
746,9
708,9
715,5
700,3
679,9
685,4
737,2
814,4
900,3
949,5
920,7
899,2
899,9
884,3
886,8
902,4
948
998,8
1063,4
1152,5
1294,7
1377,5
1457,4
1534,5
1616,9
1688,2
1745,3
1760,6
1727
1707,4
1742
1681,6
1551,8
1364,4
1120,8
848,4
708
567,3
406,5
334,2
266,3
199,8
156,9
138,1
130,6
119,1
118,6
140,3
182,8
268,2
378,3
458,5
541,4
547,1
527,4
557,7
580,7
585,4
578,3
600,4
614,8
630,8
683,7
774
856,7
781,3
558,8
387,2
334,7
318,5
393,8
508,9
485,8
415,4
501
607,3
740,3
783,8
982,5
1292,5
1672,4
1959,3
2066,5
2147,2
2271,9
2364,3
2400,4
2410,5
2401,5
2334,1
2240,4
1945
1653,4
1537,8
1245,7
932
939,9
1142,5
1254,9
1319,8
1466,7
1665,8
1945,4
2119,3
2169,8
2223,2
2284
2311,2
2215,9
2277
2385,9
2483,2
2507,3
2554,9
2581,1
2573,9
2606,5
2659,9
2686,9
2737,9
2756,9
2770,6
2667,1
2642,6
2629,4
2450,9
2079,4
1711,2
1427,3
1107,7
846
674,6
511,2
408,6
384,5
504,7
670,8
764,2
704,4
617,2
547,9
552,9
568,2
520,2
417,7
405,8
392
369,1
324,1
264,9
233,4
237,8
281,2
299,5
306
256,1
226,2
253,6
310,6
436,3
666,4
834,4
932,2
941,2
1008,8
1044,1
1012,8
941,2
877,3
827,5
821,2
876,7
908,2
877,9
813,4
811
906,1
1013,9
1140
1303
1487,6
1670,8
1848,8
1960,9
2039,2
2081,4
2090,7
2101,3
2147,6
1859
1473
1166,6
942,4
882,2
907,1
870,9
836,7
926,4
997,8
928,5
886,5
1004,8
1096,6
1126,8
1123,6
1206,4
1326,8
1475,9
1711,4
1742,4
1398,8
1216,9
1280,5
1283,8
1297,2
1374,1
1473,4
1468,1
1359,6
1440,5
1471,1
1553,2
1599,6
1709,3
1904,4
2080,5
2221,8
2410,6
2565,5
2700,9
2856,4
2969,9
3058
3062,1
3085,2
3072,6
3039
2991,6
2914,4
2835,9
2773,1
2711,1
2681,6
2754,6
2901,6
2883,4
2760,9
2671,7
2642,8
2625,7
2582,3
2523,3
2589,2
2592,7
2496,7
2350,7
2200,9
2359,3
2331,7
2390,7
2449,3
2525,4
2543,3
2537,5
2565,6
2646,9
2566,3
2391,5
2413,8
2388,3
2313,5
2247,1
2161,5
2096,6
2023,4
1969,5
2062,9
2020,9
2027,2
2098,7
2120,7
2059,7
1953,4
1789,6
1726,5
1785,3
1851,4
1789,2
1760,1
1778,6
1968,9
2278,5
2596,6
2837,6
2941,6
3032,4
3079,1
2989,1
2922,5
2539,8
2502,7
2493,2
2432,9
2428,6
2440,4
2754,7
2854,3
2913,9
2926,6
2941,7
2968,8
2919,1
2720,6
2522,8
2413,3
2372,3
2106,1
1923,9
1958,6
2062
2075,3
1909,9
1735,5
1663,3
1548,2
1376,4
1080,1
1013,4
950,9
863,3
788,5
947
1209,8
1529,6
1745,3
1814,1
1861,7
1599,4
1383,3
1355,5
1353,4
1154,7
1002,4
1026,1
970,4
839,3
775,3
700,8
660,2
662,1
667,3
582,6
424,6
284,7
205,6
164,6
129,8
109,4
88,5
121,5
139,1
119,4
81,3
72
95,5
146,3
185,6
257,3
263,5
270,5
307,6
397,9
460,4
590,7
810,6
1118,6
1466,2
1746,6
2064,8
2408,9
2770,5
2962,8
3084,6
3125,3
3109,1
3084,1
3035,8
3006,7
3007,5
2970,3
2923,9
2884,2
2838,7
2749,6
2546,8
2480,4
2414,9
2314,4
2222
2184,4
2195,6
2044,5
1923
1962,3
1998,5
2077,8
2092,3
2123,8
2061,6
1823,5
1665,2
1574,4
1636,2
1698,9
1609
1471,2
1525,9
1421,5
1294,9
1186,9
1167,6
1247,9
1275
1332,5
1430
1550,1
1574,6
1492,6
1437,5
1494,6
1455,4
1267,3
1116,7
993,6
905,3
890,3
910,2
928,2
941,5
959,5
1002,4
1049,9
1098,8
1067,5
1014,6
1013,4
1047,8
1131,7
1277,6
1309,6
1370,4
1530,7
1718
1902,6
2066,4
2155,9
2165,6
2220,2
2325
2475
2573,7
2621,5
2674,2
2720,5
2761,2
2782,8
2723,8
2570,8
2442,9
2368
2242,5
2107,9
1901
1736,8
1595
1551,8
1443,1
1330
1179,9
1010
1028,6
1014,2
1032,4
1152,1
1252,1
1311,2
1312,9
1319,8
1316,3
1235,1
2723,8
2570,8
2442,9
2368
2242,5
2107,9
1901
1736,8
1595
1551,8
1443,1
1330
1179,9
1010
1028,6
1014,2
1032,4
1152,1
1252,1
1311,2
1312,9
1319,8
1316,3
1235,1
