-606,7
-255,2
35,4
134,6
237,8
135,6
177,2
296,3
89,1
182,1
298
214,7
285
226,7
19
-172,2
118
449,6
299,4
-77,1
-227,4
-301,3
-377
-280,5
-176,8
-101,1
-234,5
-96,5
-151,7
-131,3
-10,4
-126,8
373,2
492,2
373,9
240,2
-108,3
-200,8
-247,8
-370,2
-203,7
258
197
57,5
-169,2
-211,2
-604,1
-791,1
-863,9
-949,9
-1065,4
-1221,1
-1175,6
-1104,4
-963,2
-760,4
-949,4
-943,7
-970,7
-1003,7
-1281,7
-1352,5
-1434,9
-1525,2
-1267,4
-814,5
-880,7
-1124,8
-1336,3
-1397
-1412,7
-1575,1
-1451,8
-1456,3
-1336,7
-1226,5
-942,3
-727,4
-577,4
-138,2
233,4
176
-153
-640,6
-872,1
-1054,5
-1121,7
-1195,4
-861,2
-454,4
-389,9
-631,5
-914,1
-802
-750,7
-544,2
-431,4
-429,2
-240,7
-144
-93,4
82,8
321,4
736,2
1104,9
980,2
1256,1
1193,9
1142,7
1074,4
1018,1
980,4
1292,9
1245
1456,6
1200,6
1076,2
820,4
637
286,5
111,3
94,3
44,1
57,7
52,8
144,4
177,8
187,4
443,8
536,7
321,9
134
41,8
137,9
379
499,4
1038,9
1343,9
1413
1282,6
1182,7
944,9
782,7
620,5
622,9
592,1
645,9
628,9
715,5
885,6
1069,3
1472,4
1409,1
1169,1
1173,1
1084,9
1087,4
1100,6
1112,1
1071
1281,6
1552,9
1359,4
1293,8
1026,5
850,4
714,7
373,1
206,8
42,7
-16,2
60,4
144,9
434,9
1035,4
1129,5
1184,1
1238,5
1329,4
1244,6
1231,8
1293,5
1333,4
1281,3
1407,3
1439,3
1343,2
1202,2
1407,6
1233,9
945,9
651,4
775,5
436,4
221,1
168,9
173,9
275,2
680,1
1115,9
1176,7
1124,3
1153,5
972
792,7
794,2
718,2
614,3
458,2
535,2
332,7
107,5
-323,6
-477,1
-296,4
-535,4
-717,8
-645,8
-608,8
-632,8
-853,8
-777,9
-446,5
-151,4
124,2
172,6
413,8
462
315
293,4
255,9
197,8
399,9
747
603,2
471,9
319,3
292,6
-4,4
-324,9
-302,8
-286,9
-326,6
-260,4
-132,3
-117,4
273,7
847,6
763,5
775,9
648,6
474,9
475,1
625,7
515,6
497,2
816,7
1258,5
1182,4
976,7
686,9
602,1
315,1
264,7
16,2
-158,8
-177,2
-181,8
-137
-94
53,9
301,4
585,1
750
770,4
686,3
655
623,2
770,9
748,3
940,6
1213,9
1038
777,5
529,6
500
321,5
110,6
130,5
43,1
-125,5
-11,1
8,8
-91,5
89,4
225,7
483,6
631,4
671,6
700,9
721
620
624,2
701,1
1008,6
1364,7
1250,6
953
711,9
456,9
168,2
-87,1
-219,9
-423
-630,3
-687,9
-714,6
-523,4
-86,6
413,9
437,7
387,1
423,9
287,4
211,4
262,2
354,4
245,8
418,7
639,5
498
410,9
351,4
156,7
-115,9
-394,1
-688,5
-879,5
-1014,8
-1091,5
-999,4
-675,1
-300,2
143,9
237,7
270,3
455,8
493
465,2
487,6
410
361,7
552,2
993,8
817,1
852,1
872,9
709,7
468,6
15,9
-265,3
-250,7
-362,5
-418,9
-438,7
-309,1
190,3
345,2
365,9
394,4
521,7
317,3
84,7
367,4
656,8
472,3
545,9
949,3
754,5
454,2
137,7
160,9
61,3
-334,4
-251,7
-110,8
-274,8
-287,4
-305,2
-138,4
216,4
455,9
614,6
523,9
513,2
481
442,5
391,3
363,1
246
308
782,3
511,4
335,8
136,5
17,8
-304,9
-676,9
-915,1
-1010,8
-1094,8
-1171
-1220
-838,5
-793,7
-314,3
-181
-193,4
-75,1
-106,9
-159,6
-184,7
-451
-655,5
-630,2
-397,8
-646,8
-985,4
-1414,3
-1565,9
-1706,9
-1555,5
-1392,5
-1482,1
-1372,2
-1604
-1626,2
-1571,2
-1203,1
-985,1
-850,5
-828,2
-733
-788,2
-765,9
-857,9
-939,6
-894,6
-584,8
-127,4
-145,1
-391
-512,2
-468,7
-579,3
-482
-538,7
-587,1
-581,4
-562,5
-573,5
-614,3
-604,1
-549,9
-439,9
-328,9
-242
-210,1
-354
-391,2
-356,9
-512,9
-638,5
-386,8
-754,3
-1246,4
-1498,9
-1609,4
-1799,5
-2081
-1983,5
-2113,8
-2050,3
-2080
-2364,3
-2201,7
-2030,7
-1569,3
-1344,2
-1244,5
-1203,3
-1385,6
-1508,7
-1612,4
-1647
-1766,7
-1494,6
-962,2
-1022
-1311,8
-1697,6
-1948
-2155,2
-2090,9
-2312
-2361
-2216,9
-2340,1
-2295,2
-2054,9
-1709,2
-1189,4
-984,2
-837
-672
-594,6
-611,3
-530,4
-542
-541,1
-436,5
-3,5
-135,2
-294,2
-299,4
-333,8
-572,2
-897,5
-1015,7
-1080,8
-1043,2
-1027,6
-913,9
-718,2
-272,4
-135,1
72,4
151
298,9
235,2
309,3
303,6
349,8
317,6
330,8
803,4
499,4
226,1
275,3
115,4
-64,2
-342,6
-399,9
-510,2
-597,8
-535,5
-479,1
-375,6
140,2
384
602,6
642,3
517,5
428,8
292,6
394,3
472,8
324,5
374,6
911
628
413
370,7
410,1
306
-56,8
-356,1
-409,6
-415,2
-369
-320,4
-108
229,9
615,6
623,1
554,3
612,1
319,3
-29,3
-169,3
-241,3
-414,4
-356,7
-162,3
-312,1
-781,1
-1107,5
-1247,4
-1456,5
-1642
-1909
-2166,5
-2108,5
-1985
-1880,3
-1764,4
-1716,3
-1460,4
-1338,3
-1337,5
-1382,3
-1553,5
-1754,7
-1856,6
-1826,9
-1622,9
-1210,2
-934,5
-1195
-1485,8
-1294,4
-1272
-1479,6
-1504,2
-1416,1
-1435,3
-1395
-1423,3
-1419,1
-1139,5
-1332,3
-1563,2
-1681,1
-1697,8
-2016,2
-2137,7
-2181,9
-2057,1
-1593,5
-1462,3
-1548,2
-1496,9
-1807,3
-2054
-1943,1
-1813
-2056,7
-2241
-2028,5
-2170,7
-2169,6
-1994,2
-1777
-1832,9
-1624,7
-930,1
-816,8
-654,6
-630
-935,9
-968,6
-836,4
-1018,2
-1056,9
-945,4
-286,5
-499,2
-960
-1539,4
-1498
-1536
-1787,3
-1882,1
-1912,1
-2064,8
-1926,3
-1664,3
-1217,8
-1111,7
-1045,4
-1086,7
-864,2
-749,4
-1076,3
-1202,5
-1108,8
-895
-916,5
-741,1
-146,7
1,4
-25,1
-235,1
-281,8
-606,2
-989,8
-1404,8
-1647,9
-1697,2
-1766,9
-1596,9
-1053,9
-692,2
-146,2
-120,1
-224,7
-322
-467,6
-942,3
-1180,3
-1542,5
-1738,9
-1993,7
-1605,1
-1809,9
-2122,4
-2154,7
-2029,7
-1874,7
-1982,1
-1779,8
-1660,3
-1543,1
-1258,2
-1108,9
-842,8
-535,8
-895
-1167,8
-1273,5
-1317,1
-1217,7
-835,9
-398,4
-150,6
1,4
158,1
387,5
203,2
11,3
-90,8
-165
-73,4
-227,3
68,3
41,9
132,3
70,4
58,6
-328,4
-38
451,6
581,3
215,9
44,4
-73,7
-46,7
-32,5
-30,7
47,6
261,4
673,9
665,4
342,6
45,9
-58,6
-249,4
-518,4
-838,7
-992,7
-760,4
-747,5
-830,5
-858,9
-794,5
-715,1
-609,8
-407,5
-358,5
-498,7
-548,2
-484,3
-255,6
-202
-163,8
272,2
243,5
-198,8
-504,2
-551,9
-643,9
-714,9
-603,7
-544,4
-486,9
-512,6
-717
-849,3
-644,5
-548,1
-303,2
-527,7
-571,3
-769,6
-775,6
-791,4
-710,3
-668,6
-631,5
-339,2
-464,6
-413,2
-389,5
-434
-543,8
-417,2
-466,2
-512,8
-443,6
-428,9
-751,2
-1192,3
-1044,3
-692,8
-1049,2
-1348,1
-1280,2
-1250,3
-1686,1
-1640,9
-1794,9
-1800,9
-1729
-1284
-1367,2
-1644,7
-1854,6
-1631,2
-1551,1
-1558,4
-1207,9
-1291,9
-1297,3
-1121,8
-888,7
-663,2
-741,6
144,7
423,7
743
647,6
591,8
422,3
454,2
332,3
0,8
64,9
537,2
264,5
52,9
-262,1
-415,9
-779,3
-857,9
-959
-1030,9
-1111,2
-1189,8
-1057,2
-795,7
-442,6
244,9
301,6
469,2
631,4
642,3
547,9
584,2
495,7
379,2
332
858,5
866,4
460,5
217,9
98,4
-393,8
-368,5
-229,5
-327,3
-366,9
-413,1
-389,3
-344,4
-382,2
360,7
495,3
598,6
648,9
741,1
680,4
649,9
535,8
340
391,1
824
558,9
271,4
24,6
-156,3
-346,5
-525,4
-514,7
-753,6
-843,7
-893,9
-942,7
-836,7
-613,8
-2,6
10,7
-1,9
89
99,6
7,2
-140,6
-181,6
-187,7
-49,9
422,4
352,4
244,9
-158,8
-324,1
-555,3
-560,8
-587,4
-494,5
-618,8
-650,8
-721,8
-650,4
-548,6
-240,1
-206,3
21,7
56,5
-7,4
-70,3
-191,6
-204,7
-250,2
-51,2
496,9
586,5
261,2
17,1
-176,8
-287,1
-2,9
-254,5
-176,7
-223,6
-202,5
-231,9
-205,6
-176,2
-24,9
246,4
202,3
-10,9
-185,5
-117,8
-162,2
-134,5
-186,2
-55,5
442,4
170,7
-344,4
-445,3
-361,5
-559,8
-596,5
-572,2
-660,9
-837,4
-860,8
-903,3
-730,6
-598
-170
-15,7
24,7
65,8
-143,4
-298,9
-319,6
-432,9
-692
-638,7
-134,6
-131,8
-429,4
-576
-562,1
-639,6
-806,3
-761,8
-886,9
-970,6
-1096,6
-1061,8
-915,2
-879,3
-490
-411,1
-296
-70,6
110,5
193,2
287,4
293,3
178,5
119,7
614,6
699
406,9
236,7
407,3
53,9
-149,7
-159,4
-173,3
-200,8
-275,4
-224,7
-302,7
-57,1
388,1
574,6
709,8
757,3
694,8
677,1
703
660,6
445,2
488,6
770,9
654,8
567,4
523,8
279,7
-62,4
-470,1
-623,3
-771,9
-884
-935,1
-889,3
-751,9
-653,3
-112,1
91,1
-4,2
-108,3
-285,3
-539,1
-588
-631
-646,3
-656,6
-195,5
-378,2
-626,3
-958,8
-1176,5
-1308,8
-1298,7
-1218
-1230,6
-1139
-1082,8
-1011,2
-972,7
-894,9
-285,9
35,3
166,7
310,2
321,5
214,4
152,3
15,2
-13,4
80,5
513,6
710
429,2
174,3
-12,2
-180,2
-215,6
-140,6
-195,1
-424,4
-385,8
-397,7
-165,9
-83,9
32,4
-31,2
227,8
200,3
267,4
208,9
188,1
238,7
225,8
250
515,6
480,9
256,7
229,6
114,9
-74,9
-206,5
-202,9
-254,2
-293,5
-236,4
-246,5
-182,4
-86,7
154,1
209,3
433,5
501,8
362,1
292,9
312,5
382,9
321,9
395,3
639
657,5
507,4
233,4
184
-142,2
-349,5
-367,4
-507,5
-554,8
-568,7
-557
-564,4
-275,7
104
163,6
149,1
102,9
-233,2
-378,7
-519,5
-784,9
-1058
-1140,1
-752,3
-737
-1077,9
-1410,6
-1429,5
-1526,7
-1485,4
-1669,4
-1712
-1708,2
-1544,5
-1503,3
-1618,5
-1448
-820,4
-545,8
-698
-736,7
-851,9
-792,7
-801,8
-903,5
-1001,8
-891,4
-473
-375,3
-740,7
-864,2
-953,8
-1031,6
-1029
-1194,9
-1398,4
-1519,8
-1467,7
-1411,6
-1323,2
-1190,5
-485,5
-284,8
-296,1
-401,4
-427,9
-265,2
-189,2
-278,4
-473,7
-407,8
-42,8
-69,4
-46,9
-302,4
-429,8
-692,7
-783,4
-960,1
-1000,3
-910,9
-783
-691,5
-833,8
-434,3
-49,6
52,7
142,1
128,2
50,3
160,4
155,4
96,7
200,3
217,1
655,5
717,3
396,7
256
-6,8
-176,3
-267,5
-300,7
-323,5
-386,1
-347,6
-365,7
-50,8
193,7
323,9
551,4
499,8
436,5
376,9
414
419,8
177,4
162,4
174,5
450,1
536,8
209,2
157,3
13,1
-214,6
-378,4
-747,4
-560,3
-406,2
-548
-611,2
-580,7
-427,8
-326,6
-365,1
-319,7
-326,9
-572,7
-573,8
-593
-842,5
-923,9
-763,9
-741,6
-801,4
-1226,3
-1261,5
-1410,4
-1564,3
-1720,9
-1440,8
-1402,9
-1476,5
-1620,5
-1829,6
-1624,8
-1419,2
-1343
-1326,5
-1529,6
-1715
-1804,4
-1736,7
-1567,5
-1339
-1318,2
-1253,8
-975,9
-847,5
-880,9
-1090,4
-1106,1
-1360,1
-1564
-1421,9
-1466,3
-1461,7
-1431,7
-1338,7
-1618,8
-1317,6
-906,5
-723,9
-684,6
-553,6
-615,9
-737,4
-670,1
-655,3
-722,1
-752,3
-94,9
-55,8
-266,6
-430,8
-441,6
-688,2
-718,8
-747,5
-552,2
-464,9
-450,3
-460,8
-430,3
88,7
848,9
1039,2
1069,5
1073,5
1069,3
1057
1043,1
1014,1
852,8
845,9
965,6
1185,3
1072,8
937,9
757,2
424,6
27,2
-172,4
-256
-257,2
-288,7
-186,4
72,3
615,1
1089
1082,7
1058,9
1055,1
998,4
996,8
947,9
1001,6
922,6
926,2
1043,2
1195,2
1147,2
985,7
515
223,4
-58,6
-112,8
-274,7
-401,8
-504
-617,7
-511,6
-18,3
377,8
275,9
-20,7
-111,4
-332
-694,9
-929,9
-793,6
-784,3
-803,7
-625,3
-571,9
-811,8
-1426,1
-1639,7
-1728,9
-1696,6
-1501,2
-1490,5
-1375,2
-1275,6
-1303,3
-1339,1
-825,8
-227,8
51,1
105,7
92,5
-5,2
-179,4
-240,7
-473,3
-659,2
-526,6
-88,6
158,1
7,9
-313,1
-469,1
-546,3
-780,2
-1018,2
-1231
-1280,1
-1333,1
-1365,9
-1471,7
-1401,2
-1585,4
-1533,8
-1878
-2113,1
-2387
-2662,4
-2748,3
-2261,7
-2346,9
-2548,6
-2577,9
-2456,3
-2584,1
-2261,8
-2111,6
-2237
-2203,4
-1951,4
-1692,7
-1714,2
-1699,7
-1643,8
-1610,1
-1217,8
-997,4
-811,2
-525,8
-367,7
-671,7
-346,9
-124,4
-150
-201,9
-536,1
-142,6
251,2
133,9
-144,8
-333,7
-586,1
-791,8
-744
-771,6
-692,8
-641,8
-565,8
-591,7
-221,8
-67,7
48,1
-42,3
269,9
105
368,3
132,3
427,2
233,7
361,3
505,2
521,7
461,6
449,6
292,9
-279,6
-292,5
-380,3
-513,5
-622,2
-736,3
-576,6
-210,2
-395,3
-76,6
148,3
218,7
468,4
380,1
850,8
835,2
1104,6
907,6
555,8
892,1
1186,4
754,3
388
171,9
121,9
39,6
45
67,4
3,4
161,7
202,2
213,5
537,3
967,6
885,6
847,2
1068,3
1168
1178
1222
1117,8
737,8
490,8
510,8
390,8
266,5
-93,1
-439,1
-812,8
-1273,6
-1412,5
-1336,7
-1272,5
-1037,1
-1132,9
-1420,7
-1214,1
-952,8
-934,1
-1121,9
-1338,7
-1595,2
-1764,5
-1648,7
-1796,6
-1753,1
-1473,8
-1251,4
-1108,1
-1235,4
-1450,1
-1569,4
-1643
-1638,7
-1438,6
-1634,9
-1705,6
-1619,7
-1667,6
-1705,6
-1550,7
-1396,5
-1421
-1379,5
-1152,6
-1013,9
-1220,1
-1140
-1388,4
-1443,7
-1548,2
-1614,2
-1359,1
-1502,6
-1739,9
-1745,8
-1946,6
-1813,3
-1612,3
-1475,1
-1204,8
-1039,3
-1108
-1152,8
-1102,2
-1126,8
-1782,8
-1840,1
-1571,5
-1632,6
-1837,5
-2044,5
-2082,7
-1993
-2281,5
-1903,9
-1876,3
-2103,8
-2329
-2123,3
-2131,4
-1965,9
-2086
-2440,5
-2533,9
-2553,2
-2565
-2552,5
-2271,4
-1926
-1859,9
-1984,3
-1948,3
-2112,7
-1985,3
-2101,8
-2018,6
-1950,8
-1814
-1182,6
-972,4
-1101,9
-930,6
-1079,9
-1560,5
-1432,4
-1307
-951,1
-875,3
-1206,7
-1157,4
-1293,6
-872,7
-600,8
-841
-1055,2
-961,8
-912,3
-864
-688,7
-599,7
-648,9
-465,6
94,6
545,4
707,5
643,1
620,8
474,8
234,3
-72
-155
-200,8
-226,6
-202,8
37,3
422,6
595,4
761,6
555,2
491,7
371,7
299,8
324,7
345,3
193,2
315,9
706,3
777
582,6
436,3
332,4
121,2
-65,7
-271,9
-356,2
-378,2
-419,3
-294,6
-33,3
196
214,6
341,9
332
331,5
466,5
451,4
508,1
424,3
144,3
9,6
210,7
115,9
20,8
-126,5
78,2
-136,1
-288,8
-509,2
-450,4
-454,7
-397,6
-366,5
-149,4
-58,3
82,6
143,6
417,4
649,9
609,6
721,2
928
869,6
708,9
714,3
872,2
863
755,5
711,2
723,5
497,3
237,3
-7,3
-207,7
-285,9
-339,6
-326,5
-179
-27,4
161,1
479,3
121,4
-59,6
-264,3
-237,3
-206,7
-3,1
-378,9
-576,8
-308,1
-90,2
-283,9
-664,2
-697,8
-796,6
-1071
-1468,8
-1616,7
-1622,8
-1721,8
-1769,4
-1702,2
-1656,6
-1847,4
-1744,4
-1461,3
-1051,6
-1063
-1125,4
-899,6
-822,1
-1018,4
-1195,9
-1320,3
-1340,1
-1526,9
-1662,3
-1641,7
-1566
-1381,2
-1240,2
-1401,3
-1477,6
-1418,3
-1476,9
-1489,2
-1503,8
-1416,8
-1526,4
-1542,2
-1562
-1832,7
-2036,1
-2171,4
-2103,3
-2051,9
-1994,5
-1652,8
-1769,7
-1941,7
-2198,1
-2387,2
-2377,3
-2399,5
-2273
-2181,9
-2204,4
-2293,6
-2413,4
-2386
-2174,8
-1901,9
-1808
-2016
-1909,1
-1864,7
-1911,2
-1825,2
-1906,5
-1921
-1930,7
-1883,3
-1735,6
-1812,1
-1929,1
-1977,2
-2033,7
-2058,7
-2015,2
-2201,6
-2227,8
-2170,4
-2058,2
-2082,1
-1880
-1651,6
-1675,8
-1691,6
-1370
-1333,9
-1309,9
-1099,4
-1078,2
-1219,1
-1229,4
-880,9
-582,2
-756,2
-855,7
-696,8
-948
-1134,2
-1224,2
-1217,9
-1307,3
-1315,8
-1314,6
-1165,5
-897,6
-687
-696,7
-625,7
-481,2
-339,2
-234,7
-174
-246,1
-363,4
-241
12,9
-224,4
-556
-799,6
-426,1
-524,1
-722,9
-909
-1037,2
-1043,1
-991,4
-870,1
-638,3
-336,3
-224,4
-140,2
2,2
61
145,7
290,2
375,5
255,2
61,7
-27
9,3
60,6
-24,3
-303,2
-589,3
-985,8
-1164,4
-1158,7
-1032,4
-1067,9
-1135
-1280
-1074,8
-861,4
-474,5
-468,1
-758,5
-768,9
-955,1
-1072,4
-1022,8
-1151,5
-1285,1
-998,3
-795,1
-762
-439,9
-427,2
-682,6
-813,3
-1224,1
-1202,2
-1463,8
-1595,6
-1344,3
-1185,9
-1206,5
-1183,4
-1117,9
-1103,5
-930,1
-800,5
-884,4
-980,9
-1012,5
-1013,8
-988
-925,3
-793,1
-413,8
-254,1
-332,8
-380,2
-360,5
-363,8
-323,9
-372,2
-496,3
-494,6
-610,1
-648,9
-744,8
-499,1
-175,2
-182,8
-539,6
-847
-919,4
-894,3
-996,2
-1026,1
-910
-760,2
-290
-48,3
-223,8
-430,4
-672,6
-650,4
-823,4
-826,8
-816,2
-692
-681,8
-528,2
-409,2
-54,2
-7,1
-247,5
-422,8
-501,5
-495,7
-385
-353,7
-429,5
-453,9
-47,5
217,9
351,7
167,6
-27,6
-268,5
-425,9
-551,7
-654,6
-599,3
-531,1
-477,1
-204,7
162,5
532,6
750
731,5
674,1
428,3
149,4
93,1
55,6
12,1
-16,6
356,2
583,6
676,4
561,2
470,7
320,5
118,3
-36,2
-223,9
-108,2
-50,3
29,8
137,6
314,5
614,7
651,1
647
729,4
705,1
588,3
539,5
327,5
109,3
72
333,4
507,4
522,9
393,4
327
151,9
-29,7
-391,3
-428,5
-428,6
-527,5
-554,5
-613,3
-693,4
-725,3
-528,1
-487,4
-622,2
-735,3
-1040,3
-1351,8
-1386,6
-1354,2
-1316
-877,8
-527,6
-349
-325,3
-295
-450,1
-594,5
-528,6
-437,2
-919,6
-1024,8
-1005,5
-958,2
-823,2
-856,7
-622,9
-429,4
-316,3
-377,7
-316,2
-318,4
-272,8
-277
-230
2,9
104,6
76,3
74,8
5,3
-233,3
-195,6
-464,7
-552,4
-589,4
-619,5
-637
-589,8
-701,2
-649,3
-489,8
-449,1
-417,5
-335,6
-280
-221,6
-217,7
-227,3
-78,8
215,5
216,9
236,8
271,5
184,1
133,8
27,9
-212,1
-232,1
-234,8
-237,5
-257,6
-344,9
-260,6
-195,9
68,8
206,5
223,3
128,7
18,2
-80,7
141
9
-25,9
174,6
503,9
421,7
478,9
397,2
200,7
-19,5
34,1
-109,5
-264
-204,7
-44,9
-26,2
62
296,7
493,6
615
653,8
602,3
510
464,1
349,1
262,7
347,2
710,6
908,1
784,5
824,1
788
586
399,8
279,8
151,7
91,2
117,9
225,9
406,9
699,3
956,5
1065,4
1105,7
1320,9
1336,6
1221,3
1190,8
1048,5
795,4
770,9
990,4
806
713,1
849,1
830,1
749,3
550,9
412,5
268,3
277,5
320,8
384
571,7
816,3
955,3
990,7
960,5
1012,7
817,9
649
692
541,2
280,6
223,6
442
497,2
611,3
795,2
779,2
519,8
220,8
41,5
8,6
-73,1
-33
-59,4
25,8
321,8
536,3
432,8
710
848,5
563,8
263,4
193,9
141,5
82,4
78,4
377,9
370,9
476,4
547,2
522,1
298,9
44
-87,1
-212,3
-212,3
-236,9
-185,1
-111,7
17,9
242,7
170,5
224,9
140,9
-30,7
-91,2
-194
-315,6
-413
-389,1
-36
228,4
284,1
345,1
389,5
260,6
119,3
-5,6
-150
-192,2
-215
-198,6
-146,6
-91,3
118,6
358,7
388,1
312,8
123,7
-55,9
-197,5
-313,5
-502,6
-582
-477
-403,6
-373
-259,7
-329,4
-623,8
-759,2
-892,5
-1077,9
-1246,6
-1293,1
-1279,7
-1183,6
-1049
-879,8
-753,2
-725
-684,3
-683,7
-485,2
-372,9
-327,4
-369,4
-140,1
239,3
266
162,7
175,7
105,9
-114,8
-132,7
-188,2
-288
-262,6
-118,4
23,5
246,8
484,5
459,6
453,8
539
714,8
628,5
713,1
913,9
782,4
535,3
438,3
522,8
501,4
421,4
371
297,6
6,8
-239,7
-461,5
-623,5
-818,7
-906,5
-1054,7
-992,3
-864,9
-757,2
-709,6
-603
-645,9
-1055
-1283,6
-1396,7
-1557,1
-1988,4
-2149,3
-1919,9
-1841,3
-1746,4
-1526,9
-1396,6
-1466,9
-1466,8
-1176,9
-1205,2
-1211,7
-1206,7
-1427,6
-1430,7
-1397,9
-1358,8
-1217,4
-1049,6
-872,9
-833,3
-1015,8
-1102,4
-1189,2
-1176,8
-1106,8
-850,7
-840,5
-804,9
-695,3
-718,1
-914,2
-1099,6
-1296
-1254,9
-1078
-996,1
-872,7
-642
-455,7
-141,3
-54,5
94,5
333,7
405,6
237,2
235,8
121,4
-25,2
-162,3
-60,6
-237,4
-461,4
-413,2
-341,1
-386,9
-314,2
-535,5
-652,4
-467
-481,5
-372
-142,7
174,3
351,9
623
756,8
887,3
828
750,1
717,3
541,2
354,2
358,2
608,9
655,3
525,2
419,6
457,8
263,3
87
66
36,3
8,3
-21,5
24,1
63,9
103,9
211,7
414,1
629,4
612
467,7
325,2
172
-68,5
-168,4
-159,6
135,2
36,3
-101,6
27,7
127
9,2
-42,7
-316,1
-435,8
-486,6
-574,9
-677
-785,1
-895,3
-905,1
-770,2
-830,9
-1184,4
-1591
-1454,5
-1250,5
-1090,4
-1004,2
-850,4
-646,5
-736,5
-858,1
-1039,6
-1090,8
-999,1
-911,6
-1058,3
-1002,6
-1099,3
-1084,6
-1065,2
-884,8
-1186,9
-1041,4
-697,4
-468,6
-370
-374,3
-314,9
-188,1
-158,2
-225,3
-101,6
226,1
220,1
101,2
151,1
298,2
192,8
126,6
105,3
8,9
-22,6
-47
-11,1
75,6
172
395
387,4
303,2
75,6
-231
-496,4
-515,7
-676,9
-751,2
-708,3
-711,3
-732,7
-836,8
-828,6
-682,6
-731,8
-881,7
-705,2
-863,3
-829,7
-721,1
-712,8
-811,1
-424,3
-126,2
129,1
184,6
216,7
51,1
-82,4
-188,8
-392,1
-568,5
-430,6
-5
-42,9
-183,1
-407,5
-811,6
-1164,6
-1035
-872,4
-753,2
-708,2
-732,2
-947,7
-1195,8
-1653,4
-1810,5
-1777,4
-1700,5
-1127,5
-997,8
-1002,2
-928,7
-982,8
-1161,1
-1141,5
-1260,9
-1565,6
-1777,2
-1855,2
-1851,5
-1544,1
-1670,9
-1535,8
-1814,3
-1817,5
-1687,3
-1295,6
-1282,9
-1791,1
-1731
-1722
-1601,9
-1345,1
-1354,2
-1416,6
-1773,7
-1935,8
-1997,7
-1898,1
-1549,7
-1429,2
-1754,9
-1629,3
-1283,2
-1188,9
-1285,2
-700,6
-561,5
-561,2
-456,1
-402,5
-285,1
-296,1
-41
219,6
387,4
466,1
578,6
604,6
637,9
740,6
724
643
777,8
838
641,3
767,6
799,8
575,8
493,6
404,3
282,6
421,2
324,3
314,8
394,3
379,7
552,7
804,1
860,1
683,3
389,6
297,2
475,1
446,7
412
432,5
628,5
638,7
549,5
569,8
737,7
605,4
636,9
644
622,5
585,5
647
723
1078,7
1032,9
862,6
818,8
876,4
1095,2
813
628,6
550,9
168,5
-329
-320,3
-342,4
-898,8
-1209,9
-968,3
-920,4
-1183,8
-1241,1
-1169,3
-1309
-1398,8
-1345,6
-1212
-1110,8
-923,6
-595,2
-370,6
-269,6
-112,6
95,8
-263,5
-369,6
-475,7
-744,2
-916,7
-749,7
-841,2
-858,5
-951,8
-641,7
-662,2
-668,3
-662,3
-724,7
-337,9
-163,5
-236,5
-527,9
-265,9
195,7
411,6
238,4
-142,1
-177,3
-64,3
-34,7
-187,3
-340,1
-398,6
-709
-1071,1
-1265,7
-1070,9
-755,9
-544,8
-366,3
-203,8
115,1
274,1
538,4
651,3
520,5
329,1
675,9
942,6
1135,1
1204,5
1179,2
1196,6
1156,6
1042,5
986,3
1248,4
1609,6
1283,5
753,2
385,8
50,3
-307,7
-171,6
-15,1
230,4
298,5
364,9
552,2
561,3
-203,2
-127
31,4
125,2
359,5
277,5
279,7
270
161,4
260,5
436,7
641,7
630,7
403,5
326,5
375,7
425,6
423
506,2
384,3
307,1
295,8
372,4
385,8
173,6
19,5
268,2
120,9
93
24,5
-9,9
197,7
213,7
250
296,5
571,5
506
327,1
125,7
202,7
78,3
123,2
261,5
403,5
395,4
439,6
277,7
231,4
412,2
382,2
607,3
493,6
163,3
247,6
60,4
-25,3
-168,8
-139,8
-111,4
-15,2
-149,1
-495,1
-878,8
-917,6
-1055,8
-1027,7
-917,2
-936,1
-1006,8
-1032,5
-1043,2
-1265,6
-1575,9
-1278,2
-1248,5
-1160,4
-905,2
-881,8
-907
-761,5
-753,8
-1128,1
-1088,3
-870,1
-1349,6
-1550,5
-1593,7
-1339,9
-1374,5
-1699,2
-1426
-1189,8
-1257,9
-1163
-1510,1
-1393,6
-822,3
-759
-725,7
-907,7
-822,6
-787,3
-863,1
-827,1
-861,6
-868
-668,2
-253,6
-385,9
-470,6
-220,3
247,3
422,8
362,7
318,3
400,8
591,4
700,9
631,3
796,6
1222,2
1556,1
1629,5
1633,8
1534,7
1380,8
1208,6
1047,3
1004
998,6
949,6
1109,2
999,2
917,1
942,5
978,9
892,3
576,1
397,5
463,5
346,9
347,1
533,5
689,9
1095,3
1163,2
1083
1052
1132,7
1172,4
1109,4
1405,9
1295,7
1034,1
960,3
1230,5
1279,2
1098,7
925,5
1103,8
1004,8
826,5
871,5
642,5
641,5
448
337,3
219,6
609,8
946,4
1036,6
958,7
1009,8
916,4
912,9
836,3
888,6
697,1
613,9
907,8
731,1
725,2
724,6
765,6
629,2
359,3
185,9
150,9
162,6
82,6
84,1
54,9
232,5
202
-129,9
-485
-578,7
-634,2
-763,2
-979,3
-1000,6
-898,1
-652,4
-284
-554
-671,7
-575
-435,9
-561,8
-661,3
-503
-299,3
-253,2
-164,8
-31,8
-41,3
85,3
123,3
383,7
446
478,3
412,1
233,7
181
145,5
188,9
293,7
580
724,2
735,3
636,2
712,5
681,2
442,3
190,9
49,1
110,9
284,2
420,8
502,5
915,5
1299,1
1382,8
1404,1
1488,9
1473,7
1482,9
1547,7
1506,6
1368,9
1203,8
1413,7
1423,9
1312,6
1201,1
1269,5
1099,8
682,4
484,6
392,7
392,6
416,4
503,1
617,5
962,2
1274,6
1522,4
1522,6
1438,3
1458,8
1347,6
1367,4
1295,9
1058,4
1004,9
1190,2
1152,5
989,3
816,7
750,1
498,3
167,1
110,6
-37,8
192,6
221,2
162,2
-62,9
-99,2
299,3
496,4
583,6
793,8
837
821,9
961,4
988,8
979,1
1075,3
1341,8
1277,2
1190,1
1091,1
1097,8
943,9
609,5
591,5
562,7
680,3
680,8
652,7
631,3
640,2
756,2
923,3
844,3
754,6
675,1
467,7
324,1
19,3
-33,6
-23,8
398,2
718,3
868,7
739
832,9
811,1
626,3
746,7
715,3
389,1
388,7
433,2
228,8
-140,6
-180,7
-136,6
-286,9
-246,2
-335,3
-461,1
-508,6
-507
-429,2
-373,3
-628
-776,4
-794,4
-662,1
-350,4
-166,8
-113,7
10,9
-8
-165,2
64,2
282,8
470,4
662,1
852,5
570,9
373
314,4
157,9
-107,4
-161,1
70,8
176,9
410,4
910,3
1023,4
698,2
494,1
672,4
734,7
440,1
159,6
304,6
334,1
445,2
496,6
597,3
824,2
1102
1012,6
913,8
751,4
653,1
594,9
505,7
450,7
415,5
478,1
763,2
858,2
808,5
792,9
851,2
709,3
401,6
82,9
52,2
123
211
246,9
40,2
37,5
115,5
-23,8
-251,5
-316,7
-317,3
-70,7
267,7
198,4
25
81,4
302
477,9
330
440,6
742,1
792,8
545,4
353,9
354,5
387
288,1
396,6
501,4
701,1
814,8
846,8
621,7
603,1
581,2
399,8
336,6
333
356,1
586,1
941,3
965,9
863,5
787,1
770,7
681,1
367,6
247,2
207,1
176,4
191,1
316,7
99,2
-31
-3
-112,2
-372,7
-545,9
-745,9
-594,9
-630,6
-536,1
-774,9
-708,8
-509,7
-206,4
81,6
365,6
644,8
949,7
904,4
1088,1
1019,8
821,4
942,1
957,7
931,9
1211,8
1556,4
1702,2
1701,5
1739,2
1670,6
1512,3
1387,7
1179,1
665,7
440,4
421,8
191,6
41,2
-183,6
-444,9
-816,5
-1112,5
-1094,9
-989,4
-844,5
-581,6
-287,8
-213,4
-64,1
350,8
331,4
303,2
586,8
683,1
652,4
496,9
310,9
287,1
362,5
556,6
495,2
303,5
198,1
123,6
-35,5
-172,7
-73,2
-411,1
-483,1
-529,8
-352,1
-197,1
-134,2
-88,5
101,6
259,1
246,9
59
83,4
138,7
156,5
451,7
852,6
1078,1
1114,1
823,1
868,1
952,5
970,7
846,3
602,7
669,9
727,2
993,7
1157,5
1120,8
1167,3
1257,1
1385,6
1100,6
1210,2
1349,4
1189
1309,3
1393,2
1455,6
1406,1
1595,7
1648,1
1785,6
1606,3
1667,5
1570,8
1437,7
1250,9
1445,2
1388,3
1446,6
1419,2
1392,7
1385,7
1375,4
1366,1
1411
1391,1
1339,5
1224,6
1189,4
1361,4
1286,5
1260,1
1424,9
1435,7
1329
1213,9
1164
1150,1
1070,8
932,5
1006,6
1298,7
1331,3
1366,8
1354,2
1247,8
1197,7
1350
1451,2
1632
1267,6
1063
921,2
785,7
962,1
1133,3
947,1
799,4
889,9
643,9
565,7
485,5
-6,6
-13,1
85
66,1
59,7
-37,8
-224,8
-292
543,7
565
467,9
415,1
321,5
318,2
251,5
-122,9
-415,8
-465,5
-309,9
-526,5
-964,2
-1205,6
-1563,8
-1180
-1445,5
-1497,1
-1282,1
-1119,9
-933,2
-868,4
-700,7
-418,4
-24
128
102,9
360,9
459,3
476,4
596
635,5
724,7
825,7
1029,2
915
914,8
966,8
991,3
1105,5
839,8
678,4
552,6
480,4
474,2
346,1
459,9
831,9
948,6
1013,2
1058,2
967
1228,2
1198,8
1079,4
1065,9
946,6
871,6
1013,7
1106
1027
1117,8
1140,2
1170,7
1049,5
780
591,9
724,7
853,7
830,6
854,8
964,9
1114,8
1031,4
1194,7
1201,2
1004,1
860,1
806,2
645,6
574,4
629,1
968,3
1230
806,8
641,6
798,8
734,5
693,1
574,3
507
476,7
416,1
372,5
330,6
319,2
349,9
334,4
252,7
-27,8
-117,1
-9,1
-193,4
-209,9
-99,1
239,6
701,4
773
888,7
948,7
991,5
816,9
804,7
701,9
720,5
739,6
804,9
687,8
744,5
954,6
1289,2
1263,3
1131,1
1101,7
1140,2
1089,3
1275,5
1150,2
1069,9
1151
1419,4
1493,6
1371,3
1286,5
1239,1
1254,3
1129,6
821,7
704,5
805,2
852,8
816,7
903
1226,3
1331
1332,8
1415,8
1517,9
1616
1935,4
2089,8
1952,9
1682,1
1432,2
1453,9
959,8
1071,7
773
637,2
612
399,7
128,5
11
-198
-176,4
-273,1
-304,3
-307
-117,4
-25,9
-80,4
-3,4
131,1
331,5
507
730,9
383,8
413,8
698,8
820,2
850,5
848,6
903,8
898,3
617,8
539,9
685,2
531
625,1
550,7
645,5
1006,4
1613,7
1753
1800,5
1773,7
1669
1704,2
1751,8
1558,9
1338,8
1128,8
1131,8
1044,6
974,8
1090,1
1095,7
1065,2
1145,8
991,5
981,3
875,4
875,2
809,5
807,2
919
1415,1
1572,5
1512,4
1500,2
1321
1080,9
1055,4
873,2
773,1
776,7
996
841,7
853,9
790,2
698,3
603,8
900
616,1
552,7
630,8
550,3
584
802,4
566,5
545,2
773,3
875,2
874,5
681,5
632,6
489,7
276,6
306
125,7
112,4
27,5
-110,7
-98,4
-258,2
-489,7
-768,7
-933,9
-926,5
-984,9
-1071,9
-1017,8
-1013,4
-1074,5
-1065,2
-1175,9
-1222,2
-1240,1
-1320,5
-1345,3
-1383,9
-1302,3
-1187,7
-1247,4
-1199,9
-1224,1
-1345,7
-1384,8
-1113,5
-920,5
-881,1
-1187,3
-1148,6
-1118,8
-1114,1
-1078,2
-1031,2
-996,9
-636,9
-458,2
-557,5
-447,1
-426,8
-317,8
-137,9
78,9
32,5
-155,7
27,2
120,7
164,7
292,3
371,2
342,4
161,2
92,4
18,3
35,2
74,4
10,6
41,6
177,2
687,6
858,9
954
1131,6
1251,5
1361,9
1397,5
1332,7
1197,1
1000,7
1173,8
1239,4
1193,8
1287,3
1262,9
1303,1
1259,9
958
770,3
748,4
728,5
661,5
644,5
789,5
942,4
907,9
1136
1119,3
1038,3
964,3
844,7
839,4
850,5
938,7
1246,3
1290,8
1240,9
1179,5
1051,6
1040,9
935,2
629,9
488,6
554,6
617,6
650,1
811,2
1412,1
1650,5
1762
1757,5
1716,1
1697,2
1756,6
1717,3
1741
1653,2
1608,9
1719
1715
1678,2
1573,6
1520,5
1363,6
1158,5
942,3
842,1
817,1
798,2
794,5
1126,2
1401,7
1578,1
1715,4
1863,8
1968
1879,5
1889,8
1842,2
1717,9
1615,5
1539,5
1549,3
1523,9
1346,9
1269,7
1214,2
1108,6
913,9
594,7
418,6
525,9
528,1
415
331,4
402,1
281,5
341,6
492,8
668,2
723,3
708,3
563,7
459,1
294,5
337,6
499,3
487,7
381,2
337,4
311,5
416,4
278,4
52,7
133,3
183,4
182
165,7
272,3
430,8
587,5
684,5
773,4
857,4
824,8
815,8
785,1
795
809,9
917,9
1231,8
1382,7
1301,3
1244,4
1190,2
1116,5
968,6
727
650,7
744,4
721,8
721,3
659,4
1151,2
1633,3
1764,8
1803,9
1719,6
1593,1
1627,7
1776,4
1724,8
1593,3
1502,2
1751,4
1776,4
1744,3
1684,3
1654,3
1592,8
1369,4
1063,6
918,9
854,6
797,5
755,7
910,9
1430,4
1857,2
1950,8
2012,7
2124
2105,6
1985,4
2013,4
1944,5
1753,9
1777,7
2018,2
1932,8
1730,1
1592,7
1518,7
1474,2
1386,7
1348
1276,8
1211,1
1185,4
1073,8
1153
1452,4
1829,7
1995,2
1954,2
1872,8
1770,8
1525,3
1438,6
1322,2
1134,9
1239,8
1495
1290,9
981,8
783,1
599,2
467,5
312
268,3
399,1
457,6
381
224,7
-44,1
261,3
471,1
473,3
413,7
409,8
408,6
407,5
208,1
127,8
189,6
102,2
142,1
234,7
143,4
177,2
71,3
-0,7
-178,2
-356,7
-426
-431,2
-414,2
-463
-443
-286,1
-186,8
-102,2
-329,9
-594,2
-908,2
-601,2
-586,3
-731,3
-740,1
-575,7
-464,3
-403,6
-230,4
123,7
463,6
579,2
568,6
585,9
741,2
775,5
820,7
839,2
841,5
812,1
866,3
572,3
392,2
124,7
-162,3
-415
-566,5
-685,9
-970,6
-841,6
-561,1
-239,2
-675,3
-743,1
-467,6
-289,3
-166,1
-85,5
-237,7
-394,7
-432
-223,5
-341
-197,3
-274,3
-441
-547,7
-899,9
-1043,3
-1065,1
-1161,9
-1154,2
-1159
-1125,9
-975,3
-814,6
-677,7
-492,4
-128,7
-66,9
8,6
-171,7
-54,1
116,2
263,7
393,9
607,6
704,3
1120,9
1056,4
1183,8
1506,1
1510,6
1555,1
1545,2
1565,7
1511,5
1455,1
1603,9
1530,4
1348,9
1480,6
1459,9
1374,8
1350,4
1035,4
991,7
1051,6
1014,7
1004
1057,3
1164,4
1663,3
1888,4
1887,6
1863,4
1835
1823,7
1846,3
1751,8
1680
1769,8
1919,9
1799,5
1600,7
1515,4
1397
1281,1
984,1
754,6
483,7
662,8
711,2
607,2
530,2
750,5
1125,9
1365,7
1300,1
1286
1069,5
966,4
1189
1270,6
1502,1
1409,3
1542,4
1222,7
943,1
898,6
989,7
1033,5
1112,7
1181,1
1333,7
1298,4
979
1072,7
963,7
1304,3
1628,5
1491,8
1488
1806,1
2028,3
2071
2041,9
1976,9
1808,2
1777,3
1852,6
1741,5
1660,3
1629,1
1625,8
1402,3
817,9
802,8
1130,6
1192,3
1314,3
1246,3
1201,7
1304,7
1818
2077
2051,9
2044,9
2080
1844,6
1683,7
1242,5
973,5
786,2
327,1
-7,2
-98,6
-184,9
-176,5
-366,9
-597,4
-893,3
-1073,4
-1238,2
-1188,1
-943,3
-632,2
-279,7
130,2
438,7
636,9
761,1
797,5
682
606,6
478,6
490,2
612,2
905,2
1205,4
1152
959,3
638,7
429,8
322,5
440,2
198,7
62,7
15,6
-63,5
-70,3
28,6
231
548,5
687,2
654,5
458,9
490,3
596,9
626,8
552,1
661,3
862,9
984
878,2
1023,4
1049,2
1016,4
985,4
800,6
771,9
693,2
589,1
547,5
643,2
893,5
1195,1
1412,8
1516,2
1499,5
1467,2
1471,4
1550,3
1524,3
1383,6
1332,2
1602,9
1542,3
1462,8
1378,7
1287,4
1259,1
1104,9
1035
890,5
949,9
1068,2
1050,1
1049,4
1421,3
1616,4
1629,3
1614,3
1698,2
1527
1316,8
1173,9
1155,9
1236,6
929,8
912,2
568,4
367,2
219,4
150,1
30,8
-88,5
-306,3
-371,3
-430,8
-495,2
-588
-533,8
-251,8
49,7
357,2
77,4
121,3
80,9
73,6
209,8
163
-9,1
-51,9
230,3
229,7
53,2
-86,9
-183,9
-179,4
-180,6
-263
-195,1
-178,5
-36,7
65,3
327,4
626,5
1182,2
1314,3
1315,2
1252,3
1049,9
919,5
935,1
844,8
877,2
924,5
1174,1
1067,5
958,8
834,1
782,2
783,9
749,4
406,2
322,5
293,4
362,5
348,4
480,4
683,3
989,4
989,8
869,2
734,9
751
741,7
753,4
685
523,7
546,4
900,7
995,7
989,4
883,3
722,5
644,6
560,1
439,3
482,7
685,6
763,6
851,4
868,2
965,3
1129
1103,6
732,5
442,4
-33,8
-354,3
-396,2
-376,2
-458,8
-593,5
-814,1
-843,3
-1012,4
-1126,9
-1077,1
-1070,6
-1110
-1238,6
-1270,2
-1351,2
-1352
-1260,5
-1210,6
-1147,5
-1122,5
-877,2
-693,2
-574,7
-467,3
-309,4
-113,9
41,3
130,2
360,7
796,4
1061,5
1110,9
962,3
798,7
885
915,9
888,3
928,6
1015,2
1020,8
1203,5
1410,5
1360,1
1803,5
1871,9
2334,2
2466
2445,3
2143,1
1856,1
1845,6
1554,3
1418,1
1396,8
1120,6
865,9
980,8
1043,4
1066
930,2
640,7
764,9
819,3
852,4
955
936,8
1034,5
1423,4
1322,4
1387,5
1433,3
1405,8
1375,1
1629,3
1691,5
1439,9
1328
1469,3
1408
1430,2
1434,9
1384,5
1028,3
1045,6
1047,9
964,4
812,5
647,9
544,3
567,4
546,8
876
1051,5
1146,2
1349
1297,9
1301
1379,9
1297,8
1118
1250,2
1445,3
1496,3
1484,9
1222,9
1394,9
1394,8
1368,6
1456,4
1238,7
1403,4
1228,4
1046,1
1279,3
1480,8
1622,6
1722,2
1748,1
1857,3
1795
1719,9
1801
1710,4
1581,5
1641,8
1995,8
1831,5
1559,8
1246,9
1204,5
1201,1
835,6
941,2
1010,3
983,3
961,1
937,8
1005,9
1329,6
1278,2
1247,7
1168,5
939,7
780,5
737,9
706,1
643,9
609,8
680,4
842,2
824
774,1
798,2
932,5
902,8
889,5
786,6
657,7
671,8
800,4
810,5
921,9
1026,7
1029,1
1109,7
1466,2
1581,3
1513,4
1512,6
1527,5
1411,5
1374,3
1430,5
1576,8
1545,9
1385,8
1510,5
1532,4
1477,1
1349,2
1128,8
1236,1
1100,1
1145,2
1115,1
1226,8
1214,4
1217
1429,1
1506,3
1544,6
1558,9
1486,9
1397,4
1306
1232,6
1210,1
1399
1426
1385,6
1296,1
1270,3
1174,6
921,1
727,4
632,1
715
743,5
804,6
874,6
889,4
1300,6
1527,4
1716,8
1733,2
1575,8
1663,5
1808,4
1830,7
1743,9
1645,4
1576,5
1534,6
1341,5
1280,5
1324,8
1219,1
1133,3
1123,6
967
934
964
1027,2
1129,7
1598
1766,6
1763,4
1575,6
1470,9
1615,8
1563,4
1486,2
1319,8
1107,2
1039,1
1115,7
1039,5
835,7
588
469,7
167,4
-307,6
-650,7
-675,6
-636,3
-539,5
-599,7
-335,3
-86,3
242,2
532,5
647,2
761
600,9
505,6
424,6
428,8
197,9
125,5
453,6
664,8
742,7
846,6
1004,3
1052,3
880,9
840,9
863,2
944,9
1082,8
1075,7
1203,1
1291,8
1449,6
1519
1602
1640,5
1649,5
1646,9
1587,9
1457,8
1415,7
1332,4
1556,1
1599,8
1502,7
1504,5
1499,7
1229,3
1217,9
1077,3
1320,5
1231,6
1240,7
1262,2
1219,3
1302,5
1676,4
1972,1
2091,4
2275,2
2105,5
2129,9
2011,1
1884,2
1746,9
1735,2
1898,1
1856,2
1666,9
1587,6
1476,6
1371,7
1095,2
850,1
748,1
879,3
807,4
767,5
699,6
781,9
1002,2
861,1
922,1
863
721,1
433,3
290,2
124,2
-126,6
-197,3
-32,3
-286,9
-572
-721,8
-744,7
-787,3
-860,6
-726,9
-743
-895,9
-1036,6
-1231,7
-1304,3
-1180
-1169,2
-1256,4
-1201,1
-1232,8
-1350,7
-1305,5
-1138,1
-1039,2
-932,8
-946
-716,4
-814,3
-912,8
-864,3
-662,6
-445,9
-490,5
-345
-228,1
-52,2
73,4
59
73,3
-41,2
258,6
387,7
562,7
583,5
500,1
388,7
298,9
223,5
41,8
48,3
338,3
293,5
108,2
44,6
37,5
102,8
-127,7
-261,5
-327,8
-232,3
32,2
192,7
54,4
185,8
629,5
739,1
759,9
727,3
751,8
902,4
983,3
1005,9
944,6
959,3
1145,7
1158,4
958,6
836,2
755,2
652,3
456,2
123,7
-40,5
133,9
160,5
210,4
336,7
458,9
757,6
843,7
731
725,9
632,1
733,9
779,3
705,9
544,2
472,5
613,9
751,6
662,7
736,9
801,1
799,1
538,8
440,1
434,9
427,2
563,1
421,8
475,6
513,6
553,6
869,5
859,5
747,5
815,3
681,7
565,6
394
180,9
118,9
225,3
248,3
70,4
-131,8
-271,1
-278,2
-535,6
-913,3
-916,9
-804
-913,3
-1206,4
-1336,7
-1511,6
-1276,4
-1031
-796,8
-716,6
-590,7
-292,2
-237,5
-136,9
34,8
277,7
563,2
745,3
697,7
701,7
711,4
848,9
800,3
671,4
734,1
563,6
599,2
660,6
646,4
635,8
803,4
1021,4
1172,9
1184,2
1102,7
1042,7
956,1
914,1
872,6
935,3
1006,3
999,5
976,9
969
971,2
950
801,1
825,8
584,8
758,6
821,3
910,6
1008,2
1054,6
913,1
946,4
816,3
858,5
805,9
773,4
753,4
810,7
845,3
949,3
1148,5
1296,6
1277,3
1310,3
1346,1
1346,2
1069,2
813,3
708,7
893,1
1071,3
1180,8
983,5
988,4
1245,9
1420,8
1450,2
1613,9
1484,1
1446,4
1463,3
1622,3
1526,5
1507
1650,6
1662,5
1559,4
1387,2
1345,1
1239,9
980,1
599,5
688,3
743,3
829
907,9
840,9
1159,4
1446,5
1419,8
1391
1424,3
1452,4
1447,8
1462,3
1478,7
1371
1550,4
1542,3
1719,7
1697,1
1602,7
1485,5
1382,3
1060,5
826,1
747,3
750,2
771,8
932,2
893,6
1240,2
1672,9
1750,4
1821,2
1799,8
1708
1727,9
1821,2
1731,4
1623,1
1576,2
1691,2
1814,6
1708,1
1692,8
1548,9
1569,2
1363,4
1052,7
946,6
906,8
939,6
939
920,3
1247,2
1647,9
1803
1890,3
2027
1956,9
1980,6
2005,6
1894,5
1715,6
1772,2
1844,6
1920,5
1767,8
1535
1399,9
1318,5
1138,9
1078,1
785,8
814,5
691,1
771,6
669,3
910,2
1024,9
1338,8
1493,9
1548,8
1561,2
1474
1430,7
1392,4
1333,7
1366,8
1472,2
1478,7
1394,7
1307,1
1247,2
1239,7
990,6
775,7
577
674,2
661
644
619,8
696,7
887,6
1134,5
1364,1
1437,3
1373
1287,5
1270
1270,1
1257,4
1105,6
1224,3
1259,9
1190,8
1065,2
1026,7
897,1
628
371,4
459,3
505
467,3
425,3
523,7
398,3
492,5
418,5
313,2
63,5
55,1
-211,8
-270,9
-500,9
-541
-517,4
-303,6
-82,1
204,7
663,1
859,2
851,6
659
700,3
1007,4
1109,1
1048,4
1075,6
1154,2
1197,9
1609,3
1853,7
1791,5
1798,8
1668,5
1690,6
1789,2
1729,2
1617,9
1603,3
1794,8
1791,3
1708,2
1700,6
1748
1644,1
1351
1401,2
1097,9
1077,4
996,9
833,7
1099
1222,1
1549,1
1715
1970,6
1904
1633,2
1336,6
1148
669,2
270
251,1
617,6
672,1
705,9
790,6
973,8
991,5
890,6
743,1
842,8
856,4
947,8
915,5
814,1
914,9
1408,1
1641,4
1559,9
1445,4
1160,1
1008,1
865,9
546,9
422,4
406,3
589,4
544
662,2
673,6
794,9
886,7
645,2
550,6
691,9
861,4
1038,2
1119
1283,9
1242,9
1592,9
1718,1
1950,3
2006,7
1994,7
2035,6
2096,6
2019,4
1854,1
1842,2
1992,1
1965,2
1797,2
1640,9
1478,1
1445,8
1219,4
1157
985,3
1102,9
1028,8
1049,2
1014,2
1008,5
1407,1
1718
1727,9
1619,9
1300,6
1119,9
797,5
584
474,6
567,9
694,5
761,5
887,8
745,9
487,4
144,8
-278,4
-348,4
-77,8
82,2
-62,8
-157,1
-319,8
-208
-320,4
-277,4
-346,8
-91,1
-143,3
103,5
56,7
-87,2
-211,2
-147,7
103,3
133,5
65,4
376
554,3
736,4
644,6
495,7
744
922,5
1067,3
1098,1
1185,2
1251,4
1268,6
1220,5
1187,1
1131,7
993,5
736,3
622,1
613,9
574,5
673,8
1039,7
1208
1273,5
1337,5
1368,2
1382,7
1002,1
1015,8
1033,9
1227,9
1246
1343,8
1262,9
1476,8
1913,3
2022,5
2175
2117,8
1924,3
1789
1670,6
1355
953,9
634,2
739,6
808,5
708,9
663,7
617,7
407
47,9
36
-140,5
-145,2
20,8
102,9
242,7
591,8
1205,8
1679,5
1628,9
1332,4
1153,5
1108,6
978,8
646,8
489,2
405,4
708,2
764,8
808,1
923,6
1149,3
1152,9
860,4
764,7
568,8
625,7
772,8
824,4
1004,7
1263,4
1795,8
1882,6
1908,9
1985,8
1885,8
1854,4
2039
1878,8
1963,2
2198,2
2454
2451,1
2236,7
2010,6
1950,4
1994,9
1657,6
1215
957,9
930,7
894,5
883,6
1129,6
1487,2
1906,7
2071,7
1994,4
2189,5
2170,1
1986,2
1895,6
1597,3
1439
1457,7
1584,9
1279,8
987,1
893,1
816,8
767,4
468,2
203,5
156,2
214,3
67,4
85,9
397,6
611,3
1059,4
1110,2
1175,7
1214,4
1151,5
1277,2
1272,4
1143
1105,2
1351,7
1668,4
1702,6
1576,6
1398
1425,7
1320,7
1162,1
1132
1016,5
981,7
983,3
992
916,9
1028,8
1120,1
1293,6
1398
1399
1300,7
1155,6
1030,5
792,5
639,1
651,7
1019,6
1139,3
1059,7
877
790,6
567,9
269,4
-169,2
-346,1
-457,5
-622,4
-554,6
-470,6
-288,8
-87,2
118,1
42
-316,3
-400
-493,2
-453,3
-236,2
-251
-136,5
-97
175,7
279,2
235,6
39,4
-315,5
-478,2
-621,4
-570,2
-595,3
-402,5
-334,1
-153,9
-4,5
404,7
663,8
648
530,1
492,2
428,8
523,5
512,9
386,6
399,7
712,6
701,6
951,2
864,4
842,1
481,2
287
8,1
-75,4
-81,6
-63,4
-145,2
-224,9
135,7
537,8
526,3
265,8
248,5
-11
-303,8
-259,3
-623,9
-755,6
-177,1
-117,7
-440,4
-852,6
-914,9
-849,3
-1006,4
-1004,5
-1052,4
-1322,2
-1336,4
-1352,7
-1166,3
-874,3
-666,6
-151,8
-78,9
62,6
-52,5
67,3
-20,6
124,6
57,1
-113,8
-48,6
-24,9
-104
-77,9
257,5
621,6
448,3
337,9
227,7
290,1
369,9
423,4
529,7
709,1
1052,7
1552,5
1690,3
1600,1
1591,6
1504,1
1388,5
1296,9
1103,3
945,1
1013,9
1304
1149,3
1029,8
916,6
929,1
754,9
647,8
405,5
398,4
311,2
217,3
301,5
431,1
880,5
1265,8
1328,9
1097,6
920,7
836,2
818,7
644,9
366,3
96,2
10,8
176,5
177,9
100,3
30,7
143,6
195,2
170,4
112,6
136,2
399,4
751,7
932,6
1164,7
1069,9
1272,5
1435,6
1557,1
1581,3
1485,4
1370,3
1183
928,3
701
748,4
972,3
982,2
772,9
560,8
501,6
328,8
104,1
183,1
-52
-271,7
-467,1
-574
-654,2
-765,6
-609,8
-551
-336,9
-461,6
-579,3
-688,1
-571,3
-601,3
-642,4
-361,3
77,5
305
590,4
884,9
868,2
632,4
446,1
377
437,8
600,3
641,7
795
776,7
1017,3
1239
1442,9
1479,5
1621,1
1503,9
1529,3
1577,5
1509,7
1400,6
1277,4
1447
1363,9
1337,4
1298,3
1327,3
1066,2
885,2
1025,9
1004
960,9
998,1
973,6
962,3
1032,5
1460,5
1586,8
1655,7
1696,6
1666,8
1630,9
1668,3
1598
1292,9
1162,7
1326,5
1327
1232,7
1163
1248,7
1038,1
753,3
746,5
754,2
752,8
628,9
639,3
751
1045,9
1447,5
1821,9
1949,8
2002
1911,2
1843,7
1814,7
1762,2
1799,7
1658,5
1837,4
1634,3
1802
1725,5
1660,4
1272,5
930,9
909,8
896,6
955,4
962,5
902,2
871,9
1275,5
1481,2
1597,8
1614,6
1772
1655,3
1683,2
1863,9
1918,2
1735,7
1708,7
2004,1
1855,6
1622,6
1517,9
1537,6
1380
1020,1
908
869,4
862,6
845
694,7
892,3
1247,9
1609,5
1658,7
1610,4
1497
1459,9
1597,5
1603
1455
1257,4
1208,9
1322,8
1321,6
1068,9
1078,8
1018,9
762
830,4
768,9
653,8
617,3
576,4
595,5
680,9
748,7
858,7
1165,2
998,5
895,5
758,5
479,2
474,5
248,7
287,6
441,6
683,6
674
654,9
640,7
733,3
474
227
288,8
112,4
107,7
121,6
162,7
144
185,7
416,7
760,4
693,5
676,7
380,3
713
679,7
653,7
743,8
981,3
1334,9
1402,5
1497,7
1386,3
1272,7
1045,6
809,7
909,9
788
790,4
865,9
723
948,6
1415,4
1938,3
2079,8
2050,6
1971,9
1882,1
1746
1878,7
1927,1
1874,9
1848
2069,8
2088,7
2003,6
1903
1858,1
1463,5
1222,1
1087,3
1006,1
1018,2
955,6
1001,6
1168,8
1567
1815,4
1942,5
2028,2
2051,5
2007,3
2057
2116,7
2097,8
1969,7
1899,4
2073,3
2021,7
1887,9
1849,2
1824
1604,9
1385,1
1234,5
1192
1163,5
1208
1218,5
1391,3
1677,2
2035,8
1932,6
2052,8
2086,4
1928,8
2021,2
2030,3
1999,9
1893,4
1835
1887,4
1714,3
1615,9
1692,9
1628,6
1263,4
857,5
854,7
813,9
802,8
614,6
788,4
976,2
1283,4
1554,9
1582,6
1491,3
1491,1
1387,4
1378,9
1486,5
1535,2
1454,1
1426,7
1491,7
1323,8
1320,4
1408
1334
1151
1050,6
879,8
793,7
790,5
860,9
907,5
1237,5
1675,6
2161,7
2208,3
2309,9
2384,1
2349,6
2213,3
2058,8
2059
1950,5
1957,8
2146,4
2009,1
1778,8
1674,9
1591
1183,7
1182,2
901,7
733,9
771,1
784,7
704,2
691
686,1
726,2
728,5
510,5
136,9
-395,2
-538,2
-596,3
-810,9
-1044,5
-1089,3
-1031,3
-948,5
-861,9
-735,9
-583
-697,5
-928,6
-730,3
-606
-513,3
-529,5
-593
-539,6
-387,8
-470,9
-338,4
-249,5
-419,1
-551,2
-471,5
-486,4
-448,9
-494,4
-740,8
-270
-332,4
-669,2
-725,8
-697,5
-695
-696,7
-897,6
-939,1
-935,2
-899
-864,4
-938
-998,7
-557,5
-497,8
-591,1
-560,2
-562,4
-449,4
-187,2
-224,7
-229
-4,3
123,9
-91,6
-239,1
-175,2
-121,5
118
91,2
139,1
155,8
266,5
402,7
521,6
750,7
1036,3
1386,5
1514
1586,6
1676,2
1642
1613,6
1636,8
1564,4
1379
1385,9
1727,5
1603,9
1389,1
1469,3
1505,5
1505,6
1180,4
944,5
740,1
731,8
792,1
851,8
1013,9
1582,4
1732,6
1949
1860,4
2088,4
2060,7
1981,6
2043,2
2071,7
2111,3
2219,1
2362,1
2224,2
2021,4
1989,8
1935,9
1698,2
1408
1290,9
1331,5
1211,1
1044,4
1092,1
1461,7
1646,4
1906,3
1890,6
1729
1776,8
1635,9
1627,5
1484,5
1182,5
866,3
765,4
903,7
699,7
469,9
97,1
351,5
160,6
240,7
96,9
-169,5
-204,5
-113
-74,7
-87,7
12,6
263,3
344,4
330
202,4
28,3
230
356,8
196,8
65,8
-103,8
-166,4
-160
-228,1
-224,3
-268,4
-104,7
-111,6
-347,4
-358,8
-224,8
-217,5
-98,5
4,9
115,9
235
555,3
882,9
1019,4
1017,8
883,9
803,2
660,2
854,2
790,4
869,9
852
710,4
716,1
623,7
483,7
461,3
495,6
-3,2
-95,6
-111,8
-155,9
-131,7
181
255,1
232,1
321,1
192,7
-13
-199,9
-171,9
-104,7
-103,7
-159,5
137,1
363,1
322,5
450,9
506,2
442,2
405,7
687,2
715,9
804,5
876,3
943,9
1242
1711,6
1891,8
1787,5
1752,9
1675,7
1597,8
1609,3
1588,4
1606,7
1462,6
1382
1549,3
1309,4
985,6
902,2
716,1
523,5
209,5
443,5
568,2
387,8
443,9
621,8
751,2
1023,3
1081,5
1236,9
1340,8
1393,8
1212,9
1185,4
1025,1
1092,3
1297,1
1410,9
1799,1
1735,2
1507,7
1487,7
1471,3
1336,1
1062,8
694,4
748,6
662,4
391,7
442,9
733
972,2
1169,9
1250,3
1424,6
1549,1
1490,2
1599
1711
1694,7
1685,5
1686,9
1969,4
1905,9
1728,3
1754,3
1605,5
1303,3
1064,9
819,8
663,1
580,2
552,4
637,5
857,8
1381
1687,5
1728,3
1656,8
1708,7
1622,6
1716,7
1845
1916
1843,7
1891,3
2029,4
1873,5
1816,8
1787,9
1629,4
1326,9
1122,7
944,8
761,9
765,6
816,2
931,3
1020,8
1627,6
1737
1619,4
1623,9
1646,5
1412,2
1749,7
1818,8
1798,4
1843
1856,7
2213,9
2220,1
2054
1936,8
1736,2
1542,2
1228,9
881,2
713,9
758,9
722,5
677,7
676,7
863,6
1052,8
1278,8
1484,7
1480,4
1335
1058,8
958,6
932,8
970
1011,2
1254,4
1278,7
1084,6
1032,9
803,4
664,7
477,5
335,1
144,1
-63,5
-180,9
-274,3
-300,5
-164
-19,9
65
47,5
215
236,9
227,1
334,5
308
292,8
489,4
822,3
965,9
753
354,2
-63
-480,3
-693,4
-1034,6
-1317
-1381,6
-1243,7
-932,4
-394,5
-161,3
125,5
95,7
-3,6
-100,1
-362,2
-289,7
-104,3
25,2
-78,5
119,9
430,1
611,1
587,4
583,9
485,3
318,9
69,4
-248,1
-331,2
-257
-115,9
-227,6
-246
25,1
448,8
471,9
465,4
560
598,8
405,6
228,1
408,5
277,2
404,5
650,7
820,9
792,6
1081,5
658,8
791
516
542,8
441,3
339,1
350,8
487,4
820,3
1314,3
1454,9
1538,3
1524,6
1543,9
1526,6
1728
1789,3
2031,4
2130,9
2021,5
2161,9
1935,1
1811,8
1889,2
1846,9
1641,8
1390
1161
983
938,5
908,5
954,3
1179,6
1579,4
1672,7
1736,7
1632,2
1667,7
1612,4
1570,8
1736,3
1836
1679,9
1732
2009
1501,9
1553,5
1659,2
1691,1
1475,6
1473
1342,6
1397,4
1321,8
1291,6
1284,8
1540,6
1983
2052
1695,7
1740,8
1944,5
1892,9
1887,5
1955,2
1889,4
1772
1814,5
2063,6
2077,6
1969,8
1891,1
1897,7
1786,5
1562
1443
1268,2
1162,2
1024,8
979,3
964,5
1165,7
1300,1
1598,2
1665,7
1536,6
1409,7
1405,6
1267,3
1136,5
1037,5
998,1
1254
1313,7
1207,8
1127,4
1236,7
1079
904,4
860,6
885,9
870,2
752,4
673,7
534,8
563,2
694,4
877,8
536,1
199,8
19,9
-238,2
-561,1
-719,8
-826,7
-848,6
-468,6
-491
-635,5
-783,3
-745
-771,4
-859,2
-986,3
-992,5
-951,3
-834,8
-769,3
-434,4
-254,3
-396,9
-727,2
-816,8
-534,6
-289,6
-234,8
318,2
213,6
69,2
-133,2
421,3
371,1
437,9
500,5
704,7
765,6
560,3
474,9
625,6
470,3
504,1
653,3
633,2
913,6
906,8
975,4
988,7
1027,4
890,4
951,6
902,3
871,4
812,9
857,4
960,5
924,5
743,7
587,2
678,7
582,2
406,7
280,4
469,8
393,7
399,5
333,9
466,2
849,6
720,5
451,1
302,5
813,3
775,9
762,3
815,3
744,6
335,9
509,7
804,9
508,5
346,1
241
406,9
240,4
196
147,1
205,8
172,7
162,9
122,7
360,4
839,1
733,8
774,2
946,4
1085,7
950,5
1036,1
1123,5
1072,9
929,8
745,5
941,2
898
698
787
786,6
901,2
484,9
384,9
478,7
519,7
471,5
460,9
425,8
661,3
718,6
772,3
652,7
592,8
613,2
621,1
623
623,7
528,8
583,4
756,3
759,4
564,9
608,4
652,5
623,4
443,2
294,1
130,4
225,5
372
394,6
451,4
488,3
627,1
756,3
783,5
789
758
807,2
731,3
641,3
591,4
682,8
850,8
677,9
516,7
350,8
399,1
341,5
404,5
441,6
507,1
417,6
432,6
431,5
545,9
577
610,7
742
479,3
327,7
272,8
496,4
549,3
609
591,6
681,1
687,6
736,2
725,4
297,1
506,6
12,4
217,7
390,2
410,5
377,2
495,6
559,8
488,5
473,5
576,2
623,6
554,2
772
946,9
1184,7
1237,6
1075,7
1004,5
713,1
302,4
10,2
-127,7
-152,4
66,9
323,7
427
331,5
276,8
407
441,3
541,2
329,3
681,6
610,2
627
657,8
702,6
641,2
651
927,1
1214
793,8
559
762,5
450,8
315,5
205
201,6
101
-101,7
-311,3
-313,6
-318,4
-136,3
80,5
73,1
425,8
307,2
313,4
402,4
637,2
776,4
911,3
1049,3
1016,5
704,3
680,2
342,8
-93
-301
-232,6
-86,3
-156,2
-422,1
-552,9
-581
-550,4
-555,7
-409,1
-307,9
-17,2
371,3
304,1
248,5
89,6
54,2
88,8
8,3
-132,1
-217,6
-143,5
-35,4
-43
-57,9
-185,5
-220,2
-300,8
-524,3
-689
-712
-633,2
-628
-592,1
-545,8
-394,2
-96,9
-240,3
-278,4
-334,5
-408,6
-385,9
-446,8
-524,4
-397,3
-482,3
-423
-284,1
-308,5
-538,3
-552,4
-375,4
-372,1
-321
-737,6
-653,8
-540,3
-537
-371,6
-132,6
-90,6
-95,1
31,9
73,9
41,9
50
373,6
428,1
328
393,7
782,5
679,8
540,3
526,6
337,3
120,3
242
87,4
180,5
201
191,2
208
238
421,2
648,8
898,2
1073,1
1082,5
850,1
715,1
611,6
541,4
525,1
715,8
1073,2
1166,1
814,7
460,6
274,9
-62,1
-365,7
-527,3
-478,4
-264,9
-117,7
-108,1
-128
276,3
602,4
575,9
585
603,3
554,9
484,1
386,3
321,4
331,9
340,7
606,5
609,4
666,3
443,9
245,2
24,8
-215,7
-293,2
-219
-178,2
-122
0,1
82,9
515,4
802,5
733,4
801,3
769
641,9
445,6
351,4
460,7
469,5
461,7
707,2
686,2
553,6
135,2
-152,5
-277
-413,7
-426,4
-574
-568
-271,6
-304,9
-173,3
427,8
871,3
589,7
605,9
634,2
569,2
560,9
614,3
518,3
691,8
595,5
946,6
1015,6
1146,3
1114,6
1226,2
958,9
507
443
435,4
411,8
468,3
422,2
525,4
1026,4
1327,2
1323,8
1094,2
1151,5
1146,3
973,3
1016,3
982,3
832
789,8
841,7
762,5
607,8
293,7
-47,6
-198,4
-608,1
-882,8
-1101,8
-1069,9
-1058,6
-1157,4
-966
-893,1
-444,9
-331,7
-371,6
-185,9
-154,5
-106,2
-129,9
-376,6
-497,6
-447,2
-338,8
-315,6
-467,8
-733,3
-1050,6
-1213,5
-1247,3
-1411,7
-1469
-1505,2
-1527,2
-1489,7
-1378,6
-1295,4
-1389
-1085
-954,7
-1073,9
-1069
-1024,6
-1080,7
-1088,2
-1074,1
-984,4
-983,9
-967
-1107,5
-1251,9
-1163,3
-1226,5
-1286,4
-1318
-1323,8
-1378,4
-1288,5
-1122,8
-750,9
-524,9
-192,4
70,6
380,7
551,6
759,4
789,1
767,5
811,2
910,6
1054,6
1485
1416,6
1256,9
1054
944,6
666,6
376,5
285,7
132,9
169,4
253,3
148,3
235,2
517,8
710,8
755,5
786,1
788,1
709,4
629,2
702,9
664,2
653,4
657,9
750,7
891,9
733,2
688,4
619,6
288,5
31,8
-150,3
-151,6
-160,9
-102,7
-102
34,4
374,7
478,8
471,3
543,8
648,7
776,5
640,6
725,7
654,6
610,8
590,2
1056,9
1058,2
889,6
747,6
617,2
568,9
450
318,1
286,5
222,7
233,9
228,7
290,6
847,1
796,3
856
899
972
984,3
1016,6
1102,2
991,4
871,7
881,9
1039,4
1031,1
764,1
873,9
884
636,7
164,4
-61,9
-193,9
-271,6
-305
-291,2
-287,4
276,5
662,7
581
764,3
990,1
893,6
933,4
838,3
716,7
557,9
321,3
473,5
363,1
-17,7
-327
-622,5
-808,2
-1115,6
-1357,9
-1450,8
-1454
-1407,7
-1254,9
-1230,8
-961,3
-478,9
33,4
460,9
736,5
769,4
781,1
632,5
657,4
645,6
806
1025,2
1178,3
917,3
788,4
739,8
404
162,1
-0,6
-288,3
-333,6
-361,3
-397,6
-301,1
-183,1
62,4
158,6
340,3
326,9
112,2
68,4
44,1
146,7
-162,8
-194,1
-79,2
-57,8
-325,3
-448,4
-515
-500,7
-514,7
-604,4
-655,6
-581,5
-523,2
-614,2
-703,6
-576,4
-222,4
-80,4
-53,5
21,7
33,1
70,5
131,8
176,1
397,4
621
1060,5
1084
650,7
469,2
205,1
-27,4
-386,7
-51,4
-34,5
-67,8
-298,2
349,9
266,1
490,7
555,2
468,9
429,6
452,5
481,9
581,2
616,2
535,4
503,9
515,7
624,6
354,3
371,1
180,5
-139,4
-451,3
-459
-695,1
-625
-655,4
-526,2
-545,7
-737,8
-730,7
-179,3
-89,3
-114,2
-55
-111,6
-210,9
-46,7
-107,4
-443,6
-420,3
-534,2
-435,8
-625,7
-951,5
-608,6
-888,4
-936,3
-578,1
-533,8
-424,7
-334,4
-171,8
-119
-352,1
153,9
184,7
236,8
106,7
-130,3
-173
-77,9
-206,5
-326,7
-301,7
-240,7
-676,8
-1043,9
-1331,2
-1185,6
-1193,4
-1443,1
-1154,1
-1158,5
-1163,8
-993,9
-1035,7
-967
-877
-345,8
-397
-267,8
-360,9
-666,8
-802,2
-646,4
-600,1
-952,7
-1029,8
-461,9
-142,8
-163,3
-229,5
-292,1
-247,6
-154,5
99,8
225,3
298,8
316,8
556,1
880,2
1158
1532,8
1391,1
1409,5
1437,7
1250
877,8
625,3
455,7
99,5
-126
-22,1
-376,9
-443,6
-832,8
-773,2
-1192,4
-1208
-1350,7
-1075,1
-1136,6
-1173,9
-1028
-1132,8
-1230
-1261,6
-1563,7
-1367,2
-1434,6
-1453,5
-1244,6
-826,4
-647,3
-474,5
-365,7
-215,3
-280,5
-557,9
-349,6
-260,3
-486,6
-501,2
-564,7
-714,3
-1577,8
-860,3
-901,6
-945,6
-922,8
-713,6
-586,5
-622
-618,3
-701,3
-794
-693
-549,2
-445,1
-333,3
-22,2
-381,4
-481
-571,8
-805,3
-1035,8
-844,9
-1466,6
-1445,1
-1408,5
-1225,1
-1058,9
-863,2
-479,9
145,9
339,9
262,7
21,9
-369
-676,9
-796,6
-976,4
152,1
392,5
-170,1
-461,2
-1297,7
-1161,5
-1065,1
-1047,5
-973,7
-940,1
-922,8
-981,7
-1046
-926,2
-828,8
-575,5
-405,2
-375,4
-530,9
-676
-733,9
-648,7
-604,2
-664,5
-1044,3
-790,5
-68,7
-10,4
36,2
-112,8
-438,4
-697,7
-358,8
-369,1
-752,3
-868,5
-943,3
-1048,5
-1030,4
-653,1
-212
-96,6
19,7
96,5
-91,2
-168,6
-126,1
-178,4
-221,9
-53,8
372,2
299,6
130,5
-155
-489,8
-567,3
-1041,9
-1151,8
-1475,7
-1771,8
-1912,1
-1916,4
-2063,4
-1693,4
-1247
-848,8
-533,7
-198,2
-124
-115,8
-263
-519,9
-459,6
-110,9
305,9
125,2
-145,1
-297,8
-608,2
-830,8
-1062,9
-1115,8
-752,6
-743
-842,1
-694
-471,4
-255,2
-344,4
-302,4
-467,6
-474
-411,2
-529,3
-325,9
-252
100,3
460,9
934,2
796,7
417,5
246,6
259,7
-94,5
-143,7
-121,9
-92,7
70
-6,7
-122,2
-169,9
113,2
492,8
926,1
1093,6
1311,3
1230,9
1209,6
1227,6
1190,7
1158,2
1347
1624,9
1404,4
1073,6
656
231,6
-370,2
-482,1
-876,2
-1252,7
-1569,8
-1676,8
-1761,9
-1794,9
-1479,4
-1275,7
-1094,8
-963,8
-1122,4
-1277,7
-1412,4
-1489,7
-1443,2
-1402,3
-1188,3
-745,1
-759,9
-1116
-1401,3
-1599
-1806,6
-1933,7
-1959,2
-2009,9
-1890,4
-1722,5
-1573,9
-1205,1
-456,9
-21,3
178,6
245,4
508,8
695,2
966
1231
1439,5
1535,3
1610,6
1880,2
1455,1
1321,4
1008
637,4
102,5
-4,7
-242,9
-360,4
-743,5
-552
-671,2
-559,8
-303,2
-35,6
-0,2
-12,1
37,1
34,7
-10
170,3
561,1
719,6
949,8
1413,8
1361,5
1302,9
981,6
786,4
524,2
293
350,4
248,6
238,9
372,2
315,3
594,6
1270,3
1777,1
1843,8
1720,6
1460,9
1320,3
1114,9
908,3
962,1
1009,5
1104
1370,4
1167,7
884,6
852,9
768
467,1
213,2
93,1
-144,4
-154,8
-119,1
-74,7
197,9
864,4
1335,3
1378,5
1321,6
1258,2
967,2
545,9
131
-181,4
-316,8
94,5
600,1
517,8
367,5
272,9
76,4
-373,2
-699,1
-585,7
-551,6
-512,3
-475,2
-470,7
-562,3
-373,1
199,3
288,9
295
305,5
219,3
95,4
14,7
-37,6
79,8
371,8
810
505,5
204
204,8
258,1
74,9
177,7
-176,7
-190,1
-327,8
-387,8
-407,7
-361
-324,3
-418,7
-356,3
-324
-290,5
-490,5
-572,2
-954
-1031,3
-1461,5
-1483,1
-1239,1
-1366,8
-1521,3
-1401,5
-1156,7
-666,2
-423,4
-205,8
-102,4
-15,7
163,6
-36,3
-316,4
-219,5
14,7
288,8
287,4
212,7
334,4
219
75
53,9
54,4
561,8
985,3
785
378,9
213,3
37
-8,4
-118,8
-277,7
-264,4
-194,5
-51,1
150,7
467,8
1061,7
1464,6
1048,9
976,7
904,2
784,3
638,9
722,6
636,3
290,8
283,1
438,3
-214,8
-788,3
-1261,1
-1525,8
-1941,3
-1991,7
-1868,7
-1868,2
-1893,5
-1761
-1661,9
-1649,3
-1101,6
-201,5
141,2
257,3
309,5
343,8
441,4
525,3
433,9
403,4
517,6
922,5
677,6
376,2
23,8
-256,2
-654,9
-1062,9
-1020,4
-991,1
-1136,7
-1169,7
-1184,2
-1201,7
-983,2
-318,3
-350,7
-428,7
-371,9
-554,4
-821,6
-806,3
-762,5
-594
29,8
896
951,3
966,6
942,7
553,4
82,6
-299,4
-560,3
-774,8
-602,7
-659,4
-891,4
-827,3
-615,6
-72,3
11,5
78,4
50,3
-80,4
132,6
277,8
457,2
634
774,8
931,9
907
949,6
901,6
814,4
653,3
373,5
246,4
210,7
249,5
282,6
343,3
551,5
724,7
436,2
633,7
707,6
762,7
497,4
284,1
109,9
163,2
170,7
422,5
493
316,3
-433,3
-1024,5
-1637,5
-2076,1
-2291,6
-2499,8
-2407,6
-2645,9
-2535,1
-2310
-2098
-1669,3
-1409,7
-1464
-1226,7
-1180,6
-1410,3
-1475
-1513,1
-1507,3
-1434,2
-1243,4
-872,9
-1156,5
-1472,7
-1537,6
-1447,1
-1761,9
-1728,8
-1715,7
-1603,8
-1785,7
-1551,6
-1332,8
-1344,5
-979,2
-631,1
-482,1
-297,2
31,6
50
15,7
183,8
427,1
733,9
1032,7
1516,9
1407,4
1187,2
1027,9
738,5
352,5
22,9
-64,9
-324,1
-428,3
-116,2
53,4
-38,2
250,7
675,9
611,6
614
728,9
587,6
637,3
601,4
778
756,4
834,3
858,6
877,9
614,2
511
233,9
-24,3
-198,7
-583
-708,3
-735,6
-692,1
-464,9
-289,9
163,8
920
730
645,1
771,4
855,6
830,9
904,8
905
748
895,6
1036,8
1056,2
718,8
673,7
659,9
412,7
70,1
-62,6
-140
-104,4
-49,8
40,8
263,6
721,9
1006,2
590,8
519,3
532,5
475
711,2
729,9
741,8
762,4
1001,2
1164,4
997,2
817,8
653,4
478,6
207,7
-190,1
-452
-502,2
-523
-505,3
-432,5
-313,7
110,8
577,6
660,5
777,8
869,6
854
893,3
972,3
774,7
684,4
889,2
1133,5
962,5
571,7
530,6
255,1
117,5
-266,2
-329,6
-443
-510,1
-484,5
-454,7
-299,4
204,3
644,3
638
704,5
893,2
904,5
723,8
620,8
578,6
535,7
956,9
1140,5
1096,7
975,7
890,1
797,5
450,9
309,2
-31,9
-148,1
-121,6
-139,8
-145,4
-180,2
-34,3
250,4
438,1
528,3
437,8
321,5
249,4
173,8
108
154,5
583,9
933,5
761,6
352,8
106,3
-31,8
-155,2
-304
-718,9
-1057,3
-1267,4
-1426,6
-1560,1
-1479
-1075,4
-828,6
-889,8
-894
-951,2
-787,5
-666,7
-573
-350,4
-129,3
410,3
1020,7
1034,3
1063
607,6
296,3
-28,4
-334,9
-568,9
-537,2
-625,1
-499,1
-466
-196,5
324,3
683,1
636,5
556,7
494,4
213,7
118,9
195,6
262,1
331,5
666,3
1030,4
1013,8
849,1
865,5
771,4
460,5
189,7
-1,9
27,8
104,4
179
201,2
457,4
760,6
984,3
821,2
894,9
967,2
890,4
924
820,6
687,3
501,7
612,4
829,5
383,6
60,3
-294
-418,1
-588,9
-1183,5
-1546
-1613,3
-1895,1
-1998,1
-2031
-2052,7
-1902,9
-1332,3
-1266
-1201,3
-977,9
-837,9
-1050,7
-1103,9
-1239,8
-1528,1
-1509,7
-1173,9
-1290,8
-1534,5
-1753
-1959,8
-2083,6
-2102,9
-2023,4
-2170,9
-2311,2
-2366,7
-2242,9
-2293,5
-1711,1
-1469,5
-1500,5
-1485,3
-1566,4
-1720,7
-1728,4
-1809,6
-1795
-1811,6
-1604,1
-1267,2
-1360,7
-1553,4
-1530,6
-1350,4
-1165
-1216,2
-839
-519,5
-447,6
-338,6
-199,4
19,6
180,8
586,5
529,2
404,7
369,7
47,2
-114,3
-291,3
-571,8
-847,2
-581,2
-466,8
-526,5
-725,1
-673,3
-864,6
-673,8
-776,6
-621,4
-740,5
-717,3
-741,2
-643,7
-364,2
-286
-124,8
140,5
422,2
423,7
377,5
240,7
128,1
-39,8
-85,4
30,4
196,2
-61,5
-318
-376
-753,9
-1257
-1534,8
-2008,3
-2275,6
-2478,9
-2616,8
-2600,1
-2538,4
-2394,7
-2100,8
-1881,1
-1939,2
-1913,1
-2024,7
-2242,3
-2059,5
-1875,3
-1798,8
-1360,6
-1172,5
-950,9
-835,7
-720,6
-411,3
-334,5
-418,4
-190,8
-168,5
-222,2
-116,8
120,2
363,2
783,9
780,4
610,2
913,8
1062,6
1026,1
865,7
761,7
642
692,6
708,8
712,2
687,5
740,6
429,1
425,1
72,7
-511,3
-794,8
-948,6
-820,4
-839,1
-1159
-953,4
-320,5
439,2
649,7
534,9
499,4
357,1
86,4
107,9
68,8
78,4
79,7
181
36,2
-38,6
-389,5
-610,8
-1037,7
-1590,7
-1681,7
-1945,1
-2022,6
-2189,6
-2313,1
-2020,9
-1653,8
-669,4
-151,9
-310,1
-273,3
-333,4
-586,4
-680,4
-672
-753
-617,7
-674,4
-952,8
-1310,4
-1705,8
-2057,8
-2479
-2895,7
-2538
-2318,3
-2217
-2373,7
-2316,2
-2484,2
-2474,9
-1991,8
-1952,8
-2101,2
-2063,7
-1760,4
-1452,3
-907,3
-757,4
-489,6
376,1
1009,3
1300
713,5
547,9
190,9
115,1
361,3
-108
-123,7
-290,3
-291,8
-493,6
-632,3
-825,5
-567,9
-538,7
-652,2
-676,8
-945,3
-1223,1
-1518,3
-1629,7
-1817,8
-1594,5
-1293,3
-1552,2
-1907,8
-1999,9
-2234,1
-2342
-2019,2
-2071,7
-2370,9
-2333,7
-2304,6
-2233
-2039
-2036,9
-1817,1
-1576,4
-1429,5
-1375
-1553,5
-1727,1
-1617
-1243,6
-844,1
-235,1
164,2
71
20,5
48,4
-53,7
-100,3
-314,8
-482,5
-719,6
-868,8
-987,7
-1280,5
-1493,7
-1655,7
-1642,1
-1923
-1880,2
-1928,6
-1889,3
-1941,5
-1438,5
-1251,9
-1182
-1493,2
-1236,9
-1133,2
-865,3
-790,3
-300
-473,6
-779,7
-426,1
-277,2
-187,3
-112,9
-242,3
-265
255,5
973,1
1286
1340,6
1491,8
1491
1065,8
1124,1
974,1
862
1039,7
1177,4
981,1
974,7
798,4
875,2
759,2
410,7
238
306,6
165,8
134,5
-122,1
-0,1
531
897,2
1005,8
1002,5
1053,5
929,8
816,5
764,8
627
358
476,9
639,4
477,3
253,7
280,6
50,5
-115,6
-526,3
-419,5
-416,1
-582,7
-450,3
-352,2
-589
-76,3
560,7
734,6
732
771,4
703,7
380,9
424,9
344,5
296,4
649,2
614,2
433
408,9
398,2
367,5
-194,6
-480,4
-544,5
-698,5
-749,1
-793,4
-810,5
-647,5
-15,3
448,1
432
257,9
102,3
-138,6
-333,1
-378,7
-239,1
-311,6
-318,8
-60,8
-273,2
-469
-831
-1029,2
-1091,3
-1309,9
-971,6
-838,6
-637,3
-328,8
28,8
310,8
693,9
1185,9
1335,2
1447,6
1525
1565,3
1572,8
1381,2
1228,1
1038,5
1028,2
1031,7
882,1
846,1
683,5
359,2
238,9
-205,7
-254,9
-398
-633,3
-713,3
-755,6
-688,8
-690,3
-195,1
434,9
689,2
579,8
746,5
674,7
593,2
505,2
672,4
891,8
773,7
472,7
175,9
80,5
-200,1
-592,3
-780,7
-1437,1
-1664,8
-1975,6
-2018,7
-1964,3
-1944,9
-1771,2
-1577,1
-1554,8
-1334,5
-851,3
-580,8
-316,3
-165,4
65,4
29,8
208,3
316,9
154,9
-215,4
-773,3
-1083
-1517,6
-1733,8
-1978,2
-1779
-1717,5
-1759,8
-1837,3
-1962,8
-1654,2
-1088,7
-1070,3
-887,6
-995,3
-1029,3
-1061,4
-989,9
-1074,5
-1352,1
-1164,7
-720,2
-826,1
-834,3
-771,1
-559,9
-568,9
-571,7
-180,2
-34,8
-109,7
-79,3
-164,3
33,7
554,2
929,1
1224
1209,8
1316,4
1285,5
1234,6
1111,7
1178,6
1264
1357,9
1612,7
1561,3
1465,7
1539,7
1561,3
1296,9
918,9
716
590,2
327,6
243,3
241,3
216,5
384,6
686,8
685,7
558,3
431,1
317,9
396,9
394,6
324,2
294,7
459,5
601,8
543,8
409,4
245,6
179
-255,2
-601,7
-915,5
-1113
-1298,7
-1461,1
-1499,7
-1596,5
-1254,2
-1001,2
-713,3
-663,9
-751,8
-581
-334,9
28,6
222,6
131,1
418,2
992,2
1030,7
621,7
55,1
-126,8
-288,1
-623,9
-942,5
-1217,4
-1165,3
-1229,5
-1438,5
-1303,1
-1029,9
-531
-50,5
63,7
-40,8
-103,4
-357,4
-424,3
-567,7
-578,7
-138,3
-123,9
-427,4
-808
-949,5
-1257,3
-1477,7
-1949,7
-2005,7
-2076,6
-2237
-2426,7
-2539,6
-2588,2
-2402,1
-1990,4
-2141,3
-2117,5
-2019,3
-2015
-1976,2
-1972,4
-2037,3
-1938,7
-1623,1
-1503,8
-1827,1
-2130,8
-1969,6
-1676,5
-1871,3
-1888
-1556,1
-1234,6
-1254,4
-1295,4
-1221,4
-1080,3
-730,9
-797,2
-1112,8
-1089,6
-1173,2
-1414,7
-1609,5
-1287,7
-1316,4
-1372,9
-1052,9
-1095,8
-1324,4
-1392,7
-1270,1
-1220,4
-1349,8
-1434,6
-1329,5
-1289,9
-1368,6
-1356,1
-1322
-1396,2
-1230
-1478,4
-1317,2
-1052,7
-1029,3
-1327,7
-1362,5
-1264,1
-1209,1
-1178,5
-1223,2
-1337,6
-1725,7
-2158,4
-2113,9
-1869,5
-2099,3
-2202,8
-2033,3
-1600,8
-1575,3
-1464,1
-1084,7
-989,5
-836,6
-1377,8
-1320,6
-1337,5
-1606,9
-1627,3
-1656,4
-1613,4
-1272,5
-1108,2
-859,8
-727,1
-1091
-990,8
-964
-959,5
-1020,9
-825,1
-790,9
-502,4
-487,4
-348
-22,3
-77,5
-142,2
4,4
93,7
-264,7
-736,1
-1052
-1251
-1419,7
-1426
-991
-436,4
-162,7
-252
-174
-226,8
-297,3
-378,3
-364,3
-454,4
-342,1
-195,4
-161,9
-75,9
8,4
250,2
693,6
788,5
634,9
899,2
954
922,3
713
743,3
840,5
1007,7
1147,9
1102,3
917,4
745,3
538,2
407,8
316,4
714,2
707,5
417
297,9
38
-231,7
-670,4
-1150,1
-1312,6
-1672,9
-1622
-1867,4
-1878,4
-1797,3
-1867,9
-1970,4
-2172,8
-2014,6
-1911,1
-2221,9
-2272,3
-2136,8
-2136,2
-2063,3
-1774,2
-1408,7
-1447
-1380,2
-1607,9
-1492,3
-1354,5
-1090,7
-826,3
-1039,8
-1099,6
-1231,6
-1394,5
-1384,4
-1653,6
-1374,8
-1033
-504,3
-624,5
-890,7
-1008,9
-990,1
-1235,7
-1324,1
-1096,3
-919,1
-797,3
-800,7
-803,8
-845,4
-880,3
-779,4
-700,7
-865,4
-880,3
-1000,6
-956,1
-694,3
-409,6
-291,4
2,5
332,3
263,3
-6,3
-317,4
-515,8
-670,8
-825
-838,9
-754,5
-689,6
-652,5
-720,7
-831,6
-862,7
-913,1
-744,4
-743
-847,3
-1079,8
-1237,6
-1383,2
-1438,9
-1429,7
-1368,5
-1314,2
-1420,7
-1582,4
-1847,8
-2096
-2404,8
-2460,4
-2455,5
-2443,7
-2389,7
-2307,1
-2200,7
-2085,2
-1818,1
-1567,1
-1259,5
-1065,9
-915
-807,4
-718
-586,6
-648,2
-537
-146,2
116
-242,4
-820,1
-940,5
-779,8
-1080,5
-1134,6
-2455,5
-2443,7
-2389,7
-2307,1
-2200,7
-2085,2
-1818,1
-1567,1
-1259,5
-1065,9
-915
-807,4
-718
-586,6
-648,2
-537
-146,2
116
-242,4
-820,1
-940,5
-779,8
-1080,5
-1134,6
