3530,2
3345,9
3131,3
2984,3
2873,9
2858,6
3022,4
3173,3
3147,4
3315,4
3566,7
3597,5
3640,4
3628,5
3662,3
3755,5
4139,4
4498,6
4461,9
4199,6
3909,8
3738,6
3431,8
3202,5
3015,3
2928,4
2854,2
2966,9
2924,8
3136
3676,9
4373
4763,5
4833,6
4891,2
4824,7
4733,1
4744,6
4717
4699,8
5044,3
5493,2
5281,9
4909,1
4533,6
4149,4
3786,2
3454,7
3343,4
3150
3103,4
3133,3
3300,1
3505,2
4106
4811,7
5068
5018,9
5078,1
5035,7
4911,8
4911,8
4872,7
4827,5
5129,1
5560,5
5324,5
4972,3
4605,2
4267,8
3906,1
3539,4
3336,4
3196,8
3151,9
3145,1
3187,8
3429,9
3976
4751,7
5108,8
5104,9
5152,7
5138,4
5014,6
4919
4783,1
4725,1
5004,9
5354,9
5154,5
4729,5
4315,6
4002,1
3707,6
3469,7
3232,6
3043
2937,9
2895,7
2921,3
2994,1
3152,2
3441,4
3713,2
3953,5
4139,7
4153,3
4106,6
4013,9
3987,2
4072,1
4469,3
4893,8
4793,6
4395,4
4079,6
3780
3525,7
3268,3
3014,3
2899,6
2821,9
2778,2
2784,8
2839,2
3001,3
3239,7
3571,6
3813,2
3977,3
4076,8
4072,8
4082,7
4119,8
4167,5
4470,3
4890,6
4781,8
4501,7
4143,3
3846,3
3541,6
3215,7
2999,8
2910,4
2863,2
2876,6
2943,2
3225,5
4020,9
4893,9
5208,6
5166,3
5219,4
5201,2
5118,7
5136,6
5096,9
5023,2
5259,2
5624
5386,6
5018,9
4630,7
4270,7
3881,2
3460
3196,3
3060,9
3011,5
3022,4
3091,8
3374,5
4125,8
4975,1
5252
5213,4
5272,8
5239,9
5154
5159,1
5110,9
5021,6
5260,2
5624,9
5370,6
4996,1
4651,9
4316,3
3927,8
3478,5
3202
3043,5
2972,8
2980,7
3056,1
3366,2
4133,1
4995
5303,7
5278
5340,4
5327,1
5214,5
5226,8
5147,9
5046,7
5252,9
5658
5427,4
5076,9
4716,6
4345
3956,2
3590,9
3354,9
3269,5
3266,8
3272,7
3262,8
3516,6
4258,8
5167,7
5453
5385,9
5389,4
5358
5288,9
5351,3
5318,5
5213,8
5431,5
5817
5546,2
5208,5
4873,8
4535,8
4128,5
3705
3430,3
3312,4
3262,9
3278,9
3333,6
3579
4361,1
5220,7
5513
5464,6
5501,4
5375,1
5151,9
5028
4872,4
4815,3
5107,2
5612,2
5464,2
5027,8
4613,1
4332,9
4011,3
3699,8
3416,2
3231,1
3165
3138,1
3163,3
3215,5
3400,4
3754
4163,8
4455,1
4583,3
4570,2
4498
4437,2
4405,9
4455,1
4760,9
5213,7
5072,1
4694,8
4360,3
4119,9
3863,2
3562
3352,6
3186,9
3113,8
3137
3153,1
3203,5
3350,1
3604,1
3900,2
4125,9
4242,9
4274
4212,2
4142,8
4137,5
4228,3
4619,3
5219,8
5153,1
4822,6
4452,4
4173
3872,7
3557,6
3345,6
3243,4
3193,2
3236,6
3311,3
3605,4
4369,3
5235,7
5530,5
5516,9
5572,7
5542,1
5428,6
5442,7
5384,9
5266
5430
5915,3
5684,6
5366,8
4992,2
4702,1
4298,2
3867,8
3566,9
3431,8
3404,9
3411,8
3484,9
3749,2
4508,6
5334,6
5587,9
5532,7
5600,3
5515,3
5391,8
5388,2
5316,8
5224,2
5397,9
5950,6
5802,4
5446,3
5102,9
4777,8
4373,2
3955,1
3683,5
3584,9
3567,7
3578,9
3657,8
3920
4705,2
5554,4
5766,3
5718,2
5775,6
5675,9
5537,6
5517,2
5436,2
5330,4
5520,9
6082,3
5884
5519,2
5175,7
4836,3
4442,5
3987,8
3723,7
3596,1
3557,3
3564,5
3664,1
3925,8
4669
5530,5
5746,8
5705,3
5747,5
5655,1
5509,3
5487,9
5418,6
5285
5453,4
6018,2
5821,5
5489,7
5157,1
4837,2
4427
3977,8
3709,4
3619,3
3569,8
3599,7
3657,8
3907,6
4647,1
5498,1
5718,9
5704,3
5769,5
5693,6
5502,7
5380,1
5217,4
5120,5
5339,2
5823,1
5643,7
5212,2
4798,3
4503,2
4248,8
3969,7
3703,5
3542,8
3434,9
3416,9
3437,4
3524,2
3748,4
4098,7
4442,3
4623,3
4741,8
4730,7
4624,5
4513,3
4436,6
4475,5
4745,7
5367,7
5278,6
4842,7
4534,1
4348,7
4109,5
3867,1
3637,6
3475,2
3392,6
3377,2
3392,4
3454,4
3641,1
3937,8
4223,3
4434,9
4487
4427,5
4355,8
4338,2
4342,6
4416,4
4737,3
5377,2
5301,8
4997,3
4745,4
4474,9
4156,5
3837,5
3600,7
3485,8
3453,2
3472,6
3560,9
3865,3
4591,4
5466,1
5698,6
5672
5662,2
5561,7
5424,4
5413,3
5368
5258
5452,1
6039,4
5849,1
5474,3
5076,9
4746,8
4379,3
4024
3747,2
3633,1
3583,4
3596,4
3696,8
3937,1
4649,3
5494,5
5707,4
5690,8
5738,2
5667,2
5523,2
5516,6
5437,5
5333,2
5482,6
6023,2
5812,2
5465
5074,3
4753,2
4351,8
3919,5
3648,1
3516,2
3492,3
3503
3588,6
3866,6
4636,6
5481,2
5667,1
5649,2
5678,2
5612,9
5507,6
5491,3
5404,8
5284,1
5394,4
6016,2
5810,5
5465,2
5125,5
4787,3
4437,2
4011,1
3716,2
3561,2
3497,6
3524,1
3633
3884,4
4661,9
5528
5711,6
5658,7
5651,9
5565,1
5401
5368,3
5292,5
5147,4
5318,6
5955,9
5808,4
5465,9
5133
4842,3
4482,8
4061,9
3817,8
3665,4
3620
3649,3
3746,9
4032,3
4770,7
5616,4
5820,5
5780,1
5806,9
5691,6
5491,5
5359,2
5196,3
5096,5
5280,3
5819,2
5681,9
5218,6
4787,6
4484,2
4232,1
4022
3738,9
3555,4
3470
3442
3460,2
3532,8
3744,7
4107,9
4452,3
4700,3
4833,8
4821,5
4753,5
4693,4
4630,6
4643,2
4875,7
5431,6
5302,1
4871,9
4562,2
4334,9
4079,5
3851,9
3605,5
3418,2
3323
3274,7
3274,7
3339,9
3504,6
3792,8
4051,1
4326,6
4478,9
4548,9
4552,6
4542,4
4538,6
4590,5
4854,3
5173,8
5105,6
4841
4534,4
4237,8
3877
3580,6
3381
3270,5
3243,3
3261,8
3359,6
3651,9
4336,4
5157
5382,4
5338,3
5340,6
5275,7
5151,2
5155,8
5108
5001,7
5122,9
5735,7
5550,4
5168,8
4803
4572,9
4184,3
3791,5
3564,3
3495,9
3463,9
3478,2
3513,6
3786,6
4507,2
5340,8
5523,5
5481,9
5454,6
5333,2
5211,6
5175,2
5103,5
5002,9
5115,9
5692,4
5507,3
5129,9
4719,2
4409,9
4068,2
3745,2
3509,6
3422,8
3399,4
3367
3412,6
3644,1
4303,1
5112,7
5321,7
5299,8
5358,7
5359,2
5123,9
5150,8
5127,7
5042,5
5113,9
5639,1
5498,6
5178,6
4847,7
4544,5
4162,1
3797,2
3612,3
3493,8
3470,2
3465,9
3487,9
3752,6
4411,2
5199,4
5350,5
5315
5322,2
5274,7
5164,4
5173,4
5111
4961,4
5029,6
5552,8
5388,9
5082,4
4808,2
4487,9
4074,9
3677,2
3420,4
3299,4
3241,9
3253,3
3342,5
3634,1
4333,3
5089,3
5273,3
5284
5358,4
5266,9
5079,6
4955,7
4798,9
4689,9
4827,5
5377
5284,3
4860,5
4447,7
4144
3841,2
3545,3
3281,3
3148,9
3113,3
3105,4
3118,1
3212,1
3440,9
3781,7
4034,4
4228,4
4264,3
4193,4
4057,8
3971,7
3959,7
3989,7
4197,8
4827,7
4902,3
4523,1
4233,9
4035,3
3806,4
3578
3334,7
3190,8
3124,3
3088,8
3113,5
3175
3354,2
3623,9
3882,5
4064,1
4187,9
4218,2
4233,6
4232,3
4256,6
4313,6
4505
5113,2
5106,1
4783,3
4431,4
4159,3
3836,3
3556,6
3328,2
3218,4
3165,5
3165,9
3236,2
3490,1
4210
5064,6
5309,4
5360,3
5420
5335,1
5192,8
5195,4
5090,5
4973
5053,5
5640,9
5553,3
5214,2
4863,9
4559,5
4144,3
3745,9
3511,3
3399,8
3355,3
3370,6
3435
3704,6
4376,3
5154,9
5265
5229,4
5267,6
5226,4
5120,1
5099,9
5034,4
4871,2
4930,8
5573,1
5499,4
5157,1
4771,6
4454
4085,1
3743,6
3480,9
3340,3
3296
3331,6
3421,7
3655,5
4336
5193,9
5349,6
5328,1
5325,8
5236,1
5128,6
5138,2
5066,2
4970,8
5061,2
5644,2
5549,8
5189,4
4810,7
4473,4
4105,1
3717,5
3437,2
3313,2
3264,4
3298,1
3373,9
3622,1
4367,7
5222,3
5401,4
5400,6
5465,6
5434
5337,4
5325,4
5245,6
5104,9
5158,3
5687
5590,5
5245,9
4864,6
4515,1
4148,7
3776,1
3514,4
3386,7
3339,5
3352,3
3435,6
3671
4377,4
5213,8
5401,8
5431,6
5469
5362,3
5181,7
5054,4
4870,4
4719,3
4824,6
5385
5376,1
4932
4526,9
4225,3
3954,2
3708,9
3450,7
3278,2
3206,5
3200,1
3225
3307,4
3529,9
3832,6
4116,5
4362,8
4491,8
4463,4
4367,4
4258,8
4190,1
4169,6
4349,3
4971,1
5082,3
4649,5
4313,1
4078,9
3877,7
3655,4
3434,4
3287,7
3213,8
3192,8
3214,4
3295
3460,1
3707,8
3973,5
4189,2
4240
4205,3
4159,5
4113,3
4069,6
4053,2
4220,7
4836,7
5006,1
4712,7
4425,5
4236,4
3938,2
3665
3439,6
3321,6
3289,6
3311,3
3389,1
3630,1
4208,4
4952,3
5237
5239,2
5220,4
5147,7
5095,9
5121,8
5077
4944,7
4988,2
5504,4
5509,8
5156,3
4785,7
4477,6
4129
3772,1
3549,8
3451,4
3397,1
3413,1
3485,1
3726,9
4323,5
5072,1
5317
5357,6
5399,6
5349,1
5206,7
5209,7
5149,7
5023,3
5031,1
5534,1
5536,8
5195,4
4832,5
4534,7
4160,5
3777,2
3544,6
3428,1
3370,8
3381
3438,2
3679,7
4360,8
5090,7
5295,2
5383
5425,6
5346
5201,6
5186,8
5110,2
4967,4
4982,3
5479,7
5517,5
5183,7
4874
4542,8
4178,2
3795,3
3595,4
3470
3416,3
3428,9
3518,2
3737,5
4326,4
5046
5320
5328,3
5341,1
5253,6
5140,2
5127
5054,2
4919
4975,6
5472
5508
5161
4783,5
4466,7
4114,3
3800,6
3548,6
3397,2
3320,3
3329,4
3400,2
3594,1
4186,9
4904,7
5190,8
5277,6
5329
5236,6
5054,1
4913,9
4750
4650
4746,3
5226,3
5258,8
4837,3
4434,4
4136,8
3849,4
3581
3351,8
3196,1
3113
3092,9
3116
3194,4
3382,4
3620,5
3938,1
4225,5
4351,7
4364,6
4276,2
4196,3
4119,9
4097
4270,1
4784,5
4886,5
4505,1
4158,4
3882,7
3661,1
3414,9
3198,6
3076,1
3009,6
2988
3005,7
3072,2
3210
3436,8
3693,2
3970,8
4082,4
4140,6
4065,8
4019,6
4022,7
4034,4
4168,3
4771,7
4968
4641,7
4292
3991,8
3697
3391,2
3211,3
3099,6
3066,3
3080,3
3136,9
3429,3
4183,3
4953
5178,7
5229
5282,2
5227,9
5138,4
5156,1
5069,1
4922,8
4958,4
5487
5465,4
5081,1
4690,8
4402,6
4067,2
3702,8
3437,6
3305,6
3256,9
3275,1
3355,7
3602,7
4253,2
4984,4
5199,3
5246,6
5305,4
5241,1
5128
5132,4
5064,1
4935,5
4953,8
5412
5513,5
5188,9
4841,9
4509,2
4131,3
3765,6
3503,1
3379,9
3340,5
3346,7
3424,4
3695,5
4358,6
5071,4
5288,2
5319,7
5327
5264,2
5158,1
5157,4
5102,9
4954,5
5003,6
5456,7
5522,1
5208,1
4853,3
4516,4
4156,1
3781,5
3509,2
3386,2
3321,3
3349,5
3428,9
3677,2
4384,4
5082,5
5283,2
5305
5321,2
5228,1
5071,7
5031,7
4947
4815,5
4814,2
5251,1
5433,3
5121,9
4799,5
4504,6
4149,9
3749,8
3533,8
3400,8
3349,1
3373,5
3456,3
3690
4390,4
5029,9
5218,3
5191,7
5207,6
5114,7
4961,7
4840,3
4669,8
4576,8
4674,1
5105,7
5273,6
4891,1
4521,6
4208,3
3910,6
3662,7
3400,3
3284,2
3207
3199
3213,9
3309,9
3520,5
3795,6
4128,6
4375,5
4461,6
4438,4
4345,9
4297,7
4236,9
4240,5
4386,2
4766
4937
4595,9
4292,9
4074,4
3826,3
3597
3429,1
3274,4
3182,7
3158,1
3175,2
3323,2
3490
3631,1
3944,4
4199,4
4322,7
4362,1
4321,2
4285,4
4247,9
4244,1
4350,3
4802,2
4979,4
4693
4374,4
4135,3
3820,4
3510,1
3315,4
3195,3
3161,7
3186,6
3263,4
3536,9
4251,8
4939,1
5178,2
5189,2
5214,2
5135,7
5007,2
5001,5
4933,7
4782,7
4764,8
5179,4
5362,2
5081,5
4706,6
4398,2
4023,5
3623,9
3367,8
3230,2
3194,2
3208,5
3288
3537,7
4276,6
4962,3
5172
5136,2
5124,6
5031,3
4869,7
4831,3
4732,8
4576,5
4585,8
4998,3
5272
5035,2
4679,2
4374,9
3991,2
3623,7
3392,8
3286
3246,1
3274,6
3374,5
3646,9
4389,4
5056,3
5224,3
5187,9
5201,7
5115,4
4953,1
4922,3
4829,6
4665,6
4700,7
5125,3
5334,7
5064,2
4728,2
4390,1
4011,8
3627,5
3363,4
3248,1
3193,9
3218,3
3335,5
3607
4301,9
4971,3
5173,2
5111,5
5112,2
5053,7
4915,2
4910,8
4852,8
4735
4772,2
5150,7
5276,7
5014,2
4669,6
4382,1
4040,7
3630,5
3458,4
3266,8
3220,9
3227
3321
3586,2
4285,1
4866,1
5024,9
4917
4871,3
4713,6
4493,1
4346
4149,2
4050,5
4159,9
4613,5
4946,3
4705,5
4356
4035,2
3767,4
3459,6
3218,7
3055
3011,7
2992
3013,2
3115,8
3356
3581,2
3892,3
4078,5
4192,1
4186,5
4127,6
4093,9
4170,1
4060,9
4209,5
4603
4813,9
4497,8
4157,4
3939,5
3710,3
3470,9
3250,6
3099,2
3016,6
2988,4
3005,9
3070,4
3221,8
3425,1
3672,8
3753,8
3740,4
3648,9
3576,2
3505,4
3478,5
3473,1
3603,7
4128,3
4608,2
4467,2
4127,9
3875,4
3545,8
3249,1
3059,7
3012,4
3010,5
3017,8
3108,2
3409,2
4188,2
4822,9
4968,2
4888,1
4818,2
4697,7
4564,5
4570,1
4463,2
4317,6
4372,3
4826
5131,7
4970,3
4581,7
4218,5
3859,6
3513
3293,5
3198,5
3158,1
3184,4
3264,9
3528,3
4195,3
4783
4921
4819,2
4803,5
4698,5
4509,7
4497,7
4428,8
4344,6
4419,3
4857,8
5116,2
4953
4594,7
4234,3
3895,6
3535,2
3318
3196,9
3159,4
3160
3198,5
3474,5
4213,4
4838,3
4991,2
4936,7
4909,3
4813
4691,5
4700,2
4633,1
4518,5
4584
4990,6
5142,1
4906,5
4541,3
4188,3
3801,1
3465,3
3262,6
3166,4
3203,8
3285,4
3353,9
3516,3
4149,4
4790,3
5034,2
4976,8
4970,8
4882,2
4775,5
4778,7
4728,4
4607,3
4671,8
5004,1
5197,7
5032,4
4719
4450,7
4076,3
3710,1
3484,6
3380
3331,2
3356,6
3420,1
3698
4346,9
4969,6
5167,6
5177,7
5206,2
5102,5
4899,2
4764,7
4562,1
4556
4533,5
4842,3
5064,9
4839,4
4474,6
4207,5
3920,2
3640,1
3419,6
3276,2
3211
3202,1
3210,1
3295,2
3469,4
3737,9
4012,8
4282,5
4360,3
4231,4
4124
4049,6
4030,2
4086,3
4104,6
4517
4769,7
4570,9
4282,2
4075,2
3846,3
3689,2
3458,3
3325,7
3266,7
3258
3293,4
3375,6
3518,4
3731,1
4001,4
4306,5
4419,8
4341
4270,4
4172,4
4163,4
4161,4
4347
4746
4957,9
4837,3
4509,7
4273,4
3954,2
3660,2
3512
3433,2
3419,8
3455,1
3521,5
3814
4492,4
5046,4
5242,8
5193,4
5176,8
5087,5
4931,1
4926
4848
4671,3
4686,3
5083,6
5323,8
5243
4839,4
4536,7
4174,5
3843,3
3626,1
3514,5
3470,5
3485,5
3585,6
3872,2
4494,6
5067,8
5172,3
5046
5034,1
4937,2
4811,3
4814,8
4747,5
4599
4634,5
5050,3
5256,7
5175,2
4821
4448,3
4046,8
3694,5
3496,1
3394,5
3349,4
3375,3
3463,2
3700,6
4327,6
4964,2
5250,6
5271,8
5309,5
5246,4
5128,7
5115,5
5047,6
4877,8
4865,9
5237
5352
5214,2
4857,1
4504
4111,4
3776,9
3576,5
3465
3441
3466,2
3553,1
3805
4381,1
5019,5
5209,3
5143
5153
5081,6
4922,3
4931,8
4847,7
4729,3
4748,6
5077,8
5259
5216
4903,9
4548,2
4159,3
3806,7
3588,7
3486,9
3455,4
3491,6
3571,4
3846,8
4458,4
5041,9
5188,8
5112,1
5071,9
4905,2
4702,8
4567,9
4455,7
4343,5
4364
4684,4
4930,4
4818,2
4450,5
4207,1
3966,8
3685,7
3466,4
3321,2
3252,5
3248,6
3285,2
3376,1
3526
3831,2
4103,7
4247,7
4307,2
4284,6
4242,9
4203
4187,1
4193,1
4300,6
4642,8
4802
4607,8
4334
4090,9
3825,4
3570
3430,7
3307,5
3243,1
3243,4
3273,3
3356,1
3446
3756,5
3959,8
4086,9
4104,3
4060,7
3978,6
3912,2
3997
4074,7
4114,9
4574,2
4853,1
4818,7
4511,8
4233,1
3934,5
3662
3547,4
3462,1
3445,3
3472,9
3547
3851,2
4457,6
5121,9
5389,3
5416,9
5502,7
5472,9
5388,7
5391,2
5313,5
5154,3
5162,6
5476,8
5503
5402,1
5059,8
4699,9
4301,4
3920,3
3694,3
3570,3
3528,5
3554,6
3633,6
3933,7
4532,4
5146
5369,2
5392
5428,4
5346,5
5251,2
5258,7
5183,4
5038,9
5039,9
5330,4
5382,5
5293,3
4929,4
4603,3
4237,8
3877
3628,8
3504,9
3465
3488,9
3591,4
3857,8
4394,6
5014,9
5294,5
5328,7
5400,7
5346,3
5214,1
5235,1
5131,9
4974,2
4979,6
5278,6
5326,4
5278
4939,1
4590,5
4219,7
3874,4
3645,2
3530
3494,2
3514,5
3611
3858,1
4375,9
5027,9
5216,8
5236,4
5281,3
5219,6
5101,1
5086,7
5002,3
4853,6
4849,3
5139,9
5198,8
5226,7
4918,3
4586,2
4246,6
3896,3
3672,6
3576,6
3543,6
3571,2
3680,6
3957,6
4434
5027,6
5220,1
5231,6
5273,1
5139
4946,6
4849,8
4677,4
4584,7
4668,6
4993,2
5087,6
5055,8
4735,6
4467,2
4213,4
3937,9
3737,6
3611
3545,1
3555,5
3577,2
3658,4
3768,3
4057,8
4251,7
4384
4449,6
4330,3
4222,2
4146,8
4090,4
4063,3
4150,8
4502,4
4648,3
4638,8
4432
4192,4
3965,9
3723,7
3487
3368,7
3314
3309,9
3345,4
3404
3466,6
3655,2
3820,3
3894,6
3915,6
3889,3
3851,9
3828,3
3810,9
3885
4024,1
4370,1
4513,8
4594
4370,1
4140,7
3859,4
3596,5
3440,2
3342,3
3313,3
3356,2
3439,2
3679,7
4074,7
4643,5
4915,7
4936,9
4984,9
4920,1
4786,5
4806,1
4785,2
4684,4
4659,2
4948,6
5013,1
5046,1
4800,4
4531,2
4202,1
3874,5
3641
3526,2
3486,6
3518,1
3599,1
3810,3
4190,4
4680,3
4909,1
4889,1
4882,1
4817,5
4687,1
4660,7
4584,5
4463,9
4471,4
4766,7
4843
4942,7
4676,5
4415
4116,4
3801,3
3582,2
3469,3
3427,3
3459,9
3541,8
3739
4102,9
4667,8
4952,4
5024
5012
4886,6
4719,9
4640,4
4494
4358,6
4331,1
4559,8
4714,2
4830,8
4591,9
4277,1
3962,9
3682,9
3418
3262,1
3209,3
3214,2
3251,2
3329,8
3391,2
3610,7
3835,6
3933,5
3929,5
3892,6
3778,3
3688,8
3644,7
3650,6
3737,2
4078,7
4224,3
4290,4
4104,6
3867,9
3632,1
3418,3
3227,6
3098,9
3049,4
3057,9
3095,2
3179,8
3280,8
3571,3
3878,1
4046,8
4118
4109,7
4026,1
3928,3
3879,7
3877,3
3975,1
4216,8
4295
4312,6
4094,4
3903,1
3672,5
3440,7
3241,8
3122,7
3066,3
3054,7
3090,2
3149,5
3254,7
3545,4
3787,8
3907
3957,2
3929
3864,3
3804,9
3768,2
3772,4
3873,1
4135,1
4214,7
4249,4
4067,3
3877,1
3637,4
3396,7
3212,4
3074
3057,25
3040,5
3042,7
3098
3165,3
3262,7
3448,3
3562,7
3587,8
3544,1
3420,4
3289,9
3207,3
3188,2
3270,1
3531
3688,4
3699,1
3853,7
3778,7
3564,4
3339,5
3160,1
2991,9
2931,6
2922,3
2963,5
3075,3
3191,1
3339,7
3538,8
3661,5
3683,2
3623
3492,2
3402,1
3330,4
3302,9
3384,7
3739,5
3869,7
3795,1
3918,8
3832,6
3584
3308,9
3103,8
2996,5
2973,5
2995,3
3089,3
3356,8
3969,3
4572
4775,1
4732,5
4724,9
4597,7
4442,8
4421,9
4322,4
4142,8
4112
4397,1
4364,9
4259
4313,4
4167,1
3842
3520,6
3293,1
3176,5
3147,5
3161,9
3224,3
3478,6
4054,3
4631,7
4826,2
4775,9
4721,7
4612,8
4434,7
4400,6
4316,6
4150,6
4123,9
4412,5
4402,5
4281,3
4342,5
4195,9
3891,7
3543,6
3332,9
3206,7
3175,7
3205,9
3278
3520,5
4068,8
4683
4852,8
4796,8
4761,8
4641,2
4467,5
4430,9
4348,5
4228,2
4191,8
4447,9
4420,1
4334,6
4366,5
4193,1
3838,2
3524,3
3323,3
3194,8
3149,6
3173,4
3240,8
3475,3
3993,1
4606,9
4823,8
4790,6
4776,2
4672,2
4459,3
4302,2
4088,4
3938,7
3960
4223,2
4256,8
4082,9
4064,3
3915,7
3644,7
3378,6
3160
3035,4
2982,8
2983,5
2999
3074,1
3205,9
3439,3
3681,1
3791,2
3805,2
3692,2
3602,3
3562,1
3520,3
3476,7
3569,7
3889,6
3917,8
3752,3
3759,9
3658,9
3457,6
3224,9
3040,2
2922,3
2858,7
2841,8
2857,6
2933
3018,5
3234,7
3507,7
3684,4
3754,7
3758,4
3683,4
3629,3
3599,5
3608,4
3729,2
4118,6
4159,4
3977,4
3917,6
3849,2
3586
3283,3
3109,7
3009,6
2993,9
3022,3
3111,2
3374,2
3913
4544,9
4723,2
4680,8
4672
4563,5
4422,9
4381,5
4291,4
4105,7
4070,8
4367,7
4334,1
4193
4206,1
4102,7
3782,1
3444,5
3210,9
3110,1
3080,5
3118
3198,9
3470,1
3989,6
4597,9
4784,8
4743,7
4740,1
4664
4530,2
4529,4
4440
4253,6
4213,8
4479
4441,2
4310,3
4306,7
4237,1
3933,6
3574
3316,6
3194
3156,7
3172
3243,1
3515,5
4021,2
4614,1
4886,1
4905,3
4924,8
4851,5
4719,7
4742,3
4680,7
4541,3
4531,2
4789
4700
4519,5
4454,4
4257,6
3907,3
3564,8
3326,8
3186,5
3125,6
3122
3181,2
3406,1
3966,1
4653,6
4974,6
5018,3
5099,4
5069,5
4960,6
4961,9
4875,6
4735,6
4706,3
4909,4
4776,5
4588,6
4492,4
4266,1
3923,3
3558,7
3298
3163,8
3099,1
3109,1
3175
3409,5
3950,6
4600,1
4924,4
5000
5082,1
5015,1
4846,6
4696,7
4482,3
4301,2
4294,3
4515,2
4451,9
4209,5
4088,9
3927,7
3647,1
3359,2
3107,3
2954,4
2883,1
2859,7
2879,7
2948,8
3064,5
3365,7
3709,5
3931,4
4006,1
3970
3865
3756,7
3665,5
3602,4
3665,6
3952,4
3993,9
3812,6
3712,8
3661,5
3434,1
3190,5
2977,8
2840,5
2771,1
2760,8
2773,6
2840
2901,5
3145,2
3445,3
3606,9
3633,1
3613,5
3559,7
3532,6
3536,9
3558,8
3692,8
4057,1
4083,3
3926,9
3872,5
3744,6
3443,9
3263,6
2980
2928
2830
2904,9
2990,7
3265,8
3714,2
4309,9
4525,3
4545,8
4578,3
4508
4369,1
4347,6
4256,7
4081,3
4050,4
4279,6
4196
4028,3
3955,6
3899,4
3566,4
3226,4
2987,6
2872,8
2812
2825,2
2883,9
3113,8
3627,2
4272,3
4535,3
4518,7
4499,7
4434,4
4325,9
4336,9
4247,4
4150,6
4181,6
4477,7
4354,5
4162,4
4030,3
3925,2
3631,4
3262,4
3005,6
2874,1
2819,8
2835,9
2909,8
3154,1
3646,5
4227,6
4425,1
4388,1
4394,8
4326,6
4220
4200,8
4109,7
3958,3
3972,6
4290,5
4248,9
4075,7
4066,4
3982,1
3645,6
3262,3
3024,9
2903
2841,9
2852
2951,1
3208,4
3743
4387,2
4643,4
4610,2
4651
4690,3
4485,9
4427,6
4368,1
4278
4287,5
4537,7
4429,1
4202,3
4078,2
4037,2
3716,1
3349,8
3117,2
2988,9
2937,2
2938,3
3004,3
3234,5
3731,4
4379
4655,7
4716,5
4784
4700,7
4479,7
4321,3
4093,7
3900,4
3890,1
4122,5
4106,7
3897,8
3758
3771,6
3506,4
3236,1
3012,4
2878,1
2807,7
2780,9
2794,5
2831,7
2940,9
3201,1
3440,1
3553,3
3538,1
3429
3300,7
3223,1
3157,8
3115,9
3193,9
3508,4
3611,3
3466,9
3394,6
3478,1
3268,7
3028,5
2834,1
2708,3
2640,6
2630,9
2646,4
2675,9
2752,3
2962,9
3195,1
3306
3287,9
3215,3
3139,3
3092,8
3088,4
3071
3183,5
3563,2
3685,3
3582,3
3513,8
3582,3
3307,5
3014,4
2825,7
2721,8
2694,2
2715,5
2787,5
3035,4
3527
4237,6
4589,4
4621,8
4637,1
4600,4
4452,8
4361,7
4217,7
4049,1
3989
4257,9
4209,3
4042,7
3915,9
3949
3683,5
3300,4
3070
2961,1
2931,1
2933,6
2985,7
3186,6
3672,3
4348,8
4648,2
4661,1
4680,3
4594,1
4466,4
4490,7
4421,2
4239,2
4145,9
4352,8
4249
4082,2
3955,6
3961,3
3667,9
3304,5
3041,6
2907
2848,7
2854,2
2921,9
3129,5
3586,5
4191,3
4417,1
4411,3
4416,7
4458,9
4518,1
4526,3
4480,2
4375,8
4388,4
4516,8
4422,9
4263,9
4132,2
4031,6
3702,4
3301,2
3045,7
2917,8
2862,7
2867,7
2928
3126,7
3591,4
4186,9
4462,4
4541,5
4538,1
4444,2
4289,1
4265,7
4156,6
3978,9
3979,9
4235,3
4230,8
4093,9
3989,7
3938,3
3615,9
3271,2
3021,9
2918
2856,7
2824,7
2829,6
2895,4
2899,3
3222,9
3517,6
3664,2
3692,4
3652,9
3550,1
3432,5
3359
3369,3
3469,2
3736,4
3777,5
3622,4
3518,4
3520,2
3341,6
3092,1
2837,4
2700
2649,2
2634,1
2658,7
2672,7
2779,8
3042,4
3319,2
3457
3476,7
3394,3
3318,2
3233,7
3172
3139,2
3215,9
3532,9
3625,8
3451,3
3353,9
3419,3
3243
3014,4
2797,9
2663,5
2608,5
2601,4
2618,6
2615,2
2693
2921
3177,3
3313,7
3354,2
3277,6
3172
3144,2
3207,3
3247,3
3341,1
3638,6
3643,4
3540
3461
3532,7
3305,9
3011,9
2821
2720,5
2708,1
2739,6
2834,9
3047,2
3579,6
4202,3
4515,7
4572,3
4628,5
4634,1
4553,8
4543,9
4591,1
4336,7
4279,5
4540,7
4409,2
4215
4041,1
3989,9
3721,6
3332,5
3065,2
2942,2
2897,5
2883,9
3001,1
3205,9
3739,3
4347
4618
4591,1
4629,3
4565,5
4455,7
4442,8
4340
4143,3
4082,8
4320,3
4227,4
4023,8
3823,7
3858,8
3637,7
3269,2
3089,7
2843,7
2789,8
2817,1
2878,8
2978,8
3385,7
3855,5
4069,1
4055,1
4017,6
3913,4
3762,4
3688
3619,6
3545,2
3577,3
3865,6
3853,8
3710,6
3587,8
3630,9
3445,2
3120,6
2923,6
2819,7
2798,9
2819,4
2911,4
3070
3637
4165,6
4364,2
4338,7
4321,6
4240,1
4134,1
4169,8
4078,5
3898,6
3863,6
4132,7
4104,1
3960,4
3843,2
3851,5
3643,9
3277,9
3034,1
2912,9
2872,7
2887,6
2952,1
3108,7
3646,5
4164,8
4354,5
4320,3
4273,6
4184,6
4017,1
3893,7
3716,1
3587,2
3578,3
3812,6
3849,2
3685,7
3528,6
3552,7
3386,4
3088
2854,3
2710,9
2651,2
2633,3
2663,9
2647,8
2838,9
3070,6
3345,4
3492,6
3492
3408,1
3321,2
3242,1
3184,9
3150,4
3249,2
3545
3603
3422,3
3325,4
3358,7
3226,4
2995,9
2765,5
2615,1
2538,8
2520,9
2538,8
2493,6
2593
2854,5
3134,7
3285,9
3315,4
3259,7
3162,5
3100,4
3068,3
3056,8
3145
3474,6
3566,6
3469,1
3369,3
3395,2
3261,8
2966,1
2776,5
2678,1
2640,9
2709,8
2803,4
2898,2
3415
4019
4257,8
4242,6
4256,5
4211,5
4118
4115,1
4047,3
3917,2
3851,3
4093,1
4036
3886,2
3737
3749,9
3565,7
3167,2
2922,2
2796,5
2754,6
2759,8
2822,2
2965
3488,6
4049,8
4327
4300,3
4287,6
4229,7
4099,8
4098,8
4065,5
3932,8
3898,3
4113,7
4053,2
3906,6
3763,5
3765,3
3592,1
3204,3
2963,5
2827,8
2761,7
2757,2
2824,1
2998,7
3545,5
4228,6
4518,8
4607,8
4709,8
4681,4
4551,9
4513,4
4376,5
4182,4
4064,9
4203,7
4154
3971,6
3787,8
3728,8
3529,7
3175,5
2919,7
2747,2
2665,1
2630,3
2643
2611,6
2722,1
3032,9
3327,4
3483,3
3522,2
3482,8
3371,8
3315,3
3251,4
3195,5
3242,9
3501,3
3577,8
3410,3
3245,3
3263
3199,5
2970,8
2753,6
2611,9
2566,1
2591,1
2659,5
2713,5
2894,9
3264,3
3607,9
3755,8
3885,4
3844,5
3789,6
3741,7
3669,7
3681,6
3781,1
3927,2
3900,6
3634,6
3416,5
3370,1
3286,2
3036,9
2792,5
2642,2
2570,6
2540,1
2535
2495,2
2631,9
2925,6
3219,5
3399,2
3455,7
3407,2
3361,6
3321,8
3278,2
3273,2
3353,4
3626,9
3668,9
3502,8
3385,4
3385,7
3221,9
2978,2
2776,2
2602,4
2549,7
2518,2
2510,8
2468,9
2556,7
2801
3097,1
3289,8
3358,7
3368,8
3334,3
3283,8
3234,2
3207,4
3276,1
3618,1
3668,1
3527,4
3397,9
3383,8
3252,8
2978,9
2803,5
2688,8
2653,3
2674,4
2729,1
2896,6
3501,3
4169
4465,3
4533
4564,8
4538,7
4478,4
4487,1
4365,6
4207,5
4186,2
4403,2
4236,1
3978,5
3780,2
3716,7
3574
3206,9
2925,8
2795,3
2735,4
2753,9
2819,1
2978,4
3527,6
4180,6
4433,7
4429,2
4438,5
4368,4
4243,4
4245,7
4142
3980,4
3913,6
4131,4
4051,8
3881
3735
3657,2
3509,1
3169
2923,1
2781,5
2717,1
2741
2816,9
2955,6
3522,3
4120,3
4335,1
4353,9
4424,2
4346,5
4237
4250,2
4171,7
4002,3
3987,4
4248,8
4188,6
4037,9
3877,1
3786,9
3522
3166,4
2902,3
2775,9
2733,4
2742,4
2773,3
2858,3
3389,8
4031,1
4339,5
4390,5
4427,5
4332,4
4203,1
4181,7
4067,2
3881,4
3866,7
4076,4
4033,6
3913,4
3735
3650,9
3521,1
3204,7
2991,4
2845,7
2795,8
2823,9
2853,9
2878,2
3397,5
4065,8
4325,9
4345,2
4381
4290,5
4144
4002
3796,1
3656,8
3658,9
3822,6
3807,3
3611
3442
3359,5
3272,4
2978,2
2760,5
2648,2
2564,7
2539,2
2489,4
2441,6
2587,9
2855,2
3142,3
3286
3317,4
3249,2
3155
3068,1
3016,2
2999,1
3056,1
3269,8
3334,9
3212,9
3137,5
3120,2
3076,3
2876,6
2713,8
2516,6
2416,6
2400
2409,2
2366,9
2408,1
2564,5
2830,5
3047,9
3194,1
3214,3
3178,1
3114,1
3060,9
3039,6
3110,4
3379,2
3483
3333,7
3192
3144,4
3058,1
2820,7
2634,8
2509,1
2488,4
2482,4
2475,5
2461,9
2533,5
2795
3080,3
3295,4
3378,6
3376,5
3317,7
3247,4
3196,8
3152,3
3230
3542,1
3584,5
3475,6
3371,8
3299,9
3210,2
2919,2
2657,4
2547,2
2505,7
2519,8
2580,6
2754
3366,9
4049,8
4339,3
4381,3
4459,7
4465,8
4392
4408,2
4338,2
4182,4
4165,2
4395,7
4302,6
4112,8
3918,2
3777,2
3543,1
3173,9
2918,1
2774,9
2698,5
2706,9
2757,2
2910,5
3530,3
4293,5
4597,1
4641,8
4731,5
4717,6
4640,9
4660,7
4632,4
4498
4449,8
4660,4
4528,2
4282,5
4005,3
3843,5
3714,1
3365,8
3041,6
2907,3
2815
2794,7
2803,6
2959,9
3497,9
4149,3
4375,5
4372,2
4415,8
4365,9
4249,2
4254,9
4169,6
3980,5
3944,1
4155,2
4088,1
3919
3751,5
3634,9
3549,7
3201,9
2948,6
2765,3
2682,8
2698,4
2716,4
2877,4
3440,2
4054,6
4276,5
4255,1
4277,4
4201,9
4025,8
3899,9
3714,9
3569,4
3562
3790,6
3817,9
3647,4
3462,6
3366,6
3318,1
3053,3
2776,9
2588,8
2497,9
2463,4
2443,7
2433,2
2595,5
2887,9
3236,9
3467,5
3558,1
3488,5
3405,8
3317,2
3235
3192,6
3243
3503,8
3529,8
3323
3189,9
3127,5
3113,2
2927
2731,6
2613,1
2527,6
2487,1
2412,7
2392,3
2550,2
2815,7
2974,4
3149
3244,1
3347,2
3412,4
3328,4
3261,8
3281,2
3379
3717,2
3760,4
3605,1
3450
3335,4
3219,5
2936,8
2743,2
2604
2549,7
2575,6
2590,9
2759,1
3341
3995,9
4297,5
4338,8
4387,1
4328,9
4204,1
4223,7
4141,3
3976,3
3899,3
4138
4065,1
3913,5
3755,5
3606,2
3534
3201,1
2907,9
2749,3
2683,6
2677
2687,5
2844,2
3444,2
4092,1
4346,5
4409,1
4489,9
4502
4445,1
4455,6
4374,3
4205,4
4153,8
4394,9
4285,1
4120,3
3918,3
3768,4
3633,6
3252,9
2960,8
2813,4
2749,5
2756,5
2752,8
2910,9
3503,7
4183,6
4501,9
4565,6
4663,5
4675,7
4583,5
4586,9
4469,8
4276,8
4186,8
4365,8
4231,9
4033,1
3843,5
3682,3
3617,4
3286,2
3002,4
2822,2
2774,2
2786,2
2776,1
2934,9
3497
4150,3
4412,2
4438,9
4452,1
4404
4311,3
4282,2
4189,1
4005,8
3964,8
4168,3
4135,2
3982,9
3820,4
3648,4
3562
3259,2
3004,4
2847,4
2773,8
2768,1
2743,9
2903,9
3461,2
4089
4328,6
4352,3
4400,8
4332,9
4165,5
4044,6
3896,3
3765,3
3757
3919,7
3850,6
3677,4
3512,6
3361,3
3294,4
3095,7
3302
2675,1
2595,7
2559,6
2497
2473,4
2610,5
2903,5
3189,8
3342,3
3377,2
3294
3194
3123,5
3073,9
3066,1
3140
3362,8
3415
3286,6
3189,7
3099,2
3108,4
2941
2745,1
2599,2
2539,3
2501,4
2450,8
2410,2
2511
2729,7
3012,9
3197,1
3268,3
3262,3
3200
3156,6
3187,3
3178,6
3234,5
3544,3
3617
3509,1
3364,2
3222,1
3169,4
2972,9
2815
2680,9
2612,8
2630
2637,7
2823,7
3350,8
3943,8
4178,1
4181,8
4202,6
4167
4073,2
4080,3
3993,4
3837,7
3794,7
4049,7
4018
3888,8
3708,3
3565,2
3487,3
3195,5
2932
2787,9
2735,2
2732
2685,1
2846
3395,4
4036,4
4275,8
4250,6
4278,9
4220,3
4118,5
4131,4
4055,3
3884,2
3831,1
4008,2
3962,4
3830,6
3681,2
3553,1
3481,2
3223,5
2954,3
2788,3
2708,4
2675,4
2608,1
2643,9
2894
3277,2
3545,4
3616
3640,7
3577,6
3449,7
3384,2
3327,7
3262,5
3333,5
3608,1
3644,5
3560
3473,1
3386,1
3332,5
3114,3
2871,3
2747,1
2685
2685,1
2666,4
2833,7
3406,3
4027,3
4255,2
4267,6
4299,5
4249,3
4151,8
4178,7
4097,6
3925,2
3877,8
4058
4019,9
3875,7
3722,1
3577,8
3468,8
3209,8
2952,7
2800,9
2741,5
2720,6
2686,3
2824,5
3358,5
3950,6
4177,5
4183,5
4204,6
4133,5
4031,6
3946
3784,9
3657,4
3642,1
3814,8
3795,6
3633,2
3446,2
3291
3226,8
3082,6
2859,5
2689,7
2601,8
2556,5
2473,9
2467,9
2601,3
2873,2
3162,1
3322,2
3418,3
3342,5
3263,4
3164,4
3083,1
3044,3
3082,1
3331
3386,9
3251,4
3155,4
3058,2
3024,9
2934,2
2731,2
2576,8
2507,1
2463,5
2381,3
2350,4
2454,3
2669,6
2955,3
3143,6
3193,7
3167,2
3100,5
3042,4
2994
2976,7
3064,3
3382
3497
3416,8
3313,2
3204,4
3148,8
2987,3
2796,1
2670,5
2622,3
2617,1
2590,4
2758
3342,4
3994,4
4259,7
4291,2
4336,5
4302,8
4206,6
4223,6
4152,6
3994,2
3934,7
4162,9
4101,9
3962,4
3805
3636,7
3529,6
3253,4
2990,3
2838,1
2770,4
2759,9
2734,5
2903,2
3463,5
4102,2
4392,9
4420,3
4480,7
4438,2
4342,9
4350
4265,5
4094,8
4036,3
4238,7
4136,9
3962
3791,4
3631,4
3515
3274,5
3001,3
2867,4
2798,9
2797,2
2754
2931,1
3462,4
4057,5
4304,5
4333
4397,1
4360
4303,4
4360,5
4307,3
4169,6
4154,9
4371,2
4274,8
4098,8
3917,7
3779,1
3596,9
3267,1
3017
2860,4
2801,1
2823,6
2840,7
3012,9
3606,5
4254,8
4584,4
4651,9
4743,9
4677,4
4559,9
4515,3
4350,5
4190,6
4132
4332,5
4212,7
4009,9
3796,7
3645
3507,4
3236,2
2979,8
2833
2796,2
2783,5
2814,2
2956,9
3497,1
4123,3
4385,9
4418
4486,1
4394,1
4211,2
4120,5
3870,3
3676,1
3625,3
3825,1
3776,1
3553,8
3380,6
3228,8
3170,2
3027,8
2747,7
2589,6
2516,7
2473,3
2374,7
2377,1
2521,5
2790,9
3062,6
3198,3
3258,5
3244,2
3207,8
3184,2
3170,2
3250,4
3377,2
3696,9
3635,3
3386,3
3184,9
3029,1
2967,7
2856,5
2660,8
2539,1
2474,5
2434
2337,4
2324
2408,5
2607,6
2891,2
3085,3
3249,5
3363,2
3392,4
3369,8
3361,3
3396
3445,5
3675,8
3648,1
3448,7
3260,1
3147
3089
2883,7
2694,9
2585,7
2547,5
2541,3
2505,1
2681,7
3250,9
3907,3
4151,1
4167,8
4222,5
4180,4
4065,7
4088,6
4019,7
3878,4
3821,4
4044,7
4017,6
3856
3670,4
3510,3
3382,7
3100
2849,4
2713,7
2668,3
2654,3
2617
2786,5
3335,7
3971,5
4202,3
4209
4255,6
4201,6
4110,1
4120,9
4041,6
3879,7
3824,7
4001
3961,3
3833,4
3685,3
3531,1
3434,5
3172,7
2871,9
2736,9
2677,1
2683,8
2682,5
2825,7
3406,5
4060,8
4361,2
4421,8
4495,1
4444,4
4425,2
4476,4
4476,8
4416,1
4322,4
4461
4308,9
4063
3803
3591,2
3446
3161,5
2913,8
2812,8
2739,5
2726,8
2725,3
2877,7
3420,7
4084,2
4370,2
4414,4
4501,9
4455,2
4324,5
4339
4237,4
4048,1
3976,4
4127,7
4051,8
3892,7
3736,4
3596,8
3473,5
3196,3
2940,8
2836,8
2778,7
2768
2759,6
2879,7
3381,7
4050,4
4416,5
4470,7
4579,5
4498
4366,5
4306,2
4169,5
4037,1
3956,1
4017,5
3943,7
3721,4
3522,8
3397,3
3299,7
3083,6
2867
2734,7
2669,1
2621,9
2551,4
2596,1
2712,9
2971,1
3236,6
3480,3
3618,7
3617,2
3559,7
3488,6
3432,5
3379,3
3383,6
3562,3
3548,5
3324,5
3198,1
3142,9
3105,8
2979,2
2787
2619,9
2508,6
2460,5
2445,1
2455,2
2554,9
2726,4
2992,3
3192,9
3342,6
3414,5
3396
3333,6
3272
3227,9
3283,1
3497,8
3437,8
3225
3091,8
3034,4
3030,9
2926
2747,7
2623,8
2618,8
2612,8
2615,6
2729,3
3268,8
3895,2
4191,1
4281,3
4394,4
4414
4319,2
4320
4217,5
4005
3939,2
4152,7
4032
3842,6
3632
3442,3
3331,1
3102,1
2858,1
2725,2
2658,4
2654,8
2622,1
2774,8
3320,3
3948,4
4216,6
4286,6
4380,6
4350,6
4242
4257,6
4198,2
4100,8
3962
4159,2
4032,1
3825,3
3664,7
3479,3
3332,2
3118,2
2901,5
2864,8
2838,8
2817,1
2781,1
2944,5
3415,2
4023
4430,2
4380,1
4458
4428,1
4376,3
4412
4355,5
4222,8
4129,9
4317,4
4191,8
4007,5
3807,9
3648,3
3489,8
3166,7
2909
2784,7
2732
2736,7
2733
2915,9
3454,5
4111,2
4347,3
4425,6
4520,8
4504,9
4420,8
4406,3
4341,8
4159,2
4083,6
4251,7
4122,3
3911,9
3721,8
3542
3430,9
3170,1
2889,8
2778,4
2739,8
2730,7
2704,4
2830,3
3344,4
3990,8
4290,2
4327,4
4385,9
4336,9
4182,9
4041,5
3850
3711,4
3718,8
3918,1
3891,9
3674,3
3448,6
3295,1
3231,1
2982,3
2739,4
2592,7
2515,5
2479,5
2441,6
2441,2
2586,1
2849,4
3172,8
3407,1
3552,8
3542,3
3453,2
3473,2
3439
3410,9
3367,3
3578,1
3629,5
3417,9
3221,5
3086,7
3012
2960
2753,7
2600,7
2518,5
2526,6
2510,8
2497,5
2599
2764,7
3044,8
3191,2
3245,6
3236,7
3187,3
3146,2
3106,5
3094,1
3161,2
3460,8
3519,8
3362,2
3229,9
3140,6
3088,7
2901,2
3077,7
2597,6
2539,6
2546,5
2540,7
2674,4
3212,6
3866,2
4200,9
4309,5
4422,5
4414,4
4349,9
4377,4
4291,5
4116
4006,3
4171,1
4098,3
3922,5
3682,4
3505
3373,6
3149,3
2853,2
2692,1
2615,2
2623,6
2619,2
2757
3355,4
3958,6
4198,8
4249,2
4305,2
4280,8
4187,3
4158,9
4065,9
3877
3812,3
4010,5
3950,5
3776,7
3602,6
3455,8
3398,8
3141,5
2866,1
2729,8
2766,7
2781,9
2762,4
2885,3
3276,5
3971,5
4271,4
4359,3
4470,9
4489
4416,1
4446,8
4364,4
4188,2
4104,4
4266,4
4174
3960,7
3745,3
3586,2
3474,3
3212,1
2918,3
2752,5
2675,3
2666,5
2683,8
2880
3390
3937,6
4258,9
4350,4
4459,2
4449,5
4368,6
4399,4
4321,4
4147,7
4066,8
4229,2
4139,1
3946,4
3733,6
3558,8
3447,9
3189,5
2898,3
2740
2664,3
2656,6
2660,6
2777,7
3262
3870,1
4155,4
4240,7
4311
4222
4038,5
3892,9
3684,8
3546,1
3532,2
3713,3
3720,5
3552,6
3372,9
3223,6
3171
3006,1
2720,5
2568,8
2503,4
2472,1
2398,4
2378,3
2507,7
2755
3057,5
3178,8
3201,2
3132,5
3040,7
2976,6
2901,9
2867,1
2927,9
3135
3186,3
3106,3
3020,6
2945,3
2935,2
2840,5
2650,6
2525,5
2466,7
2431,3
2345,3
2306,3
2392,6
2586,1
2844,6
2986,2
3035,9
3022,9
2962,3
2916,7
2887,8
2878,2
2958,7
3202
3296,2
3227,1
3175
3085,8
3069,9
2942,2
2735,8
2614,9
2572,1
2570,9
2573,4
2734,6
3176,4
3742,8
4042,9
4116,5
4184,9
4145
4054
4041
3967,5
3813
3745,7
3945,5
3932,8
3809,1
3628,5
3494,1
3429,3
3204,3
2923,3
2750,5
2683,5
2667,9
2651,3
2773,7
3271,8
3869
4104,8
4175,5
4227
4199,8
4109,3
4090,9
4020,9
3883,8
3792,4
3958,8
3985,6
3833
3684,2
3545,5
3480,3
3241,6
3025,8
2874,6
2790,4
2775,1
2766,1
2828,3
3189
3760,8
4067,3
4147,3
4238,5
4209,2
4125,9
4085,2
3997,7
3855,1
3813,7
4003,2
3993,4
3830,4
3657,3
3544,6
3460,1
3192,9
2941,8
2809,7
2737,5
2730,4
2735
2816,6
3240,7
3778,7
4065,7
4122
4197
4144,7
4044,2
4043,4
3962,2
3811,4
3769,7
3927,1
3907,1
3775,8
3631,2
3494
3440,9
3211,2
2923,2
2770,7
2703,7
2684,2
2660,5
2742,9
3180,3
3717,4
4003,1
4092,1
4122,9
4038,3
3882,3
3760,8
3592,4
3475,7
3484,6
3656,6
3677,3
3524,9
3373,9
3272,2
3237,7
3065,9
2838,2
2630,2
2534,3
2490,2
2435,9
2396,6
2510,9
2742
2996,9
3192,7
3254,3
3199,5
3073,4
3013,5
2972,7
2978,3
3055,1
3256,3
3283,2
3185,4
3096
3020,7
3017,8
2862,7
2681,2
2572
2502,3
2471,7
2414
2362,1
2437,7
2629,5
2881,7
3024,8
3116,5
3156,5
3128,5
3084,7
3104,6
3091,2
3157,6
3409,4
3438,7
3291,4
3169
3076,3
3038,2
2865,9
2661,2
2559,8
2503,7
2478
2446,1
2506,5
2900,6
3393,2
3755,1
3893,2
3979,3
3969,5
3891,6
3864,6
3768,7
3633,6
3639,5
3867,3
3871,5
3688,2
3510,9
3361
3273,1
3027,1
2772,4
2619,7
2556,4
2537,4
2543,2
2586,1
2977,6
3480,8
3799,8
3906,2
3945,9
3913,1
3840,3
3805,1
3740,2
3646,7
3635,2
3822,5
3817,1
3639,2
3479,2
3360,2
3319,5
3113,7
2843,6
2634,6
2590,7
2578,4
2542,9
2593,6
2992,6
3477,4
3783,4
3887,6
3931,5
3874,1
3770,3
3761,9
3730
3635,6
3599,9
3759,8
3774,2
3632,8
3484
3371,1
3327,5
3122,4
2829,3
2674,3
2640,7
2608
2568,3
2595
2997,2
3458,8
3738,7
3847,2
3918,5
3877,8
3803,4
3759
3682,7
3617,3
3615,1
3782,2
3813,1
3670,2
3513,9
3412,5
3356,6
3100,8
2819
2694,2
2644,7
2636
2626,5
2658,1
2949,4
3402,9
3694,1
3820,6
3914,5
3840,6
3689,9
3603,4
3518,6
3413,7
3411,4
3572,5
3610,5
3458,9
3300,2
3193,5
3173,8
2987
2719,7
2556,1
2504,1
2454,5
2392,1
2340,4
2426,7
2652,6
2939,1
3066,4
3095,5
3053,2
2951
2877,5
2828,2
2821,8
2885
3077,3
3181,5
3137,8
3076,5
3009,8
3048
2867,4
2673,6
2536,3
2455,1
2419,9
2372,4
2288,5
2354,7
2520,5
2741,8
2875,6
2910,6
2884,5
2828,1
2777
2762,2
2769,4
2856,2
3106,7
3236,5
3199,9
3178,3
3159,1
3162,9
2905,6
2659,1
2551,7
2499,2
2457,5
2454,1
2497,8
2846,1
3326,2
3648,6
3781,2
3841,8
3798,3
3728,4
3705,8
3645,4
3562,4
3529,1
3682,2
3710,1
3587,1
3461
3372,7
3329,9
3089,9
2808,1
2641,2
2587,2
2562
2547,1
2582,9
2946,6
3396,1
3701,3
3827,3
3868,6
3791,7
3701,7
3664,6
3601,5
3519,8
3492,8
3640,6
3669,7
3547,1
3434,4
3334,5
3291,4
3035,5
2773,5
2616,3
2569,1
2543,4
2531
2557,9
2899,6
3348,7
3651,4
3753,6
3788,3
3737,5
3657,7
3634,7
3582,8
3501,8
3492
3641,7
3664,2
3551
3417,2
3339,3
3323,1
3072,8
2801
2650,4
2580,1
2544,2
2569
2630,6
2975,3
3429,7
3746
3899,6
4004,7
3986,6
3898,7
3853,1
3779,1
3643,9
3597,1
3753
3746,1
3586,2
3440,2
3354,9
3336,1
3093,6
2827
2660,2
2574,1
2535,1
2552,1
2584,7
2906,4
3348,9
3672,7
3812,4
3874,2
3829,7
3751,3
3673,8
3586,3
3507,9
3504,4
3678,3
3685,2
3528,6
3358,9
3299,5
3247,8
3022,2
2759,1
2574,6
2520,3
2482,7
2461,2
2415,8
2506,6
2719,7
2998,2
3189,6
3284,8
3256,3
3193,3
3113,7
3044,5
3010,9
3075,5
3292,3
3353,7
3250,5
3175,8
3150,9
3071,4
2852,3
2670,7
2532,4
2469,9
2432,1
2404,6
2336,8
2389,8
2579,5
2872,2
3082,6
3158
3154
3141,9
3107,3
3096,3
3081
3159,7
3399,5
3450,4
3306,6
3203,4
3146,1
3098,4
2823
2605,5
2494,7
2443
2416,4
2444,1
2521,6
2871,7
3392,5
3742,2
3865,3
3939,6
3942,8
3881,2
3874,7
3829,5
3700,3
3643,4
3819,6
3829,6
3689,8
3542
3466,2
3372,1
3059
2829,9
2671,7
2613,4
2597,6
2635,4
2696,1
3042,8
3545,1
3886,5
4005,6
4080,5
4029,8
3980
3986,3
3924,6
3827,9
3777,7
3917,1
3844,6
3685,6
3516,8
3425,7
3328,5
3043,6
2781,7
2640,9
2574,6
2562,5
2596,6
2678,4
3010,6
3497,9
3802,4
3913,3
4031,8
4018,1
3929,4
3888
3790,9
3670,8
3603,5
3781,6
3794,2
3641,5
3460,5
3385,1
3324,3
3004,7
3438,9
2606,2
2549,3
2534,7
2560,1
2621,8
2988,3
3505,3
3827,1
3973,7
4079,9
4086,3
4038,4
4053,5
3980
3851,7
3783,6
3960,6
3913,5
3718,6
3541,4
3464
3363,7
3039,4
2790,9
2645,5
2576,6
2561,6
2589,7
2656,5
2994,9
3518,8
3849,5
3952,5
4012,7
3941,6
3814,9
3720,6
3599,6
3492,1
3458,9
3592,3
3630
3506
3371,1
3336,9
3306,1
3050,4
2854,1
2722,3
2639,9
2607
2591,4
2529,9
2626,3
2867,9
3125,2
3315,4
3360
3356,2
3305,1
3256,8
3174,1
3101,2
3100,6
3248,1
3307,5
3191,1
3138,8
3118,6
3085,5
2864
2628
2471,6
2394,4
2354,9
2344,2
2276,6
2338,6
2555
2820,4
2981
3050,5
3041,2
2983,2
2945,5
2937,6
2933,4
3014,9
3288,4
3405
3324,3
3271,2
3250,6
3211
2933,6
2706,1
2593,9
2547,4
2545
2586,5
2693,2
3105,2
3725,5
4105,9
4220,9
4324,5
4293,4
4212,1
4239,2
4138,1
3987,6
3895,2
4068,6
4067,1
3927,3
3761,1
3714,9
3563,8
3204,6
2990,2
2897,8
2831,7
2814,7
2849,2
2955
3398,6
3958,8
4314,7
4391,8
4477,2
4447,4
4336,8
4360,3
4277,1
4086,9
4019,2
4228,4
4165,9
3970,9
3781,3
3703,1
3530,1
3183,7
2919
2776,3
2710,1
2695,2
2731,2
2859
3241,5
3807,7
4104
4167,1
4253,7
4220,7
4107,1
4130,3
4065,1
3960,2
3973,9
4184,1
4120,8
3920,5
3753,3
3702,9
3525,3
3191,4
2981,6
2832
2773,2
2777,3
2836,1
2994,7
3431,1
4032,9
4390,9
4501,6
4661,3
4660,3
4527,1
4514,5
4427,9
4212,7
4101,3
4262,1
4148,9
3946,5
3756,8
3686,1
3500,2
3159,4
2917,3
2769,8
2715,1
2709,4
2754,5
2860,9
3255,8
3866,7
4148,1
4210,7
4264,8
4183,2
4023,6
3887,2
3734
3616,4
3610,8
3828,4
3831,8
3624,6
3445,8
3431,8
3298
3018,1
2798,7
2636,3
2561,9
2517,6
2510,3
2515,3
2601,5
2867,7
3167,9
3368,4
3468,7
3430,1
3383,4
3328,8
3273,2
3226,8
3303
3518,6
3542,8
3351,8
3214,6
3230,9
3131,4
2898,1
2701,4
2544,6
2473,6
2400,9
2389,2
2375
2395
2601,6
2874,5
3058,1
3158
3193,3
3175,1
3117,8
3089,7
3090,2
3186,5
3532,9
3612,8
3470
3350
3335,8
3151,2
2886,2
2716,5
2592,5
2532,4
2545,7
2596,5
2756,2
3253,7
3865
4139,9
4197,4
4322,5
4328,8
4242,4
4243,4
4176
3986,9
3938
4186,6
4118,5
3924,8
3721,6
3649,4
3392,1
3040,3
2791,9
2672,3
2615,1
2618,5
2685,8
2855,2
3324,5
3915,5
4193,4
4251,3
4350,8
4365,3
4304,2
4339,3
4249,2
4088
4061,9
4285,9
4189,2
3988,4
3801,5
3759,7
3489,7
3142,9
2941,9
2835,4
2783,1
2783,8
2808,5
2965,1
3441,9
4066,8
4299,7
4339,1
4433,4
4388,1
4286,3
4291,9
4194,2
4031,5
3995,2
4207,5
4128,6
3954,2
3784,4
3743,2
3463,4
3064
2828,6
2709,5
2647,7
2656,8
2706,1
2875,8
3398,5
4009,4
4247,2
4270,7
4348,6
4306,9
4202,4
4220
4145
4014,4
4028,4
4271,4
4192,7
3968,7
3814,2
3781,2
3466,6
3097,3
2864,2
2752,2
2700,6
2709,8
2769,2
2950,4
3429,2
4051,6
4370,3
4410
4484,2
4442,7
4323,3
4223,6
4051,3
3896
3904,2
4111,8
4089,9
3834,6
3652,7
3582,9
3308,4
3025,6
2759,2
2603,4
2518,6
2482,9
2473,3
2504,2
2590,2
2866,5
3218,3
3429
3501,2
3439
3312,9
3237,1
3169,9
3128,1
3195,2
3445,3
3488,6
3299,4
3208,8
3250,4
3067
2836
2680,9
2570,9
2501
2475,5
2541
2624,5
2670,9
2886,1
3104,9
3273,9
3397
3426,2
3423,9
3397,1
3321,1
3290,4
3347,6
3620,1
3657
3479,3
3354,9
3373,6
3145,1
2859,6
2660,1
2547,5
2554,5
2563,5
2624,1
2818,9
3310,4
3938,7
4213,1
4255,7
4321,9
4317,6
4266,1
4283,4
4197,2
4018,1
3997,5
4234
4163,3
3977,7
3810,2
3808,2
3491,6
3086,3
2825,1
2697,5
2639,6
2633,8
2682,1
2895,5
3379,7
4003,4
4262,2
4291,3
4352
4336,4
4270,7
4288,3
4216,9
4040,3
4011,8
4227,8
4127,8
3947,5
3808,1
3810,7
3497,9
3110
2852
2716,4
2673,6
2677,3
2740,5
2949,6
3430
4061,7
4357,6
4418,1
4486,4
4445,1
4356,3
4316,4
4247,4
4121,7
4087,1
4322,7
4248
4043,5
3904
3857,7
3510,8
3117,7
2874,2
2740,6
2687,9
2683,9
2747,3
2967,8
3487,4
4091,6
4365
4422,9
4472,5
4420,8
4324,2
4365,1
4284,8
4147,4
4117,4
4307
4216,9
4009
3887,7
3861,3
3517,1
3122,6
2875,1
2736,5
2686,4
2681,6
2750,6
2956,3
3439,2
4052,3
4294,4
4306,2
4332,2
4270,4
4123,9
4001,2
3824,9
3696,4
3733
3931,6
3930,4
3730,8
3579,6
3579,5
3316,6
3024
2785,6
2638,7
2559,5
2523
2519,3
2555,3
2622,9
2895,8
3277
3380,6
3421,8
3376,2
3286,3
3217,4
3159,4
3116,6
3199,6
3462,6
3520,4
3373,9
3295,2
3318,6
3118,3
2868,3
2659,5
2546
2471,7
2440,3
2434,7
2451,7
2476,7
2689,9
2962,4
3127,8
3194,6
3194,4
3142,6
3117,4
3080,9
3089,2
3206,5
3556,8
3634,9
3524,4
3473,5
3495,7
3190,9
2893,4
2702,3
2608,8
2560,5
2580,9
2647,8
2888,2
3397,5
3996,8
4253,6
4275,6
4335,7
4317,6
4244,1
4265,8
4171
4022,1
3997,1
4255,5
4183,2
3990,2
3896,7
3874,7
3519,8
3130,6
2899,6
2777,6
2717,1
2728
2789,8
3002,2
3497,2
4073,9
4304,1
4316,3
4368,4
4328,6
4238,8
4279
4227,9
4100,5
4073,7
4298,3
4197,4
4005,5
3935,1
3884,7
3530,1
3135
2890,7
2757,1
2702,2
2719,6
2765,8
2992,5
3478,5
4070,7
4307,9
4323,7
4364,2
4313,9
4249,8
4284,4
4205
4032,4
4020,4
4223,4
4162
3993,5
3946,9
3862,5
3509,1
3130,1
2876,5
2759,2
2703
2702,3
2767,5
2996,5
3501,6
4064,1
4315,5
4374,9
4455,7
4428,9
4358,5
4386,6
4299,5
4135,6
4095,5
4287,6
4184,1
3996,5
3944,9
3869,8
3492,4
3127,4
2887
2762,1
2718,1
2712,8
2765,1
2996,2
3515,8
4116,8
4388,3
4410,9
4471,2
4414,4
4284,9
4171,9
3991,7
3826,6
3794,1
3989,7
3971,7
3760,8
3664,1
3567,4
3281,2
2990,6
2766,1
2624,9
2546,8
2502,8
2511,4
2564,6
2649,2
2923,2
3241,1
3454,9
3541,8
3495,5
3415
3378,7
3291,3
3235,7
3315,7
3504,3
3536,8
3362,2
3304,9
3246,3
3020,9
2784,6
3332,6
2467,1
2394,6
2362,3
2369,5
2417,2
2434,1
2641,2
2936,3
3142,4
3246,6
3293,3
3285,7
3292,1
3288,8
3279,1
3397,1
3743,3
3760,4
3605,5
3580,9
3421
3113,5
2839,9
2680,8
2620,4
2630,4
2635,1
2679,6
2954
3561,9
4182,7
4444,5
4512,2
4617,7
4594,4
4481,4
4492,6
4408,5
4285,7
4325,7
4520,9
4400,5
4194,5
4103,8
3877,7
3507,8
3124,4
2901,5
2759,8
2701,6
2691,3
2761,4
2980,2
3533,3
4139,4
4393,4
4438,3
4491,1
4473,2
4368,3
4415,8
4327
4140,4
4087
4314,9
4218,9
4006,4
3971
3820
3458,2
3079,9
2812,1
2682,4
2634,9
2642,5
2711
2968,6
3545,8
4155,1
4393,5
4441,6
4547,6
4541,6
4466,8
4477,7
4381,6
4215,6
4177,3
4417,1
4317,6
4133,1
4088,1
3869,7
3492,3
3107,8
2873,1
2737,3
2682,6
2675,6
2770,4
3006,3
3610,2
4192,5
4422,8
4454,2
4494,2
4462,3
4366,4
4358,7
4237,3
4054,1
4015,9
4232,5
4194
4040,7
4056,7
3886,1
3535,8
3185,2
2982,7
2841,4
2797,8
2795,6
2847,7
3060,8
3596,4
4181
4389
4383,5
4370,3
4291,3
4124,4
4128
3910,7
3778
3788,1
4032,7
4082,8
3885,3
3871,1
3681,9
3333,8
3033,1
2816,2
2705,9
2619,8
2589,7
2581,2
2629,7
2699,8
2967,7
3268
3434,9
3494,6
3444
3327,2
3255,7
3214,3
3199,7
3292,2
3605,4
3622,5
3469,7
3507,6
3363,8
3141,8
2883,6
2696,5
2583,9
2525,8
2503,7
2487,7
2539
2615,8
2802,8
3084,7
3222
3276,8
3370,2
3274,8
3315,9
3330,4
3356,1
3428,4
3755,5
3781,2
3674,6
3682,6
3478,3
3147,8
2833,4
2646,6
2582,6
2525,1
2541
2607,2
2870,6
3527
4127,5
4407,1
4502,6
4619,7
4637
4554,7
4586,1
4559,7
4420,7
4407,1
4648,8
4514,9
4326,7
4163,1
3863,5
3475,3
3078,7
2827
2726,3
2700
2689,6
2738,5
2939,5
3553
4109,6
4312,3
4290
4307,4
4242,9
4160,8
4193,3
4130,7
4015,1
4059,4
4368,9
4290,6
4147,5
4098,6
3841,5
3474,4
3074
2846,8
2728,3
2682
2702,4
2761,7
3004,1
3639,5
4211,3
4395,3
4398
4419,6
4353,6
4254,3
4257,9
4190,6
4054,6
4039,4
4313
4245,8
4086,3
4081,7
3834,6
3452,1
3067,5
2822,2
2696,9
2641,6
2646,9
2721
2990,4
3649,2
4245,6
4489,4
4495,1
4553,8
4505,6
4409,4
4415,1
4331,8
4181,2
4180,8
4394,5
4302,8
4152,9
4153,9
3888,5
3501,5
3123,3
2852,6
2726,6
2669,3
2667,8
2744,2
2995,9
3639,4
4176,4
4389,3
4401,2
4441,2
4340,1
4139,7
4015,1
3864,9
3749,9
3781,6
4046,2
4041,3
3885,7
3841
3564,8
3280
2953,4
2716,8
2578
2507,8
2484,2
2486,5
2558,6
2699,3
2936,5
3258,4
3461,5
3521
3456,9
3376,4
3290,1
3248
3254,4
3382,7
3694,1
3749
3624,8
3593,2
3361,6
3123,7
2896,5
2697,6
2580,3
2522,4
2509,5
2501,8
2548,3
2668,8
2840,8
3132,7
3305,6
3388,4
3423,5
3372,6
3307,3
3274,8
3285,5
3399
3776,1
3844,1
3783,2
3685,5
3449,6
3177,3
2924,9
2777,4
2700,1
2663,5
2674,3
2739
2994,6
3652,4
4288,9
4481,4
4411,3
4458,9
4373
4279,5
4297,2
4221,7
4092
4037,2
4321,5
4242
4154,1
4130,3
3818,5
3415
3038,7
2847,9
2762,1
2697,6
2729
2768,1
3026,3
3653,3
4215,7
4421,8
4429,8
4488,3
4425
4327,1
4368,8
4311,6
4148,1
4137,2
4426,7
4307,5
4228,5
4163,8
3876
3482,3
3115,6
2888,7
2754,3
2702,4
2709,7
2765,1
3000,2
3678,6
4264,6
4457,9
4463,7
4479,1
4393,6
4281,4
4333,9
4302
4134,7
4101,2
4377,4
4256
4257
4228,5
3900,5
3494,4
3120,1
2892,1
2783,4
2710,5
2715,8
2789,7
3046
3693,5
4269
4429,9
4394,2
4378,8
4332,1
4250,4
4251,2
4169,4
4038,5
4047,4
4312,5
4267,4
4228,8
4176,9
3851,2
3477,3
3090,9
2842,8
2730,7
2683,1
2677,5
2757,9
2997,4
3669,3
4253,7
4431,3
4423
4382,6
4325,8
4179,6
4071,9
3874,1
3741,1
3807,2
4104,7
4163,9
3986,4
3844,1
3565
3272,7
2980,2
2761,5
2616,5
2543,6
2517,7
2531,6
2598,2
2776,3
3008,5
3299,1
3438,5
3493,6
3430,1
3397,8
3340,3
3244,9
3286,9
3342,6
3660,1
3673,2
3706,8
3602,6
3330,9
3089,3
2852,5
2677,5
2604
2561,7
2536,7
2516,5
2552,2
2664
2844
3148,2
3341,8
3465,7
3497,6
3509,1
3486
3515
3471,7
3600
3997
4080
4016,8
3863,3
3612,1
3336,1
3051,4
2842,4
2715,6
2667,2
2705,8
2804
3087,6
3658,7
4229,2
4429,4
4390,4
4510,3
4457,2
4379,4
4477,2
4326,5
4072,2
3931,8
4523,1
4316
4253,1
4135,9
3819,3
3429,7
3065,2
2841,9
2708
2659
2667,7
2744
3000,5
3685,6
4257,6
4441,8
4450,2
4489,2
4438,1
4301,3
4286,5
4171,1
3999,4
3981,3
4271,8
4252,9
4269,1
4130,4
3845,5
3481,4
3097,4
2860,4
2756,2
2713,8
2731,2
2790,8
3042,3
3726,4
4324,6
4507,7
4468,3
4452,8
4362,7
4234,4
4265,8
4204,3
4109,8
4156,6
4472,2
4450,7
4433,5
4216,2
3903
3524,9
3158,2
2928,7
2798,7
2752,2
2754,8
2799
3064,1
3761,7
4333,8
4502,8
4417,5
4389,7
4306
4156,3
4154,9
4111,1
4011,5
4018,6
4292,2
4302,8
4372,7
4192,7
3856
3481,6
3120,2
2882,7
2752,4
2709,3
2726,2
2795,1
3031,4
3693,6
4300,3
4472,3
4419,6
4381,7
4409,9
4003
3947,1
3816,2
3655,7
3715
4018,4
4075,3
4083,9
3866,8
3579,8
3313,2
3002,8
2781,7
2617,9
2569
2549,7
2574,7
2621,4
2838
3057
3353,6
3456,3
3469,8
3398,4
3285,1
3213,7
3165,5
3170,5
3292,3
3634,5
3732,2
3739,4
3594,5
3395,7
3140,9
2983,5
2731,3
2594,9
2516,1
2485,4
2503,2
2543,7
2684,3
2893,2
3205,5
3253,8
3307,6
3321,8
3308,3
3227,2
3231,3
3253,9
3421,7
3726
3868,2
3929,1
3755,7
3565,6
3177,9
2953,2
2774,3
2663,9
2635,3
2657,9
2736,2
2950,9
3683,9
4302,9
4510,7
4455,8
4449
4402,3
4309,6
4342
4358,7
4274,9
4147,1
4377,2
4360
4439,3
4225,2
3892,2
3507,2
3169,1
3867,9
2781,5
2734,4
2737,5
2818,4
3079,7
3702,4
4342,8
4584,7
4509,5
4450,5
4371,9
4292,6
4297,5
4222,3
4068,8
4069,4
4376,5
4370,8
4454,5
4225,5
3936,6
3541
3169,4
2923,8
2814,8
2758,1
2796,8
2874,8
3114,1
3876,6
4360,6
4560,5
4506,4
4551,2
4429,2
4399,3
4399,2
4282,3
4131,7
4130,6
4387,8
4433
4529
4282,3
4032,1
3606,3
3229,4
3023,4
2840,2
2807,6
2820,1
2886,3
3155,2
3860,3
4479,8
4615,3
4555
4551,8
4467,1
4400,3
4410,3
4345,4
4294,8
4338,3
4512,1
4551,6
4595,2
4398,3
4222
3863,6
3387,2
3118,3
2975,6
2911,8
2924,1
2991
3215,3
3849,9
4440
4597,7
4570
4628,4
4554,8
4408,4
4321,6
4180,2
4085,9
4158,9
4441,1
4446,6
4342,2
3999,9
3675,4
3367,4
3091,2
2901,9
2725
2640
2635,8
2624,2
2703
2941,9
3202,9
3479,2
3643,6
3758,4
3743,3
3609,2
3532,4
3461,7
3432,4
3566
3888,1
3931,9
3903,3
3641,4
3399,6
3162,4
2924,6
2711,7
2575,4
2498,5
2485
2488
2552
2704,4
2909,2
3169
3316
3359,2
3332,2
3279
3235,3
3207,2
3233,9
3383,1
3812,9
3978,3
4017,8
3785
3511,6
3160,7
2895,9
2701,3
2600,5
2588,2
2610,1
2665,1
2927,4
3702,4
4397,4
4537,7
4511,1
4538
4477,8
4351,5
4334,3
4272,1
4107,6
4089,5
4399,3
4476,7
4550,4
4237,5
3918,5
3493,3
3127,6
2904,9
2791,7
2728,1
2731
2813,5
3019,8
3763,1
4471
4594,5
4581,5
4591,3
4545,1
4443,1
4460,2
4404,8
4291,9
4291
4594,4
4627,6
4584,5
4245,7
3924,9
3540,5
3158,8
2925,7
2778,6
2738,9
2799,3
2800,6
3054,5
3772,6
4512,7
4604,2
4636,1
4600,7
4585,9
4499,2
4517,5
4487,4
4362,4
4398,3
4703,2
4706,4
4611,6
4275,3
3985,6
3563,6
3142,4
2965,6
2838
2775,5
2773,6
2830,6
3077,9
3819
4509,2
4680,7
4623,2
4589,7
4528,5
4417,7
4429,5
4360,2
4225,7
4247,4
4562,8
4640,7
4594,9
4270,1
3954,8
3599,4
3215,2
2974,2
2877,7
2820,5
2831
2906,9
3126
3755,5
4523,1
4708,6
4707,7
4829
4701
4500,9
4398
4142,5
4006,2
4125
4420,8
4513,5
4350,3
4029,1
3743
3514,7
3166,9
2900,2
2706,8
2630,3
2616,2
2619,9
2710,6
2881,6
3183,1
3467,2
3657,2
3726,8
3692,1
3629,1
3513,8
3471,6
3469,1
3614
3916,6
4114,5
3990,1
3738,8
3502,5
3253,7
3016,8
2798
2707,5
2594,7
2578,8
2564,2
2600,1
2703,6
3003,4
3217,3
3461,9
3541,6
3540,7
3498,9
3464,3
3446
3471,5
3636,7
4079,5
4243,3
4083,7
3793,8
3534,8
3252
2981,6
2803
2647,2
2599,5
2639,1
2659,7
2923,4
3538,1
4219
4475,9
4492,1
4511,4
4421,1
4291,4
4265,9
4153,9
4008,1
3965,1
4324,2
4562,9
4461,4
4143,7
3820,2
3489,3
3131,1
2877
2755,3
2708,2
2690,2
2770,6
2994,2
3597,3
4268,2
4527,9
4603,9
4689
4637,5
4516,1
4490,7
4404,4
4279,7
4259,4
4555,3
4670,8
4504,7
4159,7
3862,9
3530,1
3171,8
3003
2849
2793,6
2808
2844,4
3069,8
3656,3
4327,4
4583,8
4649,6
4689,4
4612,9
4462,9
4436,1
4338,6
4193,4
4199,7
4567,5
4709,6
4526,5
4193,4
3906,6
3576,1
3200,3
2941
2835
2769,7
2782,2
2841,3
3078,4
3653,7
4343,9
4655,2
4749
4843
4791,3
4656,3
4645,4
4544,1
4386
4373,1
4663,9
4796,4
4617,8
4305,2
4024,4
3685,8
3343,3
3146,5
2978,1
2926,1
2919,2
2983,1
3230,1
3727
4329,2
4582,2
4590,2
4570,5
4423,8
4193,8
4026,3
3836,1
3755,6
3935,6
4198,7
4494,2
4324,3
3968,3
3718,8
3448,5
3162,7
2919,5
2765
2683,5
2651,7
2661
2728,6
2926,6
3212,1
3472,8
3700,1
3815,3
3789,8
3715,1
3654,5
3610,2
3592,2
3704,6
4059,5
4273,5
4012,3
3726,8
3496,4
3255,9
3026,5
2814,9
2678,4
2593,8
2559
2558,2
2599,9
2767,2
3124,8
3420,8
3532,7
3640,8
3677,1
3612,3
3540,1
3484,9
3476,7
3623,9
4068,9
4363,9
4147
3847,2
3578,5
3267
2985,5
2776,1
2666,4
2632,4
2644,3
2715,1
2995,5
3715,1
4538,9
4734,4
4758,8
4795,6
4763
4637,2
4640,7
4577,2
4404
4392,2
4779,7
4906,1
4678,7
4318,7
3996,5
3621,2
3247,7
3074,9
2979,1
2938,9
2973,7
2946,8
3148,6
3797,6
4609,4
4712,7
4640,7
4653
4561,8
4382,2
4342,9
4350,2
4218,1
4220,5
4596
4850,6
4676,4
4323,8
4084,9
3649,9
3298,2
3108,1
2880,1
2820,1
2831,3
2904,5
3144,5
3756,7
4581,8
4760,5
4721,5
4801,1
4770,4
4716,7
4714,1
4640,7
4537,1
4565,1
4896,3
4949,4
4720,6
4393,3
4170,2
3720,4
3341
3142,9
2959,7
2892,7
2880,5
2950,5
3183,5
3777,4
4661,7
4795,1
4729,3
4685,1
4608,5
4527,6
4631,3
4470
4285,7
4308,9
4707,5
4911
4702,8
4380,2
4049,6
3644,9
3262,2
2993,1
2860,3
2782,2
2777,1
2869
3153,2
3823,3
4619,8
4758,6
4717,7
4689,8
4528,7
4344,8
4270,8
4184,2
4086,5
4173,1
4646,7
4733,5
4456,9
4086,8
3771,3
3483,9
3303,8
2969,5
2834,4
2766
2732,1
2698,9
2782,6
2991,1
3308,4
3555,2
3741,7
3822,5
3821,8
3795,2
3714
3664,2
3682,8
3780,1
4118,7
4288,1
3980,6
3743
3554,4
3311,4
3078
2883,5
2711,1
5177,2
2601,3
2636,2
2726,5
2937,8
3250,2
3509,9
3661,1
3804,9
3843,5
3817,3
3834,3
3862,4
3841,1
4093,5
4668,9
4547,9
4212,4
3934,2
3699
3383,5
3098,2
2910,9
2822,3
2811,7
2823,3
2861,4
3120,7
3819,7
4445,7
4688,8
4747,1
4907,1
4947,9
4870,6
4832,7
4727,2
4495,6
4521,1
5106,3
4877,3
4585,4
4291,8
3982,3
3571
3269,6
3112,1
2998,8
2959,8
2940,7
2981,8
3218,7
3889,3
4533,4
4685,6
4675,2
4696,7
4702,1
4617,6
4656,5
4583,4
4434,1
4572,3
5216,4
5030,6
4677,4
4320,3
3973,9
3595,9
3264
2997,1
2880,9
2831,8
2846,8
2956,7
3215,4
3916,1
4555,3
4694,1
4649,9
4690,1
4650
4551,2
4542,1
4439
4356,3
4544,5
5223
5067,7
4708,9
4355,4
4018,5
3605,6
3211,5
2989,7
2883,3
2845,5
2864,2
2967,7
3244,7
3936,8
4597,7
4765,4
4764,7
4845,8
4870,2
4789,3
4770,4
4697,8
4607,4
4786
5242,8
5025,7
4684,1
4353,3
4028,1
3651,5
3271,8
4484,3
2927,1
2868,2
2881,1
2975,2
3260
3952,5
4607,4
4737,5
4716,3
4730,6
4661,1
4472,8
4373,2
4269
4246,4
4465,2
4957,7
4762,1
4371,4
3982,8
3698,8
3409,9
3088,9
2883,9
2761,6
2690,4
2665,1
2682,7
2766,6
2975,9
3277,8
3591,3
3786,7
3902
3866,8
3791,3
3734
3683,6
3714,3
4004,1
4548,5
4396,1
4020,3
3732,3
3483
3249,5
3049,1
2871,7
2766,4
2691,5
2657,1
2691,9
2783,4
2957,8
3239,2
3483,1
3661,2
3715,7
3716,5
3723,6
3797,3
3831,5
3918,2
4221,1
4802,8
4674,2
4348,1
4046,4
3797,1
3481,2
3192,6
3028,3
2922,3
2858,2
2862,5
2921,4
3208,8
3910,6
4573,4
4717,2
4730,2
4795,8
4773
4673,8
4689,7
4631,1
4530,5
4730
5348,1
5157,1
4804,2
4422,1
4096,9
3698,9
3313,8
3091,4
2962,2
2914
2924,1
3006,5
3253,5
3946,8
4641,4
4749,6
4670,6
4630,3
4585,3
4483,8
4541,3
4534,8
4466,5
4700
5299,8
5088,2
4757
4388,6
4039,1
3647,3
3255,9
3016,9
2893,3
2864,4
2868,1
2945,3
3224,2
3956,9
4723,6
4868,5
4859,2
4888
4820,2
4691,2
4690,1
4630,3
4551,1
4777,5
5346,6
5158,2
4800,6
4432,7
4100,8
3710,5
3312,1
3066,5
2962,7
2909,8
2915,3
2984,8
3255
3976,7
4736
4888,5
4905
4936,6
4878,9
4769,4
4731,8
4675,3
4600
4824,7
5367,9
5145,5
4813,4
4471,6
4128,7
3694,1
3334,7
3131,2
3027,6
2971,5
2983,5
3052,9
3292,5
3981
4731,9
4839,3
4750,7
4757,4
4644,2
4474,8
4385,3
4277,4
4242,6
4557,3
5092,7
4935,4
4509,6
4106,4
3816,7
3506,5
3203,1
2998,1
2858,9
2784,5
2774,3
2810
2908,2
3150,7
3477,9
3770,5
3995,2
4126,8
4158,5
4145,9
4103,4
4171,9
4050,2
4290,8
4741,5
4565,5
4163,7
3902,5
3682
3438,6
3176,6
2974,3
2823,7
2742,8
2713,6
2711,7
2784,1
2970,7
3223,2
3502,6
3726,1
3830,4
3838,3
3794,9
3829
3865,6
3943,1
4287,8
4793
4545,3
4205,7
3932,5
3724,4
3383,4
3125,1
2911,9
2845,4
2802,4
2821,2
2891,1
3188,6
3958,2
4713,9
4868,2
4794,8
4795,8
4742,5
4675,9
4759,4
4764,1
4686,4
4975,3
5485,8
5213,7
4843,9
4468,5
4125,1
3748,5
3416
3195
3076,5
3018,6
3028,6
3109,2
3391,6
4052
4836
5012,2
5059,6
5157,3
5133,3
5015,4
5029,9
4975
4853,7
5061,4
5513,4
5232,3
4861,8
4502,8
4145,8
3730,1
3351,9
3129,4
3022,8
2971,7
2992,1
3078,6
3345,2
4050,7
4817
4919,6
4832,1
4806,3
4724,9
4622,7
4650,5
4632,2
4589,5
4909,8
5446
5201,2
4844,2
4503,9
4159,4
3724,3
3352,4
3112,8
3014,6
2967,4
2979,5
3049
3298,1
3999,8
4810,7
4956,6
4917,3
4960,1
4922,3
4831,4
4888,7
4855,8
4755,8
5026,7
5464,7
5196,4
4858,7
4505,8
4167,3
3763,5
3322,3
3096,3
2961,7
2910,3
2924,2
3009,4
3293,3
4044
4803
4940,2
4929,7
4971,3
4909,7
4768,5
4681,6
4558,5
4538,7
4885,3
5241
5017,8
4606,9
4216,2
3897,2
3648,2
3380,3
3103,8
2942
2856,1
2841,6
2844,5
2895,1
3120,3
3459,1
3724,6
3944,5
4063,2
4072,8
4023,2
3984,3
3953,2
3994,4
4338,1
4714,5
4507,6
4135,7
3898,7
3662,9
3405,8
3168
2954,4
2786,4
2702,5
2667,2
2668,1
2728,7
2912,3
3163,2
3383,6
3519,2
3555
3533,9
3490,3
3494,8
3562,1
3719,3
4216,7
4778,6
4644,2
4343,6
3993,2
3717,2
3400,7
3120,9
2940,9
2865,5
2836,9
2832,3
2890,4
3173,8
3971,9
4818,2
4990,6
5004,2
5062,2
5050,6
4986,5
5000,1
4963,3
4907,3
5150,6
5493,4
5206,5
4846
4491,1
4138
3692,6
3323,5
3109,4
2997
2946,8
2958,2
3030,1
3275,5
4020,8
4824,1
4979
4956,2
5018,3
4995,2
4912,4
4928,4
4851,1
4757
4991,8
5382,8
5162,9
4817,9
4510,2
4171,4
3802,4
3458,9
3186,9
3030,7
2987,9
2996,1
3085
3379,6
4143,4
4939,3
5076,3
5051,8
5058,4
4997,6
4870
4877,9
4832,8
4798,5
5142,1
5564,8
5320
4966,6
4632,7
4269
3854,5
3463,4
3219,4
3105,1
3060,5
3073,4
3152,8
3421,8
4166,1
4972,9
5110
5081,8
5135
5087
5021,8
5048,3
5016,2
4943,5
5209,9
5529
5276,2
4938,5
4587,6
4247,2
3853,5
3473
3199,3
3066,2
3005,7
3012,9
3094,2
3370,7
4089,8
4900
5088,5
5097,7
5136,1
5042
4865
4761,7
4612,1
4562,5
4897,4
5238,3
5033,8
4634,6
4293,9
4008,4
3693,9
3395,6
3166,7
3011,7
2938,5
2912,4
2929,3
2991,9
3193,8
3541,5
3806,8
4008,6
4090,1
4022,9
3930,9
3889,5
3928,3
4019,4
4432,2
4829,5
4626,2
4226,5
3973,2
3715,2
3476,2
3268,8
3072,7
2920,9
2849,4
2829,6
2841,6
2905,5
3103,8
3392,9
3640,5
3811,1
3812,2
3748,7
3744,9
3754,1
3802,9
3932,9
4398,7
4889,1
4759,4
4473,6
4174,4
3930,1
3612,7
3339,3
3175,7
3062,6
3031,9
3062,7
3127,7
3409,2
4169,3
5018,6
5151,9
5052
4984,1
4872,7
4780,5
4818,5
4823,9
4810
5191,1
5668,4
5420,5
5057,8
4709,7
4380,9
3938,6
3555,7
3348
3224,3
3187,5
3205,9
3285
3577,2
4366,6
5203,6
5332
5215,6
5169,2
5123,4
4982,6
5027,3
5006,7
4988,7
5331,3
5690,3
5393,9
5040,4
4660,8
4312,8
3896,5
3515,8
3279,9
3164,9
3097,7
3110,3
3190,6
3481,5
4179,1
4979,1
5183,2
5136,5
5200,3
5167,2
5050,8
5072,1
5033,3
4994,4
5265,9
5537,3
5274,7
4948,6
4625,6
4326,4
3935,6
3554,7
3279,3
3157,4
3105,2
3115
3212,7
3485,8
4227
5000,1
5126,9
5072,7
5062,9
4973
4864,2
4877,6
4877,5
4851,7
5172
5509,3
5272,8
4932,8
4591,4
4275,6
3873
3496,5
3261,2
3131,3
3057,4
3052,4
3109,7
3359,7
4070,9
4953,5
5139,1
5102,5
5139,1
5079,8
4960
4899,7
4811,4
4822,2
5061
5248,3
5025,4
4696,3
4373,4
4077,4
3788,4
3473,8
3219,9
3051
2960,7
2931,7
2943,3
3023,2
3232,3
3540,3
3820,6
4027,7
4169,3
4147,5
4045,5
3988
3988,4
4112,7
4473,9
4803,3
4644,9
4283,9
4019,5
3775,8
3541,1
3333,6
3150
2966,4
2898,1
2885,6
2913,2
3001,5
3178,9
3480,8
3750,4
3937,6
4032,8
4014,7
3912,7
3858,4
3876,8
3981,4
4408,6
4771,4
4643,5
4368,5
4097,4
3842,1
3527,5
3231,7
3029,5
2927,5
2892,5
2930,5
3047,1
3363,9
4163,6
4999,9
5177,9
5092,7
5090,2
5023,5
4899,8
4912,6
4885,3
4872,1
5248,8
5607,7
5373,7
5046,9
4676,7
4341,6
3896,1
3466,9
3192,3
3087,4
3036,1
3030,5
3100,1
3391,5
4189,3
5046,2
5272
5208,3
5264,2
5219,5
5118,7
5156,6
5129,2
5131,7
5363,1
5637
5355,1
5015,7
4653,5
4338
3906,9
3487,5
3241,7
3116,6
3060,2
3098,4
3160,3
3418,7
4153,2
4968
5213,4
5177,2
5206,8
5121
4951,2
4968
4907,6
4872,5
5229,3
5590,2
5367,6
5035,1
4678,7
4362,8
4010,2
3617,9
3376,1
3240,5
3173,6
3193,2
3273,1
3567
4303,3
5116,8
5349,8
5339,3
5448,2
5455,5
5411,4
5424,3
5381,1
5278,2
5461,5
5732,7
5426,4
4997,5
4635,5
4345,3
3961
3604,7
3431,7
3278,3
3209
3214,7
3265,9
3537
4217,8
5039,2
5267,8
5241,2
5288
5197
5015,7
4939,6
4871,6
4891,7
5242,1
5512,2
5302
4938,1
4604,5
4354
4052,2
3746,7
3489,7
3353,1
3253,3
3208,3
3208,8
3292,4
3483,4
3838,4
4125,5
4274,9
4304,8
4236,9
4169,3
4125,8
4158,5
4310,2
4735,2
5065,3
4909,7
4562,1
4293,6
4061,2
3810,5
3544,6
3304
3114,4
3020,8
3022,6
3043,7
3108,4
3284,5
3586,9
3925,9
4186,3
4400,4
4487,1
4485,5
4446,5
4484
4574,6
4776,9
5033,5
4877,5
4591,8
4286
4027
3704,5
3362,8
3199
3063,4
3018,2
3021,4
3097,3
3384,5
4092,2
4903,9
5146,5
5101
5160,6
5151,1
5057,4
5095,9
5064,7
5045,9
5306,7
5592,4
5341,4
5016,3
4663
4337,1
3931,6
3502,9
3227,6
3030,1
2984
2976,8
3045,7
3371,3
4129,9
4973,7
5223,5
5149,2
5200
5156,3
5075,7
5100,8
5053,1
5002,1
5277,9
5567,7
5316,4
4982
4626,6
4306,4
3919,5
3470,7
3185
3021,9
2961,3
2977,2
3066,8
3378,6
4155,4
5020,7
5282,4
5223,7
5258,9
5220,4
5101,5
5133,3
5086,5
5036,3
5287,7
5568,1
5321,1
4998,1
4673
4354
3951,9
3529
3254
3069,3
3021,4
3042,6
3178,2
3472,6
4250,2
5088,5
5313,4
5249,1
5260,8
5160,9
5028,7
5023,7
4992,4
4979,5
5322,3
5611,7
5372,6
5058,1
4727
4399,8
3977,2
3544,1
3252,7
3083,1
3016,3
3018,5
3104,4
3402,6
4093,3
4931,7
5215,3
5188
5240,5
5170,3
5011,7
4886,2
4760,8
4750,2
5011,1
5213,7
5006,5
4661,5
4314,4
4022,8
3717,7
3405,8
3164,2
2994,2
2898,2
2859,7
2875,4
2954,3
3172,7
3534,1
3890,7
4099,7
4218,8
4240,2
4168,5
4123,5
4127,6
4205,8
4536,8
4798,1
4658,5
4319,2
4058,3
3839,9
3597,2
3375,8
3229,3
3076,2
3008,6
3004,6
3025,5
3114,6
3290,6
3558,1
3835,4
4064,1
4164,7
4138,2
4014,4
3953,4
3957,1
4065
4443,4
4828,4
4747,2
4481,7
4203,8
3963,5
3656,4
3375,2
3227,2
3249,6
3174,6
3201,9
3290,6
3424,5
4121,5
4942,2
5241,8
5212,2
5262,4
5250,1
5142,4
5173,8
5153,8
5137,6
5342
5588,5
5352,7
5003,1
4625,2
4296,5
3873,6
3451,2
3176,7
3022,3
2966,2
2971,2
3045,3
3346
4128,8
4939,6
5272,6
5217,3
5217,4
5120,3
4981,1
4963,8
4902,1
4887
5186,8
5517,3
5357,8
5036,3
4689,3
4390,7
4000,9
3616
3329
3172
3109,9
3107,2
3203,5
3479,1
4215,5
5050,1
5309,7
5236,9
5297,8
5261,5
5163
5182,8
5143,2
5092
5328,4
5566,9
5360,7
5039,3
4670,9
4339,3
3939,2
3525,5
3285,2
3173,9
3121
3148
3224,3
3485,9
4183
5003,9
5300,9
5256,5
5298,2
5258,6
5159,2
5159,2
5091,4
5055
5265,8
5499
5301,3
4968,4
4595,1
4281,1
3881,7
3501,8
3237,6
3106,5
3066,1
3066,5
3145,2
3407,8
4133,9
4924
5198,6
5136,2
5148
5031,9
4807,8
4657,5
4547,7
4550,3
4882,4
5163,8
5017,1
4667,8
4343
4080,6
3806,4
3518,4
3275,6
3106,3
3083
3016,2
3059,2
3146,4
3367,8
3776,5
4063,4
4315,1
4453,7
4452,8
4388,9
4329,6
4317,1
4405,4
4674,8
4932,5
4812,5
4508,9
4213,2
3975,7
3727,3
3469,9
3358
3177,3
3136
3099,2
3090,7
3152,3
3344,3
3599,1
3874,1
4067,3
4181,2
4214
4165,5
4204,6
4217
4321,7
4685,7
4868,2
4744,8
4489,2
4221
3995,2
3692,6
3377,7
3252,7
3103,9
3041,8
3015,1
3027,1
3176,8
3696,9
4039,2
4430,3
4563,4
4609,4
4565,4
4469,7
4433,3
4418,9
4505,6
4840,3
5076,6
4895,5
4607,8
4367,8
4131,7
3846,8
3535,4
3329,7
3171,6
3082,6
3038,1
3086,1
3155,8
3332,4
3592,7
4012,9
4260,2
4402,4
4400,7
4395,8
4381,3
4396,2
4542,2
4766
4960,6
4166,2
3783,4
3706
3551,4
3410,1
3320,7
3189,3
2994,7
2839,6
2815,1
2800
2853,4
2967
3128,3
3340,5
3552,4
3698,6
3797,1
3767,3
3635,3
3551,6
3611,9
3905,9
4149,1
4105,7
3931,7
3729,6
3546,8
3330,6
3085,5
2887,3
2761,9
2682,4
2685,9
2721,8
2812,2
2978,3
3215,9
3469
3729,9
3914,6
3982,8
3875,5
3705,5
3638
3730,7
4017,3
4191,5
4162,8
4010,2
3846
3674,3
3447,3
3161,7
2941,3
2805,3
2758,6
2745
2796,4
2960,6
3304,9
3762,7
4096,3
4331,3
4633,4
4566,7
4555,2
4538,6
4516,9
4575,5
4753,9
4947,7
4814
4516,9
4204,7
3976,1
3703,3
3478,4
3303,3
3142
3058,3
3020,1
3025,2
3081
3160,5
3427,7
3687,6
3923,5
4055
4091,8
3999,2
3946,4
3884,7
3913,7
4231,7
4593
4524,2
4235,9
3947,2
3731,5
3494,4
3239,7
3029,7
2877,9
2784,8
2759,9
2775
2838,9
3008,8
3280,8
3530,5
3707,4
3876,5
3925,5
3866
3797,7
3807,2
3890,8
4244,1
4636,3
4592,8
4316,9
3985,6
3721,9
3442,9
3200,2
3024,7
2870,3
2786,5
2773,7
2820,3
2980,3
3327
3728,5
4077,3
4259,3
4373,2
4353,4
4260,6
4229
4201,9
4267,6
4613,8
4969,1
4912,3
4620,2
4309,3
4104,1
3799,9
3520,6
3209,6
2989,9
2887,7
2848,4
2855,8
2943,5
3142,9
3399,6
3681,2
3868,8
3967,3
3967,4
3934,4
3876,8
3863,2
3999,6
4463,7
4796,4
4545,1
4066,8
3793,2
3686,3
3512
3387,6
3209,6
2989,9
2887,7
2848,4
2855,8
2943,5
3142,9
3399,6
3681,2
3868,8
3967,3
3967,4
3934,4
3876,8
3863,2
3999,6
4463,7
4796,4
4545,1
4066,8
3793,2
3686,3
3512
3387,6
