0.000000
0.000000
0.000000
0.000000
0.000000
0.000000
0.000000
0.000000
0.001000
0.011667
0.017409
0.018015
0.015197
0.009500
0.002303
0.000000
0.000000
0.000000
0.000000
0.000000
0.000000
0.000000
0.000000
0.000000
0.000000
0.000000
0.000000
0.000000
0.000000
0.000000
0.000000
0.000000
0.002227
0.051439
0.099667
0.132667
0.127879
0.064818
0.012621
0.000000
0.000000
0.000000
0.000000
0.000000
0.000000
0.000000
0.000000
0.000000
0.000000
0.000000
0.000000
0.000000
0.000000
0.000000
0.000000
0.000000
0.001682
0.051303
0.098439
0.119348
0.108424
0.068212
0.016864
0.000000
0.000000
0.000000
0.000000
0.000000
0.000000
0.000000
0.000000
0.000000
0.000000
0.000000
0.000000
0.000000
0.000000
0.000000
0.000000
0.000000
0.007132
0.090485
0.141970
0.158182
0.138515
0.088879
0.021515
0.000000
0.000000
0.000000
0.000000
0.000000
0.000000
0.000000
0.000000
0.000000
0.000000
0.000000
0.000000
0.000000
0.000000
0.000000
0.000000
0.000000
0.003439
0.022288
0.035606
0.040879
0.037045
0.022348
0.005970
0.000000
0.000000
0.000000
0.000000
0.000000
0.000000
0.000000
0.000000
0.000000
0.000000
0.000000
0.000000
0.000000
0.000000
0.000000
0.000000
0.000000
0.003303
0.022076
0.034015
0.039318
0.033939
0.020788
0.006500
0.000000
0.000000
0.000000
0.000000
0.000000
0.000000
0.000000
0.000000
0.000000
0.000000
0.000000
0.000000
0.000000
0.000000
0.000000
0.000000
0.000000
0.006081
0.085424
0.137152
0.133333
0.087348
0.041773
0.008924
0.000000
0.000000
0.000000
0.000000
0.000000
0.000000
0.000000
0.000000
0.000000
0.000000
0.000000
0.000000
0.000000
0.000000
0.000000
0.000000
0.000000
0.002045
0.037970
0.076545
0.078758
0.060379
0.043803
0.013727
0.000000
0.000000
0.000000
0.000000
0.000000
0.000000
0.000000
0.000000
0.000000
0.000000
0.000000
0.000000
0.000000
0.000000
0.000000
0.000000
0.000000
0.001106
0.018061
0.048227
0.080712
0.089030
0.050212
0.014530
0.000000
0.000000
0.000000
0.000000
0.000000
0.000000
0.000000
0.000000
0.000000
0.000000
0.000000
0.000000
0.000000
0.000000
0.000000
0.000000
0.000000
0.000909
0.006545
0.013712
0.019379
0.026242
0.028909
0.014712
0.000015
0.000000
0.000000
0.000000
0.000000
0.000000
0.000000
0.000000
0.000000
0.000000
0.000000
0.000000
0.000000
0.000000
0.000000
0.000000
0.000000
0.008268
0.067076
0.103636
0.120788
0.113879
0.056455
0.021985
0.000030
0.000000
0.000000
0.000000
0.000000
0.000000
0.000000
0.000000
0.000000
0.000000
0.000000
0.000000
0.000000
0.000000
0.000000
0.000000
0.000000
0.002106
0.015258
0.022652
0.023500
0.018697
0.011697
0.004242
0.000091
0.000000
0.000000
0.000000
0.000000
0.000000
0.000000
0.000000
0.000000
0.000000
0.000000
0.000000
0.000000
0.000000
0.000000
0.000000
0.000000
0.001788
0.023439
0.037000
0.047879
0.057955
0.055106
0.025985
0.000409
0.000000
0.000000
0.000000
0.000000
0.000000
0.000000
0.000000
0.000000
0.000000
0.000000
0.000000
0.000000
0.000000
0.000000
0.000000
0.000000
0.006661
0.062318
0.109409
0.132409
0.122121
0.092879
0.036227
0.000621
0.000000
0.000000
0.000000
0.000000
0.000000
0.000000
0.000000
0.000000
0.000000
0.000000
0.000000
0.000000
0.000000
0.000000
0.000000
0.000000
0.005652
0.012106
0.014167
0.014136
0.012955
0.011985
0.008061
0.000545
0.000000
0.000000
0.000000
0.000000
0.000000
0.000000
0.000000
0.000000
0.000000
0.000000
0.000000
0.000000
0.000000
0.000000
0.000000
0.000000
0.007394
0.033136
0.059258
0.089833
0.093182
0.061515
0.020985
0.000727
0.000000
0.000000
0.000000
0.000000
0.000000
0.000000
0.000000
0.000000
0.000000
0.000000
0.000000
0.000000
0.000000
0.000000
0.000000
0.000000
0.023900
0.089273
0.134136
0.158955
0.151106
0.092712
0.037818
0.001500
0.000000
0.000000
0.000000
0.000000
0.000000
0.000000
0.000000
0.000000
0.000000
0.000000
0.000000
0.000000
0.000000
0.000000
0.000000
0.000000
0.010303
0.057545
0.099061
0.123394
0.112439
0.074803
0.030803
0.001561
0.000000
0.000000
0.000000
0.000000
0.000000
0.000000
0.000000
0.000000
0.000000
0.000000
0.000000
0.000000
0.000000
0.000000
0.000000
0.000000
0.016295
0.069015
0.107273
0.122212
0.104091
0.067818
0.029182
0.001955
0.000000
0.000000
0.000000
0.000000
0.000000
0.000000
0.000000
0.000000
0.000000
0.000000
0.000000
0.000000
0.000000
0.000000
0.000000
0.000000
0.015000
0.046894
0.068121
0.072030
0.060212
0.045121
0.022303
0.001833
0.000000
0.000000
0.000000
0.000000
0.000000
0.000000
0.000000
0.000000
0.000000
0.000000
0.000000
0.000000
0.000000
0.000000
0.000000
0.000000
0.020470
0.056939
0.082000
0.091061
0.085712
0.064530
0.031667
0.003227
0.000000
0.000000
0.000000
0.000000
0.000000
0.000000
0.000000
0.000000
0.000000
0.000000
0.000000
0.000000
0.000000
0.000000
0.000000
0.000000
0.035785
0.103803
0.163894
0.189258
0.173545
0.123364
0.056773
0.005273
0.000000
0.000000
0.000000
0.000000
0.000000
0.000000
0.000000
0.000000
0.000000
0.000000
0.000000
0.000000
0.000000
0.000000
0.000000
0.000000
0.043840
0.117955
0.173394
0.197152
0.189106
0.142803
0.066909
0.005909
0.000000
0.000000
0.000000
0.000000
0.000000
0.000000
0.000000
0.000000
0.000000
0.000000
0.000000
0.000000
0.000000
0.000000
0.000000
0.000000
0.016106
0.036712
0.065758
0.082758
0.087076
0.077379
0.046727
0.006227
0.000000
0.000000
0.000000
0.000000
0.000000
0.000000
0.000000
0.000000
0.000000
0.000000
0.000000
0.000000
0.000000
0.000000
0.000000
0.000000
0.053833
0.136318
0.197864
0.222500
0.207182
0.152333
0.070621
0.007015
0.000000
0.000000
0.000000
0.000000
0.000000
0.000000
0.000000
0.000000
0.000000
0.000000
0.000000
0.000000
0.000000
0.000000
0.000000
0.000000
0.009182
0.018030
0.025318
0.026379
0.021939
0.015818
0.008833
0.002182
0.000000
0.000000
0.000000
0.000000
0.000000
0.000000
0.000000
0.000000
0.000000
0.000000
0.000000
0.000000
0.000000
0.000000
0.000000
0.000000
0.049136
0.126227
0.189076
0.215561
0.201939
0.152091
0.080379
0.011227
0.000000
0.000000
0.000000
0.000000
0.000000
0.000000
0.000000
0.000000
0.000000
0.000000
0.000000
0.000000
0.000000
0.000000
0.000000
0.000000
0.009818
0.021515
0.031152
0.034333
0.031758
0.021424
0.009909
0.001561
0.000000
0.000000
0.000000
0.000000
0.000000
0.000000
0.000000
0.000000
0.000000
0.000000
0.000000
0.000000
0.000000
0.000000
0.000000
0.000000
0.055667
0.122061
0.172333
0.185333
0.159712
0.124500
0.065742
0.011015
0.000000
0.000000
0.000000
0.000000
0.000000
0.000000
0.000000
0.000000
0.000000
0.000000
0.000000
0.000000
0.000000
0.000000
0.000000
0.000000
0.045667
0.108485
0.159894
0.182439
0.169833
0.132076
0.073318
0.013621
0.000000
0.000000
0.000000
0.000000
0.000000
0.000000
0.000000
0.000000
0.000000
0.000000
0.000000
0.000000
0.000000
0.000000
0.000000
0.000000
0.046939
0.088424
0.115091
0.126667
0.119379
0.098561
0.059333
0.012545
0.000000
0.000000
0.000000
0.000000
0.000000
0.000000
0.000000
0.000000
0.000000
0.000000
0.000000
0.000000
0.000000
0.000000
0.000000
0.000000
0.049364
0.103545
0.143515
0.155667
0.148470
0.114530
0.068000
0.015970
0.000000
0.000000
0.000000
0.000000
0.000000
0.000000
0.000000
0.000000
0.000000
0.000000
0.000000
0.000000
0.000000
0.000000
0.000000
0.000000
0.044864
0.089318
0.122924
0.138803
0.134470
0.107652
0.058742
0.013985
0.000000
0.000000
0.000000
0.000000
0.000000
0.000000
0.000000
0.000000
0.000000
0.000000
0.000000
0.000000
0.000000
0.000000
0.000000
0.000000
0.047091
0.093697
0.129636
0.146485
0.137985
0.107076
0.061530
0.015894
0.000000
0.000000
0.000000
0.000000
0.000000
0.000000
0.000000
0.000000
0.000000
0.000000
0.000000
0.000000
0.000000
0.000000
0.000000
0.000000
0.059818
0.119152
0.157545
0.166939
0.147606
0.109818
0.062530
0.016348
0.000000
0.000000
0.000000
0.000000
0.000000
0.000000
0.000000
0.000000
0.000000
0.000000
0.000000
0.000000
0.000000
0.000000
0.000000
0.000000
0.062530
0.130530
0.187682
0.210197
0.202106
0.172045
0.112076
0.030742
0.000000
0.000000
0.000000
0.000000
0.000000
0.000000
0.000000
0.000000
0.000000
0.000000
0.000000
0.000000
0.000000
0.000000
0.000000
0.000442
0.068394
0.114303
0.148030
0.160303
0.155591
0.118712
0.071788
0.021121
0.000000
0.000000
0.000000
0.000000
0.000000
0.000000
0.000000
0.000000
0.000000
0.000000
0.000000
0.000000
0.000000
0.000000
0.000000
0.000212
0.049500
0.083803
0.113667
0.129758
0.137742
0.155985
0.108909
0.031424
0.000000
0.000000
0.000000
0.000000
0.000000
0.000000
0.000000
0.000000
0.000000
0.000000
0.000000
0.000000
0.000000
0.000000
0.000000
0.000630
0.105015
0.201470
0.269061
0.293333
0.267439
0.199985
0.087848
0.021697
0.000000
0.000000
0.000000
0.000000
0.000000
0.000000
0.000000
0.000000
0.000000
0.000000
0.000000
0.000000
0.000000
0.000000
0.000000
0.000652
0.108742
0.199379
0.257636
0.271848
0.253106
0.209167
0.136273
0.043394
0.000167
0.000000
0.000000
0.000000
0.000000
0.000000
0.000000
0.000000
0.000000
0.000000
0.000000
0.000000
0.000000
0.000000
0.000000
0.000827
0.123061
0.216455
0.282955
0.312409
0.299955
0.234167
0.137879
0.043939
0.000288
0.000000
0.000000
0.000000
0.000000
0.000000
0.000000
0.000000
0.000000
0.000000
0.000000
0.000000
0.000000
0.000000
0.000000
0.000833
0.043091
0.076970
0.102682
0.110530
0.099333
0.072091
0.042303
0.015121
0.000515
0.000000
0.000000
0.000000
0.000000
0.000000
0.000000
0.000000
0.000000
0.000000
0.000000
0.000000
0.000000
0.000000
0.000000
0.002136
0.036045
0.064470
0.088515
0.101242
0.100712
0.077591
0.048561
0.017621
0.000530
0.000000
0.000000
0.000000
0.000000
0.000000
0.000000
0.000000
0.000000
0.000000
0.000000
0.000000
0.000000
0.000000
0.000000
0.003591
0.037727
0.068273
0.092470
0.110439
0.109273
0.085697
0.063348
0.025682
0.001212
0.000000
0.000000
0.000000
0.000000
0.000000
0.000000
0.000000
0.000000
0.000000
0.000000
0.000000
0.000000
0.000000
0.000000
0.006224
0.059303
0.104788
0.141348
0.164591
0.164091
0.137697
0.085030
0.030091
0.001288
0.000000
0.000000
0.000000
0.000000
0.000000
0.000000
0.000000
0.000000
0.000000
0.000000
0.000000
0.000000
0.000000
0.000000
0.003909
0.036136
0.062621
0.081030
0.087394
0.083045
0.065652
0.039939
0.015182
0.001379
0.000000
0.000000
0.000000
0.000000
0.000000
0.000000
0.000000
0.000000
0.000000
0.000000
0.000000
0.000000
0.000000
0.000000
0.006167
0.040182
0.068091
0.090061
0.102394
0.096939
0.074455
0.049924
0.021833
0.001833
0.000000
0.000000
0.000000
0.000000
0.000000
0.000000
0.000000
0.000000
0.000000
0.000000
0.000000
0.000000
0.000000
0.000000
0.008606
0.038500
0.060288
0.082470
0.113652
0.147636
0.165788
0.135030
0.064212
0.005121
0.000000
0.000000
0.000000
0.000000
0.000000
0.000000
0.000000
0.000000
0.000000
0.000000
0.000000
0.000000
0.000000
0.000000
0.027274
0.099697
0.180545
0.241864
0.216955
0.163879
0.099394
0.063818
0.031455
0.002424
0.000000
0.000000
0.000000
0.000000
0.000000
0.000000
0.000000
0.000000
0.000000
0.000000
0.000000
0.000000
0.000000
0.000000
0.017348
0.058273
0.097515
0.126636
0.131939
0.121439
0.090318
0.061833
0.028773
0.002697
0.000000
0.000000
0.000000
0.000000
0.000000
0.000000
0.000000
0.000000
0.000000
0.000000
0.000000
0.000000
0.000000
0.000000
0.014771
0.036955
0.052561
0.062030
0.067273
0.059970
0.046606
0.055652
0.040318
0.006303
0.000000
0.000000
0.000000
0.000000
0.000000
0.000000
0.000000
0.000000
0.000000
0.000000
0.000000
0.000000
0.000000
0.000000
0.017364
0.048394
0.073242
0.092985
0.102864
0.101712
0.079894
0.060530
0.031076
0.004273
0.000000
0.000000
0.000000
0.000000
0.000000
0.000000
0.000000
0.000000
0.000000
0.000000
0.000000
0.000000
0.000000
0.000000
0.049235
0.129424
0.202667
0.242182
0.239970
0.233152
0.176545
0.107758
0.053152
0.008045
0.000000
0.000000
0.000000
0.000000
0.000000
0.000000
0.000000
0.000000
0.000000
0.000000
0.000000
0.000000
0.000000
0.000000
0.011379
0.020970
0.043182
0.103530
0.182742
0.245394
0.253030
0.189894
0.096348
0.012682
0.000000
0.000000
0.000000
0.000000
0.000000
0.000000
0.000000
0.000000
0.000000
0.000000
0.000000
0.000000
0.000000
0.000000
0.024636
0.062970
0.070394
0.093121
0.121485
0.134091
0.126758
0.089970
0.053970
0.011273
0.000000
0.000000
0.000000
0.000000
0.000000
0.000000
0.000000
0.000000
0.000000
0.000000
0.000000
0.000000
0.000000
0.000000
0.062864
0.159621
0.253712
0.321318
0.354015
0.348409
0.300439
0.218742
0.114288
0.017818
0.000000
0.000000
0.000000
0.000000
0.000000
0.000000
0.000000
0.000000
0.000000
0.000000
0.000000
0.000000
0.000000
0.000000
0.045561
0.105773
0.160833
0.204621
0.221500
0.200470
0.183409
0.131258
0.063591
0.009606
0.000000
0.000000
0.000000
0.000000
0.000000
0.000000
0.000000
0.000000
0.000000
0.000000
0.000000
0.000000
0.000000
0.000000
0.049167
0.122045
0.185167
0.228288
0.251773
0.247636
0.222970
0.156848
0.084667
0.017652
0.000000
0.000000
0.000000
0.000000
0.000000
0.000000
0.000000
0.000000
0.000000
0.000000
0.000000
0.000000
0.000000
0.000000
0.084773
0.177727
0.260091
0.321500
0.303318
0.249197
0.189045
0.128712
0.072682
0.013924
0.000000
0.000000
0.000000
0.000000
0.000000
0.000000
0.000000
0.000000
0.000000
0.000000
0.000000
0.000000
0.000000
0.000000
0.013152
0.024621
0.048258
0.111030
0.184576
0.265439
0.274773
0.203788
0.086121
0.014652
0.000000
0.000000
0.000000
0.000000
0.000000
0.000000
0.000000
0.000000
0.000000
0.000000
0.000000
0.000000
0.000000
0.000000
0.040894
0.103788
0.169667
0.228864
0.276288
0.266167
0.218227
0.148788
0.080333
0.019061
0.000000
0.000000
0.000000
0.000000
0.000000
0.000000
0.000000
0.000000
0.000000
0.000000
0.000000
0.000000
0.000000
0.000000
0.117000
0.243727
0.346485
0.417818
0.447515
0.432803
0.369803
0.267348
0.145258
0.030470
0.000000
0.000000
0.000000
0.000000
0.000000
0.000000
0.000000
0.000000
0.000000
0.000000
0.000000
0.000000
0.000000
0.000394
0.105318
0.209682
0.297591
0.350424
0.370758
0.376924
0.306227
0.230258
0.140591
0.034409
0.000000
0.000000
0.000000
0.000000
0.000000
0.000000
0.000000
0.000000
0.000000
0.000000
0.000000
0.000000
0.000000
0.000555
0.119682
0.239955
0.327076
0.368273
0.347970
0.310197
0.223318
0.158894
0.093833
0.022848
0.000000
0.000000
0.000000
0.000000
0.000000
0.000000
0.000000
0.000000
0.000000
0.000000
0.000000
0.000000
0.000000
0.000409
0.018636
0.045924
0.077985
0.109742
0.135318
0.138273
0.115970
0.081939
0.042545
0.013167
0.000000
0.000000
0.000000
0.000000
0.000000
0.000000
0.000000
0.000000
0.000000
0.000000
0.000000
0.000000
0.000000
0.000652
0.056985
0.115939
0.166212
0.240197
0.271864
0.258848
0.214576
0.149212
0.090455
0.033121
0.000000
0.000000
0.000000
0.000000
0.000000
0.000000
0.000000
0.000000
0.000000
0.000000
0.000000
0.000000
0.000000
0.001328
0.129136
0.226470
0.315258
0.379318
0.398561
0.365394
0.290455
0.190788
0.100091
0.025773
0.000030
0.000000
0.000000
0.000000
0.000000
0.000000
0.000000
0.000000
0.000000
0.000000
0.000000
0.000000
0.000000
0.004313
0.157030
0.291894
0.400409
0.471348
0.498015
0.477924
0.411136
0.311212
0.184636
0.054939
0.000348
0.000000
0.000000
0.000000
0.000000
0.000000
0.000000
0.000000
0.000000
0.000000
0.000000
0.000000
0.000000
0.003606
0.133667
0.258394
0.379333
0.470773
0.500258
0.474333
0.385182
0.283621
0.175591
0.059303
0.000591
0.000000
0.000000
0.000000
0.000000
0.000000
0.000000
0.000000
0.000000
0.000000
0.000000
0.000000
0.000000
0.013242
0.177439
0.308864
0.416439
0.486712
0.513530
0.495515
0.432364
0.329439
0.195955
0.065591
0.001182
0.000000
0.000000
0.000000
0.000000
0.000000
0.000000
0.000000
0.000000
0.000000
0.000000
0.000000
0.000000
0.017263
0.171561
0.310909
0.418364
0.489167
0.516106
0.497697
0.435939
0.336727
0.208000
0.072091
0.002636
0.000000
0.000000
0.000000
0.000000
0.000000
0.000000
0.000000
0.000000
0.000000
0.000000
0.000000
0.000000
0.023070
0.146061
0.231712
0.307864
0.367045
0.397318
0.401727
0.387485
0.300833
0.181045
0.063985
0.002485
0.000000
0.000000
0.000000
0.000000
0.000000
0.000000
0.000000
0.000000
0.000000
0.000000
0.000000
0.000000
0.018946
0.090273
0.164197
0.234227
0.280970
0.302394
0.284939
0.263545
0.196515
0.121000
0.046348
0.002379
0.000000
0.000000
0.000000
0.000000
0.000000
0.000000
0.000000
0.000000
0.000000
0.000000
0.000000
0.000000
0.012303
0.040606
0.072864
0.108227
0.145697
0.172667
0.172924
0.142470
0.094015
0.047439
0.016636
0.001182
0.000000
0.000000
0.000000
0.000000
0.000000
0.000000
0.000000
0.000000
0.000000
0.000000
0.000000
0.000000
0.026181
0.078682
0.120818
0.146485
0.155727
0.147606
0.141773
0.199167
0.180833
0.115742
0.047106
0.003182
0.000000
0.000000
0.000000
0.000000
0.000000
0.000000
0.000000
0.000000
0.000000
0.000000
0.000000
0.000000
0.019500
0.052894
0.090879
0.128242
0.166591
0.192985
0.201924
0.214894
0.166500
0.106439
0.042667
0.002924
0.000000
0.000000
0.000000
0.000000
0.000000
0.000000
0.000000
0.000000
0.000000
0.000000
0.000000
0.000000
0.043626
0.113455
0.188379
0.271773
0.331742
0.382530
0.381182
0.334818
0.242409
0.145227
0.058864
0.004742
0.000000
0.000000
0.000000
0.000000
0.000000
0.000000
0.000000
0.000000
0.000000
0.000000
0.000000
0.000000
0.085424
0.231197
0.365424
0.472545
0.541652
0.566803
0.546212
0.478212
0.371212
0.241515
0.101636
0.007727
0.000000
0.000000
0.000000
0.000000
0.000000
0.000000
0.000000
0.000000
0.000000
0.000000
0.000000
0.000000
0.052333
0.101576
0.138955
0.206167
0.258394
0.270667
0.213758
0.135727
0.100515
0.065152
0.029848
0.003333
0.000000
0.000000
0.000000
0.000000
0.000000
0.000000
0.000000
0.000000
0.000000
0.000000
0.000000
0.000000
0.030530
0.059894
0.077985
0.107167
0.143742
0.172682
0.176455
0.188091
0.171909
0.124091
0.062106
0.007000
0.000000
0.000000
0.000000
0.000000
0.000000
0.000000
0.000000
0.000000
0.000000
0.000000
0.000000
0.000000
0.092894
0.212773
0.313742
0.437379
0.537227
0.559258
0.496197
0.368379
0.251333
0.172515
0.078621
0.009773
0.000000
0.000000
0.000000
0.000000
0.000000
0.000000
0.000000
0.000000
0.000000
0.000000
0.000000
0.000000
0.043788
0.128000
0.216348
0.311500
0.388470
0.441167
0.390652
0.270409
0.189667
0.105212
0.040955
0.004303
0.000000
0.000000
0.000000
0.000000
0.000000
0.000000
0.000000
0.000000
0.000000
0.000000
0.000000
0.000000
0.064803
0.131773
0.210424
0.289182
0.349121
0.370970
0.362318
0.329803
0.273379
0.167652
0.072076
0.009955
0.000000
0.000000
0.000000
0.000000
0.000000
0.000000
0.000000
0.000000
0.000000
0.000000
0.000000
0.000000
0.055470
0.112470
0.172515
0.214576
0.239818
0.231242
0.208773
0.170439
0.124424
0.076545
0.033455
0.004212
0.000000
0.000000
0.000000
0.000000
0.000000
0.000000
0.000000
0.000000
0.000000
0.000000
0.000000
0.000000
0.032833
0.080379
0.154742
0.221682
0.279303
0.298333
0.299576
0.266970
0.216773
0.148924
0.073439
0.012318
0.000000
0.000000
0.000000
0.000000
0.000000
0.000000
0.000000
0.000000
0.000000
0.000000
0.000000
0.000000
0.076561
0.156045
0.219848
0.283303
0.327273
0.333424
0.334167
0.307409
0.281333
0.215758
0.115500
0.020197
0.000000
0.000000
0.000000
0.000000
0.000000
0.000000
0.000000
0.000000
0.000000
0.000000
0.000000
0.000491
0.107985
0.224894
0.351121
0.468485
0.560091
0.564970
0.502318
0.327742
0.178985
0.104348
0.045242
0.005576
0.000000
0.000000
0.000000
0.000000
0.000000
0.000000
0.000000
0.000000
0.000000
0.000000
0.000000
0.000182
0.063803
0.146621
0.211076
0.221470
0.214985
0.180500
0.169000
0.227455
0.187773
0.126136
0.063803
0.012833
0.000000
0.000000
0.000000
0.000000
0.000000
0.000000
0.000000
0.000000
0.000000
0.000000
0.000000
0.000273
0.096000
0.190030
0.291833
0.398682
0.480727
0.519545
0.519258
0.463712
0.342348
0.221773
0.120485
0.024697
0.000000
0.000000
0.000000
0.000000
0.000000
0.000000
0.000000
0.000000
0.000000
0.000000
0.000000
0.001364
0.021318
0.040227
0.071318
0.105318
0.133258
0.149470
0.149591
0.122318
0.114864
0.093288
0.055848
0.013909
0.000000
0.000000
0.000000
0.000000
0.000000
0.000000
0.000000
0.000000
0.000000
0.000000
0.000000
0.003588
0.121061
0.195182
0.223712
0.304652
0.428197
0.508652
0.536182
0.506182
0.417909
0.305061
0.166636
0.035030
0.000000
0.000000
0.000000
0.000000
0.000000
0.000000
0.000000
0.000000
0.000000
0.000000
0.000000
0.008771
0.172030
0.314091
0.441879
0.551455
0.628803
0.648742
0.617606
0.560303
0.455773
0.323167
0.175121
0.039939
0.000000
0.000000
0.000000
0.000000
0.000000
0.000000
0.000000
0.000000
0.000000
0.000000
0.000000
0.014570
0.187273
0.337000
0.471545
0.575939
0.642409
0.664197
0.641106
0.572864
0.466212
0.330848
0.181318
0.043742
0.000000
0.000000
0.000000
0.000000
0.000000
0.000000
0.000000
0.000000
0.000000
0.000000
0.000000
0.023289
0.193197
0.342924
0.477470
0.582045
0.648000
0.661818
0.613379
0.539106
0.431015
0.316076
0.182697
0.047273
0.000000
0.000000
0.000000
0.000000
0.000000
0.000000
0.000000
0.000000
0.000000
0.000000
0.000000
0.032805
0.170879
0.325636
0.462667
0.546697
0.593818
0.591394
0.532379
0.460197
0.326606
0.220152
0.113091
0.030394
0.000000
0.000000
0.000000
0.000000
0.000000
0.000000
0.000000
0.000000
0.000000
0.000000
0.000000
0.043806
0.199000
0.332636
0.451409
0.573742
0.647985
0.671045
0.652303
0.581818
0.473879
0.339576
0.190833
0.052682
0.000045
0.000000
0.000000
0.000000
0.000000
0.000000
0.000000
0.000000
0.000000
0.000000
0.000000
0.017924
0.044985
0.078500
0.128470
0.204712
0.268333
0.295909
0.292348
0.250288
0.211409
0.169530
0.107636
0.037333
0.000242
0.000000
0.000000
0.000000
0.000000
0.000000
0.000000
0.000000
0.000000
0.000000
0.000000
0.028682
0.080121
0.134697
0.205545
0.313333
0.418955
0.500348
0.528182
0.523121
0.458333
0.341030
0.201076
0.061985
0.000530
0.000000
0.000000
0.000000
0.000000
0.000000
0.000000
0.000000
0.000000
0.000000
0.000000
0.056154
0.176136
0.308500
0.416318
0.503955
0.568727
0.594182
0.566697
0.497182
0.408076
0.296409
0.170348
0.052015
0.000652
0.000000
0.000000
0.000000
0.000000
0.000000
0.000000
0.000000
0.000000
0.000000
0.000000
0.043103
0.115227
0.198076
0.287424
0.365212
0.429212
0.493939
0.511136
0.471439
0.408333
0.300667
0.176682
0.057924
0.001379
0.000000
0.000000
0.000000
0.000000
0.000000
0.000000
0.000000
0.000000
0.000000
0.000000
0.076370
0.218667
0.364879
0.480955
0.570288
0.628394
0.652909
0.606303
0.422152
0.348000
0.187303
0.092530
0.018348
0.000424
0.000000
0.000000
0.000000
0.000000
0.000000
0.000000
0.000000
0.000000
0.000000
0.000000
0.084435
0.224803
0.362258
0.495576
0.603909
0.663303
0.661788
0.550879
0.358939
0.228818
0.123606
0.054424
0.014970
0.000455
0.000000
0.000000
0.000000
0.000000
0.000000
0.000000
0.000000
0.000000
0.000000
0.000000
0.095873
0.241333
0.371788
0.511470
0.606924
0.655379
0.656833
0.640242
0.584576
0.507091
0.376758
0.227924
0.080500
0.003318
0.000000
0.000000
0.000000
0.000000
0.000000
0.000000
0.000000
0.000000
0.000000
0.000000
0.037970
0.052879
0.054818
0.052076
0.063318
0.072591
0.085591
0.102924
0.095288
0.085924
0.064833
0.040424
0.016697
0.001000
0.000000
0.000000
0.000000
0.000000
0.000000
0.000000
0.000000
0.000000
0.000000
0.000000
0.018773
0.044409
0.088227
0.141864
0.220348
0.298333
0.332091
0.326667
0.244667
0.171803
0.132076
0.104485
0.054212
0.004167
0.000000
0.000000
0.000000
0.000000
0.000000
0.000000
0.000000
0.000000
0.000000
0.000000
0.082742
0.189288
0.260833
0.355742
0.510379
0.653606
0.696242
0.687424
0.622091
0.518485
0.385394
0.237591
0.090924
0.005864
0.000000
0.000000
0.000000
0.000000
0.000000
0.000000
0.000000
0.000000
0.000000
0.000000
0.119955
0.269621
0.418197
0.548182
0.646970
0.708318
0.711803
0.668015
0.596258
0.495773
0.369106
0.229258
0.092591
0.006788
0.000000
0.000000
0.000000
0.000000
0.000000
0.000000
0.000000
0.000000
0.000000
0.000000
0.124939
0.271697
0.418091
0.546030
0.653273
0.717500
0.733500
0.703742
0.634682
0.527848
0.389545
0.231682
0.081500
0.006606
0.000000
0.000000
0.000000
0.000000
0.000000
0.000000
0.000000
0.000000
0.000000
0.000000
0.126894
0.275667
0.424394
0.554803
0.654955
0.716545
0.733636
0.707258
0.638621
0.532212
0.398455
0.249061
0.103485
0.009258
0.000000
0.000000
0.000000
0.000000
0.000000
0.000000
0.000000
0.000000
0.000000
0.000000
0.139303
0.291697
0.441818
0.572439
0.672773
0.734379
0.750076
0.717106
0.650742
0.544833
0.407985
0.256152
0.107818
0.010818
0.000000
0.000000
0.000000
0.000000
0.000000
0.000000
0.000000
0.000000
0.000000
0.000450
0.143333
0.294242
0.443242
0.573879
0.674818
0.736015
0.754894
0.726591
0.656985
0.550515
0.414333
0.262864
0.113439
0.011788
0.000000
0.000000
0.000000
0.000000
0.000000
0.000000
0.000000
0.000000
0.000000
0.000561
0.145970
0.295485
0.444242
0.574045
0.673803
0.734242
0.751455
0.723318
0.652985
0.545833
0.412348
0.263015
0.116227
0.013515
0.000000
0.000000
0.000000
0.000000
0.000000
0.000000
0.000000
0.000000
0.000000
0.000672
0.094258
0.157485
0.200303
0.243985
0.316288
0.368303
0.380818
0.373167
0.317348
0.257894
0.186439
0.110530
0.045439
0.005273
0.000000
0.000000
0.000000
0.000000
0.000000
0.000000
0.000000
0.000000
0.000000
0.001136
0.071439
0.140470
0.195591
0.261712
0.351985
0.435242
0.461273
0.411667
0.316758
0.309348
0.278167
0.211409
0.107197
0.015955
0.000000
0.000000
0.000000
0.000000
0.000000
0.000000
0.000000
0.000000
0.000000
0.003982
0.091061
0.153682
0.186379
0.229939
0.307212
0.385515
0.352364
0.291515
0.210455
0.137758
0.092576
0.060955
0.029742
0.005303
0.000000
0.000000
0.000000
0.000000
0.000000
0.000000
0.000000
0.000000
0.000000
0.004697
0.108182
0.185864
0.249015
0.318485
0.350091
0.364045
0.368318
0.373121
0.390788
0.393864
0.325682
0.239955
0.126409
0.020136
0.000000
0.000000
0.000000
0.000000
0.000000
0.000000
0.000000
0.000000
0.000000
0.011105
0.143955
0.278091
0.424545
0.556091
0.620364
0.654091
0.644000
0.643576
0.629091
0.550470
0.413773
0.260061
0.117758
0.019879
0.000000
0.000000
0.000000
0.000000
0.000000
0.000000
0.000000
0.000000
0.000000
0.019524
0.176879
0.327333
0.473303
0.602182
0.699364
0.758121
0.772788
0.741545
0.646818
0.500591
0.372439
0.243000
0.119606
0.021924
0.000000
0.000000
0.000000
0.000000
0.000000
0.000000
0.000000
0.000000
0.000000
0.028039
0.178485
0.324318
0.408803
0.517606
0.651273
0.732848
0.740333
0.681439
0.551833
0.455409
0.357379
0.235303
0.107818
0.017500
0.000000
0.000000
0.000000
0.000000
0.000000
0.000000
0.000000
0.000000
0.000000
0.021840
0.100348
0.197318
0.322773
0.472318
0.594197
0.680364
0.699212
0.676636
0.621727
0.523591
0.414530
0.270409
0.121015
0.023621
0.000000
0.000000
0.000000
0.000000
0.000000
0.000000
0.000000
0.000000
0.000000
0.042601
0.160212
0.279485
0.413727
0.566606
0.659455
0.680500
0.670500
0.626091
0.551364
0.506045
0.408379
0.294258
0.151136
0.030879
0.000000
0.000000
0.000000
0.000000
0.000000
0.000000
0.000000
0.000000
0.000000
0.047970
0.180424
0.326288
0.478379
0.614333
0.716455
0.776288
0.793258
0.767606
0.698788
0.588697
0.452182
0.299924
0.155894
0.034833
0.000000
0.000000
0.000000
0.000000
0.000000
0.000000
0.000000
0.000000
0.000000
0.058101
0.205879
0.360348
0.508742
0.634273
0.718939
0.765803
0.770348
0.726515
0.637788
0.476833
0.310136
0.176606
0.063939
0.010273
0.000000
0.000000
0.000000
0.000000
0.000000
0.000000
0.000000
0.000000
0.000000
0.012576
0.043242
0.080212
0.117424
0.147818
0.198606
0.239955
0.280621
0.321015
0.336500
0.364394
0.333303
0.271076
0.151803
0.036182
0.000000
0.000000
0.000000
0.000000
0.000000
0.000000
0.000000
0.000000
0.000000
0.034985
0.071258
0.097379
0.106652
0.078061
0.106394
0.209242
0.284182
0.338045
0.328833
0.340939
0.200182
0.134500
0.057864
0.012742
0.000000
0.000000
0.000000
0.000000
0.000000
0.000000
0.000000
0.000000
0.000000
0.072738
0.204167
0.300515
0.361848
0.459273
0.585273
0.677485
0.694333
0.693879
0.654455
0.551985
0.421803
0.296591
0.154833
0.041924
0.000045
0.000000
0.000000
0.000000
0.000000
0.000000
0.000000
0.000000
0.000000
0.027697
0.072667
0.120152
0.214939
0.319818
0.391394
0.420742
0.471773
0.520833
0.481955
0.403485
0.349182
0.251667
0.121606
0.031152
0.000076
0.000000
0.000000
0.000000
0.000000
0.000000
0.000000
0.000000
0.000000
0.070531
0.181864
0.303879
0.433273
0.544076
0.652167
0.737439
0.763530
0.737727
0.656515
0.564576
0.456455
0.325636
0.179727
0.050939
0.000545
0.000000
0.000000
0.000000
0.000000
0.000000
0.000000
0.000000
0.000000
0.035818
0.087061
0.159424
0.245727
0.302030
0.200879
0.168000
0.107667
0.088985
0.103015
0.147455
0.144727
0.120515
0.063848
0.019788
0.000212
0.000000
0.000000
0.000000
0.000000
0.000000
0.000000
0.000000
0.000000
0.021136
0.077409
0.182061
0.318970
0.488742
0.616833
0.750439
0.813955
0.796136
0.725773
0.621000
0.485212
0.331727
0.175333
0.048909
0.001106
0.000000
0.000000
0.000000
0.000000
0.000000
0.000000
0.000000
0.000000
0.068212
0.170788
0.295364
0.428788
0.527258
0.620652
0.663318
0.685621
0.696030
0.630788
0.536955
0.432591
0.302045
0.150591
0.041515
0.001258
0.000000
0.000000
0.000000
0.000000
0.000000
0.000000
0.000000
0.000000
0.044667
0.092545
0.135197
0.164530
0.145136
0.206288
0.252712
0.282318
0.307439
0.230652
0.143318
0.125439
0.135273
0.118152
0.052318
0.001909
0.000000
0.000000
0.000000
0.000000
0.000000
0.000000
0.000000
0.000000
0.046364
0.111485
0.157455
0.184727
0.221000
0.259061
0.248970
0.230333
0.215530
0.190803
0.180076
0.137470
0.102939
0.064909
0.025894
0.001606
0.000000
0.000000
0.000000
0.000000
0.000000
0.000000
0.000000
0.000000
0.080864
0.200682
0.345273
0.484152
0.624758
0.728061
0.791318
0.814530
0.781348
0.658682
0.587833
0.479167
0.344030
0.195212
0.066470
0.003076
0.000000
0.000000
0.000000
0.000000
0.000000
0.000000
0.000000
0.000000
0.094227
0.219561
0.361136
0.502864
0.641227
0.742894
0.782788
0.763091
0.704924
0.567167
0.478318
0.398500
0.303288
0.184803
0.065909
0.003636
0.000000
0.000000
0.000000
0.000000
0.000000
0.000000
0.000000
0.000000
0.030515
0.059030
0.084470
0.113712
0.137818
0.154788
0.169439
0.149318
0.111727
0.078152
0.092121
0.146364
0.203076
0.156288
0.066273
0.004576
0.000000
0.000000
0.000000
0.000000
0.000000
0.000000
0.000000
0.000000
0.101136
0.238682
0.401970
0.546455
0.670485
0.759091
0.810712
0.807288
0.744030
0.641091
0.552288
0.430106
0.293091
0.161848
0.060379
0.004545
0.000000
0.000000
0.000000
0.000000
0.000000
0.000000
0.000000
0.000000
0.091833
0.187712
0.285667
0.368909
0.425015
0.485742
0.498530
0.446955
0.332682
0.250500
0.180500
0.119045
0.068333
0.029030
0.009303
0.000864
0.000000
0.000000
0.000000
0.000000
0.000000
0.000000
0.000000
0.000000
0.095394
0.242485
0.397894
0.516500
0.593561
0.647924
0.662303
0.691091
0.721364
0.682333
0.602621
0.447258
0.293545
0.172515
0.064167
0.005712
0.000000
0.000000
0.000000
0.000000
0.000000
0.000000
0.000000
0.000000
0.102394
0.216182
0.324652
0.428197
0.556061
0.653758
0.684076
0.712439
0.704136
0.646015
0.601712
0.496076
0.356985
0.213621
0.082348
0.007152
0.000000
0.000000
0.000000
0.000000
0.000000
0.000000
0.000000
0.000392
0.115303
0.245545
0.391348
0.522561
0.583227
0.575045
0.542364
0.518636
0.525242
0.435606
0.374970
0.357636
0.293061
0.188576
0.080091
0.007273
0.000000
0.000000
0.000000
0.000000
0.000000
0.000000
0.000000
0.000452
0.042667
0.082788
0.136091
0.204636
0.308364
0.428909
0.540485
0.662879
0.676152
0.564970
0.463606
0.370788
0.266152
0.143697
0.042712
0.002439
0.000000
0.000000
0.000000
0.000000
0.000000
0.000000
0.000000
0.000510
0.125697
0.260242
0.386788
0.469515
0.547697
0.676970
0.755167
0.741864
0.714121
0.657182
0.619606
0.510485
0.377773
0.229561
0.095470
0.010333
0.000000
0.000000
0.000000
0.000000
0.000000
0.000000
0.000000
0.001679
0.125833
0.263924
0.407333
0.538970
0.634742
0.738712
0.802591
0.827288
0.810955
0.665833
0.543803
0.387894
0.260606
0.132455
0.042924
0.003015
0.000000
0.000000
0.000000
0.000000
0.000000
0.000000
0.000000
0.002060
0.057197
0.134621
0.246561
0.339409
0.389121
0.405091
0.407318
0.437682
0.429939
0.298667
0.327848
0.311788
0.252667
0.162636
0.069000
0.007500
0.000000
0.000000
0.000000
0.000000
0.000000
0.000000
0.000000
0.003691
0.128652
0.266106
0.411515
0.495818
0.599576
0.721152
0.792545
0.808758
0.779015
0.650470
0.524833
0.434773
0.313182
0.192909
0.080015
0.009136
0.000000
0.000000
0.000000
0.000000
0.000000
0.000000
0.000000
0.003037
0.040015
0.094591
0.171803
0.240864
0.285106
0.373924
0.453303
0.521818
0.533939
0.490121
0.415167
0.372106
0.299197
0.221742
0.099848
0.012970
0.000000
0.000000
0.000000
0.000000
0.000000
0.000000
0.000000
0.003212
0.058909
0.103000
0.131303
0.161152
0.261091
0.357909
0.445288
0.532621
0.612773
0.666106
0.624667
0.505970
0.372379
0.234379
0.103091
0.014667
0.000000
0.000000
0.000000
0.000000
0.000000
0.000000
0.000000
0.008963
0.135606
0.268576
0.407242
0.531667
0.636727
0.726485
0.734848
0.659848
0.547258
0.416621
0.281076
0.176682
0.103970
0.054576
0.018606
0.002636
0.000000
0.000000
0.000000
0.000000
0.000000
0.000000
0.000000
0.005186
0.029394
0.062788
0.137985
0.267955
0.397015
0.544682
0.669636
0.769000
0.783152
0.634030
0.566500
0.426197
0.273909
0.152758
0.057318
0.008470
0.000000
0.000000
0.000000
0.000000
0.000000
0.000000
0.000000
0.008194
0.093273
0.207939
0.356773
0.485924
0.584076
0.609773
0.595727
0.572455
0.498136
0.357348
0.215061
0.134848
0.078015
0.033227
0.010576
0.001061
0.000000
0.000000
0.000000
0.000000
0.000000
0.000000
0.000000
0.008692
0.134288
0.279136
0.431197
0.575136
0.697848
0.778364
0.820712
0.824561
0.786121
0.736788
0.640818
0.533545
0.396970
0.250667
0.115894
0.019379
0.000000
0.000000
0.000000
0.000000
0.000000
0.000000
0.000000
0.006788
0.034985
0.071288
0.094455
0.108182
0.134364
0.101727
0.094833
0.085348
0.088985
0.084409
0.054742
0.038773
0.027106
0.014985
0.007258
0.001288
0.000000
0.000000
0.000000
0.000000
0.000000
0.000000
0.000000
0.015191
0.107227
0.209136
0.263000
0.354606
0.414167
0.496712
0.557424
0.580636
0.587667
0.692667
0.596803
0.450318
0.325727
0.201455
0.099864
0.020652
0.000000
0.000000
0.000000
0.000000
0.000000
0.000000
0.000000
0.024837
0.150409
0.289985
0.435576
0.575394
0.696076
0.775864
0.819591
0.834864
0.811879
0.754636
0.654939
0.535394
0.394742
0.249955
0.119379
0.022197
0.000000
0.000000
0.000000
0.000000
0.000000
0.000000
0.000000
0.026522
0.146712
0.284864
0.429106
0.566197
0.687606
0.780788
0.836833
0.849106
0.811955
0.723348
0.570061
0.408758
0.279894
0.156712
0.064909
0.010364
0.000000
0.000000
0.000000
0.000000
0.000000
0.000000
0.000000
0.013500
0.086500
0.189803
0.264182
0.281485
0.325924
0.464712
0.634227
0.782197
0.831500
0.778803
0.683197
0.556924
0.413212
0.264636
0.126652
0.024773
0.000000
0.000000
0.000000
0.000000
0.000000
0.000000
0.000000
0.027740
0.128576
0.225576
0.295803
0.334591
0.358652
0.413136
0.450318
0.463773
0.437909
0.376606
0.324530
0.254955
0.167288
0.092167
0.039909
0.007152
0.000000
0.000000
0.000000
0.000000
0.000000
0.000000
0.000000
0.015364
0.048924
0.081318
0.120606
0.154970
0.201924
0.270561
0.334970
0.400515
0.461303
0.485515
0.432682
0.391045
0.310136
0.220318
0.113318
0.025197
0.000000
0.000000
0.000000
0.000000
0.000000
0.000000
0.000000
0.034925
0.149121
0.284212
0.429167
0.574712
0.696394
0.708333
0.678818
0.650939
0.647727
0.590273
0.498909
0.438121
0.351561
0.251045
0.128303
0.027576
0.000000
0.000000
0.000000
0.000000
0.000000
0.000000
0.000000
0.036554
0.154379
0.293106
0.439121
0.577242
0.696136
0.786167
0.839364
0.852424
0.821439
0.753924
0.655227
0.540197
0.401636
0.254848
0.116606
0.021152
0.000000
0.000000
0.000000
0.000000
0.000000
0.000000
0.000000
0.015727
0.057864
0.110318
0.180515
0.242364
0.327348
0.420379
0.512576
0.674545
0.780303
0.749091
0.671833
0.545136
0.402045
0.264136
0.130970
0.029394
0.000000
0.000000
0.000000
0.000000
0.000000
0.000000
0.000000
0.037991
0.155394
0.293061
0.438227
0.576591
0.696045
0.787742
0.843818
0.859939
0.834652
0.770500
0.672894
0.547833
0.406924
0.261379
0.130303
0.029576
0.000000
0.000000
0.000000
0.000000
0.000000
0.000000
0.000000
0.038633
0.151530
0.285197
0.425197
0.558530
0.668909
0.672818
0.633788
0.572212
0.439909
0.232727
0.103591
0.058864
0.049909
0.030273
0.014045
0.003955
0.000015
0.000000
0.000000
0.000000
0.000000
0.000000
0.000000
0.025798
0.105197
0.231652
0.385045
0.533864
0.653773
0.728227
0.786591
0.812136
0.788303
0.669273
0.565788
0.495364
0.382409
0.245318
0.119182
0.029152
0.000000
0.000000
0.000000
0.000000
0.000000
0.000000
0.000000
0.025437
0.076985
0.123348
0.177576
0.252242
0.319136
0.364197
0.400561
0.427197
0.423424
0.373333
0.316470
0.261439
0.206318
0.134470
0.066697
0.016667
0.000045
0.000000
0.000000
0.000000
0.000000
0.000000
0.000000
0.018621
0.059818
0.108909
0.165742
0.241318
0.333030
0.461545
0.592530
0.679379
0.673379
0.662833
0.608288
0.528833
0.420303
0.276000
0.139803
0.033318
0.000061
0.000000
0.000000
0.000000
0.000000
0.000000
0.000000
0.037909
0.129288
0.212561
0.257439
0.288682
0.280924
0.251136
0.213409
0.155864
0.100742
0.072682
0.061712
0.057530
0.054000
0.040242
0.025061
0.008485
0.000030
0.000000
0.000000
0.000000
0.000000
0.000000
0.000000
0.013712
0.040212
0.070970
0.112318
0.164833
0.191030
0.235818
0.286606
0.352939
0.412742
0.359652
0.359061
0.332121
0.268015
0.180864
0.087152
0.018848
0.000136
0.000000
0.000000
0.000000
0.000000
0.000000
0.000000
0.015455
0.049545
0.106030
0.176773
0.274682
0.357909
0.454879
0.550076
0.635591
0.663455
0.546364
0.512682
0.428348
0.312712
0.207258
0.110227
0.029864
0.000182
0.000000
0.000000
0.000000
0.000000
0.000000
0.000000
0.032863
0.105348
0.195136
0.305197
0.443136
0.617485
0.729758
0.786621
0.800258
0.764121
0.699152
0.597773
0.467318
0.335576
0.212061
0.102864
0.024924
0.000121
0.000000
0.000000
0.000000
0.000000
0.000000
0.000000
0.016909
0.055333
0.110515
0.181015
0.266167
0.353000
0.462121
0.572394
0.671848
0.697606
0.723333
0.654424
0.526091
0.380667
0.213788
0.087273
0.018939
0.000076
0.000000
0.000000
0.000000
0.000000
0.000000
0.000000
0.012824
0.058318
0.129742
0.222273
0.247697
0.313848
0.438424
0.554500
0.640712
0.659061
0.570818
0.483894
0.425985
0.341076
0.227894
0.114667
0.027121
0.000136
0.000000
0.000000
0.000000
0.000000
0.000000
0.000000
0.032387
0.113197
0.204227
0.307303
0.446273
0.599242
0.719061
0.792061
0.762424
0.703288
0.659167
0.563864
0.469379
0.359682
0.242530
0.123773
0.030561
0.000167
0.000000
0.000000
0.000000
0.000000
0.000000
0.000000
0.013864
0.039773
0.069136
0.100818
0.116303
0.158379
0.201894
0.241545
0.255879
0.261879
0.237636
0.192439
0.156652
0.127606
0.103970
0.054879
0.014485
0.000091
0.000000
0.000000
0.000000
0.000000
0.000000
0.000000
0.015848
0.076818
0.182121
0.327061
0.385242
0.368015
0.461258
0.552667
0.561667
0.525742
0.505742
0.497106
0.457227
0.382818
0.252091
0.121182
0.029970
0.000227
0.000000
0.000000
0.000000
0.000000
0.000000
0.000000
0.029123
0.106045
0.204955
0.319576
0.444909
0.512788
0.562182
0.581833
0.569258
0.530409
0.527015
0.403076
0.304409
0.203424
0.112848
0.049955
0.012682
0.000030
0.000000
0.000000
0.000000
0.000000
0.000000
0.000000
0.014576
0.047742
0.081136
0.117333
0.156848
0.249045
0.356167
0.448712
0.547167
0.497652
0.412773
0.335621
0.271955
0.193970
0.127303
0.061697
0.011394
0.000091
0.000000
0.000000
0.000000
0.000000
0.000000
0.000000
0.008288
0.034061
0.072121
0.126697
0.201030
0.313409
0.458621
0.605091
0.695970
0.704803
0.633045
0.515152
0.338273
0.220015
0.122348
0.042803
0.007803
0.000015
0.000000
0.000000
0.000000
0.000000
0.000000
0.000000
0.012269
0.080409
0.212803
0.366485
0.506000
0.637833
0.747561
0.813333
0.792424
0.733394
0.652879
0.576455
0.448909
0.317152
0.173485
0.077970
0.019030
0.000242
0.000000
0.000000
0.000000
0.000000
0.000000
0.000000
0.028243
0.134576
0.268606
0.409712
0.551561
0.675636
0.770485
0.828970
0.848182
0.821379
0.758318
0.665530
0.545864
0.408833
0.267621
0.135848
0.033485
0.000212
0.000000
0.000000
0.000000
0.000000
0.000000
0.000000
0.028893
0.142545
0.275818
0.417515
0.554697
0.674788
0.767545
0.825379
0.844894
0.823848
0.763818
0.669879
0.549727
0.411818
0.270364
0.136470
0.033409
0.000091
0.000000
0.000000
0.000000
0.000000
0.000000
0.000000
0.027004
0.141924
0.275924
0.417939
0.554758
0.674439
0.766682
0.825197
0.845076
0.825667
0.766758
0.673258
0.552682
0.414439
0.270924
0.137076
0.033258
0.000106
0.000000
0.000000
0.000000
0.000000
0.000000
0.000000
0.024563
0.135197
0.258803
0.358061
0.456000
0.575167
0.652348
0.699106
0.660045
0.607606
0.600455
0.562439
0.509015
0.399727
0.259303
0.128318
0.029833
0.000076
0.000000
0.000000
0.000000
0.000000
0.000000
0.000000
0.014838
0.086379
0.169712
0.264227
0.374136
0.528136
0.673015
0.746545
0.722939
0.655848
0.620000
0.557015
0.468167
0.368439
0.250621
0.127439
0.029167
0.000076
0.000000
0.000000
0.000000
0.000000
0.000000
0.000000
0.018013
0.114636
0.217727
0.327652
0.441864
0.555848
0.662879
0.732061
0.759515
0.751712
0.689561
0.611909
0.485121
0.334727
0.166061
0.057697
0.010939
0.000030
0.000000
0.000000
0.000000
0.000000
0.000000
0.000000
0.007879
0.091076
0.195682
0.264485
0.310424
0.370864
0.464106
0.581485
0.611455
0.583394
0.447485
0.477212
0.435667
0.363591
0.225833
0.092955
0.015803
0.000030
0.000000
0.000000
0.000000
0.000000
0.000000
0.000000
0.008841
0.094000
0.196121
0.300242
0.389848
0.437591
0.579045
0.709258
0.783561
0.764530
0.635682
0.470606
0.205303
0.101985
0.090894
0.058455
0.014333
0.000000
0.000000
0.000000
0.000000
0.000000
0.000000
0.000000
0.008483
0.111076
0.251197
0.404727
0.537636
0.559318
0.542621
0.530697
0.488182
0.421712
0.334652
0.298864
0.240894
0.201682
0.080015
0.025318
0.005167
0.000000
0.000000
0.000000
0.000000
0.000000
0.000000
0.000000
0.003152
0.050212
0.089848
0.118621
0.104379
0.135818
0.175121
0.267879
0.318727
0.305076
0.261015
0.233955
0.191894
0.146773
0.094561
0.047152
0.012061
0.000000
0.000000
0.000000
0.000000
0.000000
0.000000
0.000000
0.004517
0.045606
0.103939
0.168712
0.244682
0.338515
0.439242
0.534833
0.636379
0.668424
0.613545
0.604803
0.515288
0.399076
0.246409
0.122106
0.027227
0.000000
0.000000
0.000000
0.000000
0.000000
0.000000
0.000000
0.006107
0.120697
0.255697
0.390333
0.502182
0.579848
0.562000
0.538136
0.461045
0.393697
0.352576
0.400136
0.331530
0.259106
0.164591
0.085439
0.019955
0.000000
0.000000
0.000000
0.000000
0.000000
0.000000
0.000000
0.003757
0.070030
0.131364
0.194197
0.289955
0.393485
0.535939
0.644985
0.630712
0.594045
0.443470
0.330076
0.241561
0.165470
0.099561
0.054742
0.015530
0.000000
0.000000
0.000000
0.000000
0.000000
0.000000
0.000000
0.002993
0.107864
0.235318
0.367697
0.485455
0.582530
0.590561
0.573227
0.562621
0.568788
0.475515
0.404061
0.314121
0.236379
0.155409
0.083258
0.020409
0.000000
0.000000
0.000000
0.000000
0.000000
0.000000
0.000000
0.002137
0.103091
0.221061
0.363879
0.510758
0.630955
0.736591
0.802061
0.816939
0.796379
0.693045
0.573667
0.459576
0.323015
0.184591
0.078167
0.016894
0.000000
0.000000
0.000000
0.000000
0.000000
0.000000
0.000000
0.001250
0.116303
0.248394
0.386500
0.514470
0.643303
0.748091
0.818091
0.842636
0.821409
0.758712
0.659742
0.486924
0.348439
0.191500
0.082909
0.014909
0.000000
0.000000
0.000000
0.000000
0.000000
0.000000
0.000000
0.000470
0.103152
0.207485
0.326576
0.498182
0.656833
0.758227
0.820561
0.841621
0.822030
0.760606
0.661136
0.541197
0.401621
0.255500
0.120515
0.021364
0.000000
0.000000
0.000000
0.000000
0.000000
0.000000
0.000000
0.000417
0.117621
0.253652
0.399212
0.539818
0.659788
0.655182
0.638803
0.501561
0.428621
0.386288
0.255227
0.134591
0.127924
0.077167
0.034758
0.006788
0.000000
0.000000
0.000000
0.000000
0.000000
0.000000
0.000000
0.000303
0.092788
0.218485
0.365636
0.499939
0.636561
0.734409
0.800424
0.823394
0.806879
0.738970
0.595333
0.461788
0.333318
0.210803
0.101152
0.017030
0.000000
0.000000
0.000000
0.000000
0.000000
0.000000
0.000000
0.000000
0.092652
0.216045
0.347636
0.446091
0.421909
0.502788
0.541500
0.439348
0.297803
0.168288
0.117045
0.114136
0.115303
0.055152
0.021742
0.003773
0.000000
0.000000
0.000000
0.000000
0.000000
0.000000
0.000000
0.000000
0.068833
0.186167
0.333212
0.407667
0.431621
0.500409
0.530121
0.544424
0.514348
0.422258
0.374894
0.323894
0.263242
0.182818
0.090106
0.015076
0.000000
0.000000
0.000000
0.000000
0.000000
0.000000
0.000000
0.000000
0.013439
0.019621
0.043682
0.120530
0.294015
0.433470
0.540879
0.614424
0.621136
0.593773
0.521591
0.448409
0.333348
0.213652
0.092955
0.008955
0.000000
0.000000
0.000000
0.000000
0.000000
0.000000
0.000000
0.000000
0.047197
0.098136
0.157985
0.271258
0.387030
0.398091
0.478591
0.482955
0.488985
0.419591
0.341833
0.248561
0.179288
0.112833
0.053500
0.009409
0.000000
0.000000
0.000000
0.000000
0.000000
0.000000
0.000000
0.000000
0.076621
0.178652
0.296818
0.398909
0.540364
0.682939
0.776803
0.792621
0.726591
0.563894
0.417106
0.372227
0.306924
0.216530
0.101591
0.013015
0.000000
0.000000
0.000000
0.000000
0.000000
0.000000
0.000000
0.000000
0.089379
0.207621
0.347409
0.426500
0.547591
0.587470
0.588227
0.492439
0.469379
0.416106
0.362470
0.338955
0.308621
0.205470
0.081803
0.009379
0.000000
0.000000
0.000000
0.000000
0.000000
0.000000
0.000000
0.000000
0.010045
0.020712
0.032000
0.033242
0.046258
0.069955
0.126121
0.174333
0.231500
0.272015
0.252394
0.208576
0.155894
0.086712
0.031379
0.002197
0.000000
0.000000
0.000000
0.000000
0.000000
0.000000
0.000000
0.000000
0.020985
0.086652
0.204606
0.327818
0.424576
0.489000
0.518242
0.556121
0.554455
0.488212
0.476652
0.395712
0.317697
0.219182
0.093712
0.009833
0.000000
0.000000
0.000000
0.000000
0.000000
0.000000
0.000000
0.000000
0.043364
0.124818
0.225985
0.315136
0.388379
0.460318
0.523667
0.477970
0.375545
0.263273
0.245591
0.211894
0.166576
0.113576
0.045924
0.004576
0.000000
0.000000
0.000000
0.000000
0.000000
0.000000
0.000000
0.000000
0.051394
0.122485
0.186545
0.231394
0.333197
0.408742
0.452242
0.489697
0.451167
0.507773
0.424288
0.338227
0.234000
0.147091
0.062015
0.007136
0.000000
0.000000
0.000000
0.000000
0.000000
0.000000
0.000000
0.000000
0.059682
0.158136
0.243727
0.374606
0.478076
0.618076
0.682333
0.676091
0.609348
0.625076
0.536394
0.412758
0.277788
0.151000
0.053712
0.006091
0.000000
0.000000
0.000000
0.000000
0.000000
0.000000
0.000000
0.000000
0.066212
0.148818
0.230394
0.317818
0.438061
0.527121
0.572212
0.586576
0.575727
0.454303
0.378515
0.288364
0.197258
0.102015
0.034076
0.002621
0.000000
0.000000
0.000000
0.000000
0.000000
0.000000
0.000000
0.000000
0.027818
0.075424
0.136076
0.202955
0.306333
0.359606
0.410864
0.464258
0.508894
0.438985
0.380667
0.361455
0.299091
0.188455
0.075500
0.005288
0.000000
0.000000
0.000000
0.000000
0.000000
0.000000
0.000000
0.000000
0.070273
0.193879
0.335167
0.477682
0.578606
0.578667
0.576924
0.566864
0.573500
0.550167
0.453470
0.337348
0.233318
0.145379
0.056576
0.004636
0.000000
0.000000
0.000000
0.000000
0.000000
0.000000
0.000000
0.000000
0.059288
0.178106
0.312379
0.430591
0.517530
0.635439
0.704061
0.708091
0.666606
0.613242
0.488970
0.364030
0.264652
0.171682
0.065333
0.003970
0.000000
0.000000
0.000000
0.000000
0.000000
0.000000
0.000000
0.000000
0.049727
0.122000
0.222939
0.363364
0.518424
0.648000
0.744318
0.783136
0.763121
0.701727
0.604561
0.478288
0.335561
0.190470
0.066197
0.003333
0.000000
0.000000
0.000000
0.000000
0.000000
0.000000
0.000000
0.000000
0.038712
0.105742
0.192455
0.287727
0.381818
0.466424
0.551803
0.598045
0.525970
0.353545
0.202576
0.134818
0.093015
0.044530
0.013530
0.000591
0.000000
0.000000
0.000000
0.000000
0.000000
0.000000
0.000000
0.000000
0.054456
0.163000
0.301212
0.439909
0.566515
0.637818
0.629848
0.562697
0.493409
0.428742
0.373621
0.334773
0.266727
0.160727
0.059197
0.002106
0.000000
0.000000
0.000000
0.000000
0.000000
0.000000
0.000000
0.000000
0.055676
0.184970
0.329606
0.471333
0.595561
0.693015
0.753591
0.769621
0.730773
0.647682
0.566455
0.437939
0.301924
0.171773
0.053788
0.001652
0.000000
0.000000
0.000000
0.000000
0.000000
0.000000
0.000000
0.000000
0.051749
0.165848
0.305091
0.438242
0.546712
0.627409
0.708606
0.756121
0.743197
0.632561
0.537561
0.446197
0.315030
0.170182
0.050030
0.000985
0.000000
0.000000
0.000000
0.000000
0.000000
0.000000
0.000000
0.000000
0.030150
0.111273
0.221864
0.330833
0.407394
0.497121
0.614303
0.711576
0.738242
0.681818
0.570667
0.441394
0.302955
0.164106
0.050576
0.000985
0.000000
0.000000
0.000000
0.000000
0.000000
0.000000
0.000000
0.000000
0.044707
0.175955
0.318379
0.459197
0.587561
0.687106
0.750561
0.772924
0.751273
0.689848
0.591742
0.465682
0.322439
0.176470
0.049500
0.000636
0.000000
0.000000
0.000000
0.000000
0.000000
0.000000
0.000000
0.000000
0.027954
0.092439
0.202848
0.374848
0.518667
0.586606
0.630667
0.628091
0.586152
0.413879
0.354106
0.286045
0.196485
0.099333
0.026106
0.000288
0.000000
0.000000
0.000000
0.000000
0.000000
0.000000
0.000000
0.000000
0.014110
0.070773
0.164091
0.259758
0.334197
0.394803
0.527076
0.658712
0.655939
0.546424
0.423227
0.328167
0.233742
0.106318
0.022061
0.000106
0.000000
0.000000
0.000000
0.000000
0.000000
0.000000
0.000000
0.000000
0.018782
0.124909
0.246985
0.371924
0.494682
0.618106
0.703303
0.737545
0.722576
0.663303
0.573848
0.448939
0.306939
0.162121
0.039742
0.000076
0.000000
0.000000
0.000000
0.000000
0.000000
0.000000
0.000000
0.000000
0.018843
0.163545
0.308364
0.452576
0.581833
0.681894
0.744500
0.765742
0.744682
0.679985
0.578970
0.450121
0.305333
0.158818
0.036515
0.000000
0.000000
0.000000
0.000000
0.000000
0.000000
0.000000
0.000000
0.000000
0.013384
0.131773
0.281697
0.428727
0.551985
0.648682
0.709212
0.728879
0.696061
0.629242
0.517561
0.391864
0.261182
0.121091
0.025394
0.000000
0.000000
0.000000
0.000000
0.000000
0.000000
0.000000
0.000000
0.000000
0.008976
0.108136
0.206788
0.319061
0.409379
0.474530
0.494939
0.467848
0.433591
0.358167
0.287288
0.194652
0.110242
0.052424
0.010818
0.000000
0.000000
0.000000
0.000000
0.000000
0.000000
0.000000
0.000000
0.000000
0.002197
0.053394
0.103364
0.165000
0.211273
0.235091
0.260727
0.271364
0.254500
0.234167
0.205652
0.128652
0.078470
0.041742
0.009424
0.000000
0.000000
0.000000
0.000000
0.000000
0.000000
0.000000
0.000000
0.000000
0.002721
0.097758
0.203909
0.317818
0.399455
0.464152
0.553985
0.595318
0.606061
0.560364
0.458576
0.355848
0.240667
0.113848
0.019985
0.000000
0.000000
0.000000
0.000000
0.000000
0.000000
0.000000
0.000000
0.000000
0.001497
0.118530
0.249242
0.380758
0.495227
0.598894
0.668227
0.686561
0.649409
0.492530
0.452697
0.348091
0.225227
0.097682
0.015470
0.000000
0.000000
0.000000
0.000000
0.000000
0.000000
0.000000
0.000000
0.000000
0.000657
0.137727
0.281561
0.425621
0.552318
0.651409
0.713258
0.735288
0.712682
0.649197
0.548167
0.415530
0.270333
0.126818
0.019530
0.000000
0.000000
0.000000
0.000000
0.000000
0.000000
0.000000
0.000000
0.000000
0.000573
0.132470
0.272773
0.417348
0.543833
0.642894
0.705803
0.725803
0.704500
0.622348
0.493106
0.380167
0.256697
0.123182
0.017788
0.000000
0.000000
0.000000
0.000000
0.000000
0.000000
0.000000
0.000000
0.000000
0.000488
0.131879
0.276424
0.421091
0.548712
0.648258
0.710591
0.730833
0.704682
0.639015
0.537621
0.409106
0.264652
0.120652
0.015879
0.000000
0.000000
0.000000
0.000000
0.000000
0.000000
0.000000
0.000000
0.000000
0.000402
0.127000
0.269591
0.412803
0.540015
0.638621
0.699879
0.720000
0.695652
0.629924
0.527515
0.398364
0.255061
0.114303
0.014030
0.000000
0.000000
0.000000
0.000000
0.000000
0.000000
0.000000
0.000000
0.000000
0.000000
0.122515
0.265318
0.407773
0.534636
0.632576
0.693939
0.713121
0.686985
0.609197
0.487500
0.366561
0.240061
0.102515
0.010848
0.000000
0.000000
0.000000
0.000000
0.000000
0.000000
0.000000
0.000000
0.000000
0.000000
0.095545
0.195136
0.293288
0.368530
0.462682
0.571879
0.637030
0.578061
0.440000
0.355530
0.281379
0.201848
0.088545
0.008636
0.000000
0.000000
0.000000
0.000000
0.000000
0.000000
0.000000
0.000000
0.000000
0.000000
0.039455
0.094515
0.183636
0.265485
0.333394
0.429030
0.398939
0.340061
0.360364
0.363303
0.302273
0.210970
0.086394
0.007364
0.000000
0.000000
0.000000
0.000000
0.000000
0.000000
0.000000
0.000000
0.000000
0.000000
0.050348
0.099030
0.098727
0.105742
0.152864
0.229318
0.235409
0.239591
0.240227
0.182500
0.129561
0.078273
0.030227
0.003136
0.000000
0.000000
0.000000
0.000000
0.000000
0.000000
0.000000
0.000000
0.000000
0.000000
0.030955
0.059758
0.091273
0.184561
0.296591
0.421530
0.440288
0.458136
0.470136
0.375773
0.255894
0.143621
0.046894
0.003470
0.000000
0.000000
0.000000
0.000000
0.000000
0.000000
0.000000
0.000000
0.000000
0.000000
0.101152
0.239924
0.370591
0.483076
0.584227
0.671803
0.690924
0.663061
0.590030
0.473818
0.352485
0.220682
0.082379
0.004636
0.000000
0.000000
0.000000
0.000000
0.000000
0.000000
0.000000
0.000000
0.000000
0.000000
0.094288
0.218424
0.347000
0.436076
0.577833
0.659152
0.657788
0.596455
0.442697
0.362303
0.302182
0.194545
0.061545
0.003045
0.000000
0.000000
0.000000
0.000000
0.000000
0.000000
0.000000
0.000000
0.000000
0.000000
0.057939
0.110561
0.148833
0.225152
0.300424
0.380485
0.450273
0.427288
0.383591
0.319348
0.200197
0.107985
0.033955
0.001485
0.000000
0.000000
0.000000
0.000000
0.000000
0.000000
0.000000
0.000000
0.000000
0.000000
0.023727
0.062500
0.121621
0.174833
0.179712
0.219212
0.226576
0.256227
0.249045
0.186091
0.107788
0.062970
0.019182
0.000242
0.000000
0.000000
0.000000
0.000000
0.000000
0.000000
0.000000
0.000000
0.000000
0.000000
0.023076
0.054682
0.087742
0.128758
0.160455
0.196242
0.219758
0.200667
0.172182
0.102015
0.076712
0.048879
0.028091
0.001121
0.000000
0.000000
0.000000
0.000000
0.000000
0.000000
0.000000
0.000000
0.000000
0.000000
0.068212
0.175682
0.265045
0.329000
0.339061
0.317879
0.294242
0.267803
0.368348
0.310030
0.204242
0.100788
0.026970
0.000288
0.000000
0.000000
0.000000
0.000000
0.000000
0.000000
0.000000
0.000000
0.000000
0.000000
0.072326
0.202833
0.352288
0.477561
0.549742
0.566667
0.530182
0.478348
0.456379
0.336955
0.250015
0.141333
0.046788
0.000561
0.000000
0.000000
0.000000
0.000000
0.000000
0.000000
0.000000
0.000000
0.000000
0.000000
0.062833
0.172727
0.274333
0.343394
0.393667
0.423000
0.412879
0.369955
0.271561
0.199212
0.140303
0.071242
0.018924
0.000136
0.000000
0.000000
0.000000
0.000000
0.000000
0.000000
0.000000
0.000000
0.000000
0.000000
0.047773
0.130136
0.202258
0.357061
0.381515
0.479182
0.503848
0.479697
0.477788
0.386924
0.264439
0.143879
0.033727
0.000106
0.000000
0.000000
0.000000
0.000000
0.000000
0.000000
0.000000
0.000000
0.000000
0.000000
0.034481
0.114212
0.214788
0.304136
0.416742
0.509742
0.557561
0.551909
0.496727
0.380636
0.268667
0.143424
0.034727
0.000000
0.000000
0.000000
0.000000
0.000000
0.000000
0.000000
0.000000
0.000000
0.000000
0.000000
0.064028
0.202742
0.345015
0.470606
0.567939
0.627636
0.643970
0.615091
0.545273
0.438818
0.306758
0.164288
0.036773
0.000000
0.000000
0.000000
0.000000
0.000000
0.000000
0.000000
0.000000
0.000000
0.000000
0.000000
0.056195
0.187939
0.332303
0.459394
0.556788
0.617061
0.631697
0.604727
0.536121
0.429788
0.298939
0.156939
0.033030
0.000000
0.000000
0.000000
0.000000
0.000000
0.000000
0.000000
0.000000
0.000000
0.000000
0.000000
0.052458
0.190258
0.330197
0.455636
0.550697
0.611621
0.629227
0.597470
0.526015
0.386697
0.243333
0.122318
0.026076
0.000000
0.000000
0.000000
0.000000
0.000000
0.000000
0.000000
0.000000
0.000000
0.000000
0.000000
0.044168
0.168576
0.298152
0.405773
0.484227
0.521909
0.505000
0.463167
0.405439
0.316803
0.202288
0.098818
0.021030
0.000000
0.000000
0.000000
0.000000
0.000000
0.000000
0.000000
0.000000
0.000000
0.000000
0.000000
0.038117
0.172561
0.297652
0.396379
0.476864
0.507833
0.491076
0.443773
0.324136
0.236182
0.168636
0.081667
0.012152
0.000000
0.000000
0.000000
0.000000
0.000000
0.000000
0.000000
0.000000
0.000000
0.000000
0.000000
0.023957
0.122697
0.225848
0.306273
0.403606
0.466424
0.474970
0.448227
0.424167
0.358561
0.253833
0.129833
0.019379
0.000000
0.000000
0.000000
0.000000
0.000000
0.000000
0.000000
0.000000
0.000000
0.000000
0.000000
0.006197
0.027500
0.067591
0.115364
0.142091
0.162833
0.138985
0.122712
0.107530
0.095348
0.073015
0.042833
0.008833
0.000000
0.000000
0.000000
0.000000
0.000000
0.000000
0.000000
0.000000
0.000000
0.000000
0.000000
0.014247
0.086409
0.173955
0.285909
0.359424
0.411955
0.334803
0.212273
0.141182
0.099682
0.046379
0.018439
0.003288
0.000000
0.000000
0.000000
0.000000
0.000000
0.000000
0.000000
0.000000
0.000000
0.000000
0.000000
0.007849
0.074015
0.212288
0.377470
0.457621
0.487848
0.495394
0.458833
0.413742
0.301379
0.190106
0.092606
0.011364
0.000000
0.000000
0.000000
0.000000
0.000000
0.000000
0.000000
0.000000
0.000000
0.000000
0.000000
0.007985
0.079197
0.157348
0.226500
0.282106
0.340530
0.317318
0.246136
0.129258
0.073742
0.032379
0.012121
0.002000
0.000000
0.000000
0.000000
0.000000
0.000000
0.000000
0.000000
0.000000
0.000000
0.000000
0.000000
0.004333
0.064439
0.153470
0.175136
0.154530
0.138485
0.125121
0.117712
0.095742
0.068682
0.040652
0.016379
0.002485
0.000000
0.000000
0.000000
0.000000
0.000000
0.000000
0.000000
0.000000
0.000000
0.000000
0.000000
0.002953
0.114818
0.232515
0.357576
0.464242
0.548652
0.567288
0.540924
0.468742
0.358152
0.228788
0.096500
0.008076
0.000000
0.000000
0.000000
0.000000
0.000000
0.000000
0.000000
0.000000
0.000000
0.000000
0.000000
0.001274
0.135182
0.262788
0.376258
0.452318
0.539288
0.566167
0.537152
0.464879
0.355379
0.213742
0.086879
0.005394
0.000000
0.000000
0.000000
0.000000
0.000000
0.000000
0.000000
0.000000
0.000000
0.000000
0.000000
0.000727
0.131061
0.265576
0.383909
0.482061
0.538152
0.550061
0.515909
0.445818
0.340636
0.218545
0.085000
0.004621
0.000000
0.000000
0.000000
0.000000
0.000000
0.000000
0.000000
0.000000
0.000000
0.000000
0.000000
0.000636
0.077076
0.149803
0.203485
0.221576
0.263742
0.233955
0.175652
0.120227
0.062621
0.036530
0.014364
0.001303
0.000000
0.000000
0.000000
0.000000
0.000000
0.000000
0.000000
0.000000
0.000000
0.000000
0.000000
0.000273
0.050258
0.099409
0.152788
0.195848
0.261091
0.269515
0.244636
0.149152
0.100848
0.078818
0.037606
0.002515
0.000000
0.000000
0.000000
0.000000
0.000000
0.000000
0.000000
0.000000
0.000000
0.000000
0.000000
0.000488
0.068515
0.140333
0.231924
0.359409
0.447394
0.453970
0.416288
0.336833
0.233242
0.142667
0.050894
0.002076
0.000000
0.000000
0.000000
0.000000
0.000000
0.000000
0.000000
0.000000
0.000000
0.000000
0.000000
0.000392
0.074379
0.173318
0.242621
0.250227
0.286045
0.298318
0.264212
0.193970
0.111545
0.041061
0.011182
0.000758
0.000000
0.000000
0.000000
0.000000
0.000000
0.000000
0.000000
0.000000
0.000000
0.000000
0.000000
0.000000
0.115742
0.242864
0.362848
0.452121
0.506197
0.473318
0.439091
0.348212
0.284197
0.178258
0.058576
0.001152
0.000000
0.000000
0.000000
0.000000
0.000000
0.000000
0.000000
0.000000
0.000000
0.000000
0.000000
0.000000
0.113909
0.247909
0.369864
0.442439
0.506864
0.513924
0.494212
0.420152
0.312182
0.183576
0.054576
0.000424
0.000000
0.000000
0.000000
0.000000
0.000000
0.000000
0.000000
0.000000
0.000000
0.000000
0.000000
0.000000
0.107970
0.236515
0.348242
0.428909
0.476091
0.490091
0.464591
0.391348
0.292015
0.175682
0.050682
0.000242
0.000000
0.000000
0.000000
0.000000
0.000000
0.000000
0.000000
0.000000
0.000000
0.000000
0.000000
0.000000
0.095364
0.214030
0.344833
0.442076
0.495136
0.506288
0.474424
0.393939
0.279955
0.160470
0.043485
0.000015
0.000000
0.000000
0.000000
0.000000
0.000000
0.000000
0.000000
0.000000
0.000000
0.000000
0.000000
0.000000
0.098091
0.224364
0.337273
0.432636
0.487409
0.500227
0.463591
0.372864
0.264273
0.156909
0.040015
0.000000
0.000000
0.000000
0.000000
0.000000
0.000000
0.000000
0.000000
0.000000
0.000000
0.000000
0.000000
0.000000
0.096455
0.227879
0.348348
0.441500
0.495667
0.506061
0.472576
0.395788
0.282773
0.157409
0.037212
0.000000
0.000000
0.000000
0.000000
0.000000
0.000000
0.000000
0.000000
0.000000
0.000000
0.000000
0.000000
0.000000
0.061742
0.125379
0.159561
0.202773
0.248652
0.279712
0.265333
0.213970
0.147470
0.075348
0.016894
0.000000
0.000000
0.000000
0.000000
0.000000
0.000000
0.000000
0.000000
0.000000
0.000000
0.000000
0.000000
0.000000
0.076333
0.199030
0.336591
0.438773
0.495561
0.505348
0.469364
0.393727
0.284227
0.153530
0.030818
0.000000
0.000000
0.000000
0.000000
0.000000
0.000000
0.000000
0.000000
0.000000
0.000000
0.000000
0.000000
0.000000
0.068394
0.168970
0.264273
0.350970
0.411409
0.437258
0.428152
0.369303
0.268409
0.141045
0.026273
0.000000
0.000000
0.000000
0.000000
0.000000
0.000000
0.000000
0.000000
0.000000
0.000000
0.000000
0.000000
0.000000
0.046455
0.119182
0.191727
0.281182
0.341833
0.388348
0.402061
0.338273
0.238894
0.121379
0.021136
0.000000
0.000000
0.000000
0.000000
0.000000
0.000000
0.000000
0.000000
0.000000
0.000000
0.000000
0.000000
0.000000
0.061909
0.156424
0.238212
0.308364
0.353273
0.370182
0.354606
0.288788
0.184061
0.080788
0.013576
0.000000
0.000000
0.000000
0.000000
0.000000
0.000000
0.000000
0.000000
0.000000
0.000000
0.000000
0.000000
0.000000
0.017833
0.052742
0.084242
0.107364
0.115167
0.112561
0.094667
0.070182
0.044742
0.023015
0.003985
0.000000
0.000000
0.000000
0.000000
0.000000
0.000000
0.000000
0.000000
0.000000
0.000000
0.000000
0.000000
0.000000
0.012652
0.027955
0.041803
0.057348
0.067591
0.067652
0.061424
0.052909
0.036985
0.017409
0.002242
0.000000
0.000000
0.000000
0.000000
0.000000
0.000000
0.000000
0.000000
0.000000
0.000000
0.000000
0.000000
0.000000
0.009591
0.026500
0.048682
0.071712
0.082833
0.073955
0.060379
0.051621
0.040864
0.019500
0.002439
0.000000
0.000000
0.000000
0.000000
0.000000
0.000000
0.000000
0.000000
0.000000
0.000000
0.000000
0.000000
0.000000
0.013803
0.041803
0.067212
0.081909
0.096030
0.102970
0.101985
0.078500
0.053015
0.024924
0.002773
0.000000
0.000000
0.000000
0.000000
0.000000
0.000000
0.000000
0.000000
0.000000
0.000000
0.000000
0.000000
0.000000
0.032328
0.107955
0.187773
0.248500
0.279485
0.270697
0.232545
0.182939
0.133197
0.064045
0.006894
0.000000
0.000000
0.000000
0.000000
0.000000
0.000000
0.000000
0.000000
0.000000
0.000000
0.000000
0.000000
0.000000
0.023694
0.104379
0.186515
0.251364
0.291045
0.288409
0.264273
0.221333
0.144485
0.061667
0.005455
0.000000
0.000000
0.000000
0.000000
0.000000
0.000000
0.000000
0.000000
0.000000
0.000000
0.000000
0.000000
0.000000
0.011758
0.039136
0.064288
0.100227
0.145864
0.188500
0.185561
0.163015
0.110061
0.047909
0.004091
0.000000
0.000000
0.000000
0.000000
0.000000
0.000000
0.000000
0.000000
0.000000
0.000000
0.000000
0.000000
0.000000
0.009515
0.049470
0.095288
0.122682
0.145758
0.136697
0.104606
0.070939
0.045455
0.019424
0.001697
0.000000
0.000000
0.000000
0.000000
0.000000
0.000000
0.000000
0.000000
0.000000
0.000000
0.000000
0.000000
0.000000
0.004929
0.058652
0.120712
0.190591
0.232227
0.245955
0.223409
0.175288
0.108167
0.041742
0.002758
0.000000
0.000000
0.000000
0.000000
0.000000
0.000000
0.000000
0.000000
0.000000
0.000000
0.000000
0.000000
0.000000
0.011356
0.074924
0.130924
0.165197
0.193727
0.176030
0.143030
0.116758
0.070985
0.033773
0.002303
0.000000
0.000000
0.000000
0.000000
0.000000
0.000000
0.000000
0.000000
0.000000
0.000000
0.000000
0.000000
0.000000
0.002348
0.075182
0.115924
0.139773
0.147424
0.136758
0.118061
0.101091
0.058212
0.021061
0.001167
0.000000
0.000000
0.000000
0.000000
0.000000
0.000000
0.000000
0.000000
0.000000
0.000000
0.000000
0.000000
0.000000
0.001621
0.020879
0.042242
0.069061
0.093197
0.096742
0.084273
0.070970
0.039939
0.013364
0.000939
0.000000
0.000000
0.000000
0.000000
0.000000
0.000000
0.000000
0.000000
0.000000
0.000000
0.000000
0.000000
0.000000
0.001197
0.044000
0.090803
0.138864
0.183803
0.212197
0.209515
0.170909
0.109712
0.039076
0.000955
0.000000
0.000000
0.000000
0.000000
0.000000
0.000000
0.000000
0.000000
0.000000
0.000000
0.000000
0.000000
0.000000
0.000136
0.114152
0.206515
0.287394
0.345515
0.362364
0.327500
0.253652
0.154258
0.048652
0.000758
0.000000
0.000000
0.000000
0.000000
0.000000
0.000000
0.000000
0.000000
0.000000
0.000000
0.000000
0.000000
0.000000
0.000273
0.023697
0.046712
0.071803
0.093621
0.102894
0.084288
0.053682
0.034030
0.014061
0.000197
0.000000
0.000000
0.000000
0.000000
0.000000
0.000000
0.000000
0.000000
0.000000
0.000000
0.000000
0.000000
0.000000
0.000364
0.078394
0.122970
0.147242
0.155727
0.132121
0.092621
0.063348
0.035121
0.008788
0.000015
0.000000
0.000000
0.000000
0.000000
0.000000
0.000000
0.000000
0.000000
0.000000
0.000000
0.000000
0.000000
0.000000
0.000212
0.014197
0.025864
0.033379
0.038273
0.038030
0.033227
0.027894
0.018470
0.007197
0.000000
0.000000
0.000000
0.000000
0.000000
0.000000
0.000000
0.000000
0.000000
0.000000
0.000000
0.000000
0.000000
0.000000
0.000197
0.095985
0.197030
0.292576
0.345500
0.351742
0.314773
0.240955
0.139727
0.034424
0.000000
0.000000
0.000000
0.000000
0.000000
0.000000
0.000000
0.000000
0.000000
0.000000
0.000000
0.000000
0.000000
0.000000
0.000406
0.025697
0.053864
0.059985
0.067803
0.070894
0.066273
0.043121
0.023379
0.005894
0.000000
0.000000
0.000000
0.000000
0.000000
0.000000
0.000000
0.000000
0.000000
0.000000
0.000000
0.000000
0.000000
0.000000
0.000000
0.092697
0.186485
0.278121
0.333121
0.329485
0.290803
0.217803
0.125258
0.027106
0.000000
0.000000
0.000000
0.000000
0.000000
0.000000
0.000000
0.000000
0.000000
0.000000
0.000000
0.000000
0.000000
0.000000
0.000000
0.080530
0.171606
0.254576
0.302697
0.315091
0.282803
0.216621
0.121485
0.025212
0.000000
0.000000
0.000000
0.000000
0.000000
0.000000
0.000000
0.000000
0.000000
0.000000
0.000000
0.000000
0.000000
0.000000
0.000000
0.076136
0.164803
0.241106
0.289424
0.300606
0.270152
0.205939
0.113818
0.021909
0.000000
0.000000
0.000000
0.000000
0.000000
0.000000
0.000000
0.000000
0.000000
0.000000
0.000000
0.000000
0.000000
0.000000
0.000000
0.062212
0.139591
0.218379
0.284727
0.312030
0.287197
0.216439
0.117091
0.020727
0.000000
0.000000
0.000000
0.000000
0.000000
0.000000
0.000000
0.000000
0.000000
0.000000
0.000000
0.000000
0.000000
0.000000
0.000000
0.035818
0.073500
0.106773
0.127939
0.121424
0.098742
0.063561
0.033561
0.006985
0.000000
0.000000
0.000000
0.000000
0.000000
0.000000
0.000000
0.000000
0.000000
0.000000
0.000000
0.000000
0.000000
0.000000
0.000000
0.017197
0.035955
0.056742
0.069667
0.076091
0.070258
0.047621
0.026758
0.005606
0.000000
0.000000
0.000000
0.000000
0.000000
0.000000
0.000000
0.000000
0.000000
0.000000
0.000000
0.000000
0.000000
0.000000
0.000000
0.029636
0.072379
0.126894
0.177576
0.214394
0.206742
0.144864
0.069576
0.010758
0.000000
0.000000
0.000000
0.000000
0.000000
0.000000
0.000000
0.000000
0.000000
0.000000
0.000000
0.000000
0.000000
0.000000
0.000000
0.021576
0.045333
0.066636
0.079364
0.082636
0.068788
0.044879
0.021379
0.003439
0.000000
0.000000
0.000000
0.000000
0.000000
0.000000
0.000000
0.000000
0.000000
0.000000
0.000000
0.000000
0.000000
0.000000
0.000000
0.015591
0.039758
0.063303
0.077470
0.081773
0.075076
0.048985
0.024258
0.003576
0.000000
0.000000
0.000000
0.000000
0.000000
0.000000
0.000000
0.000000
0.000000
0.000000
0.000000
0.000000
0.000000
0.000000
0.000000
0.032591
0.092197
0.151439
0.192394
0.208848
0.189455
0.138909
0.064500
0.006652
0.000000
0.000000
0.000000
0.000000
0.000000
0.000000
0.000000
0.000000
0.000000
0.000000
0.000000
0.000000
0.000000
0.000000
0.000000
0.038561
0.105652
0.155591
0.191576
0.190061
0.183030
0.146273
0.073561
0.007561
0.000000
0.000000
0.000000
0.000000
0.000000
0.000000
0.000000
0.000000
0.000000
0.000000
0.000000
0.000000
0.000000
0.000000
0.000000
0.015833
0.040394
0.060909
0.073348
0.076379
0.062758
0.044909
0.020379
0.002424
0.000000
0.000000
0.000000
0.000000
0.000000
0.000000
0.000000
0.000000
0.000000
0.000000
0.000000
0.000000
0.000000
0.000000
0.000000
0.008152
0.020485
0.036727
0.055318
0.075045
0.060909
0.035909
0.012955
0.001182
0.000000
0.000000
0.000000
0.000000
0.000000
0.000000
0.000000
0.000000
0.000000
0.000000
0.000000
0.000000
0.000000
0.000000
0.000000
0.024019
0.092182
0.146000
0.188061
0.162758
0.113045
0.061136
0.018864
0.001182
0.000000
0.000000
0.000000
0.000000
0.000000
0.000000
0.000000
0.000000
0.000000
0.000000
0.000000
0.000000
0.000000
0.000000
0.000000
0.031138
0.133727
0.209030
0.251939
0.249939
0.206712
0.132712
0.055621
0.003636
0.000000
0.000000
0.000000
0.000000
0.000000
0.000000
0.000000
0.000000
0.000000
0.000000
0.000000
0.000000
0.000000
0.000000
0.000000
0.017456
0.076182
0.104909
0.128515
0.143576
0.112348
0.059167
0.014439
0.000652
0.000000
0.000000
0.000000
0.000000
0.000000
0.000000
0.000000
0.000000
0.000000
0.000000
0.000000
0.000000
0.000000
0.000000
0.000000
0.001955
0.014045
0.021955
0.029955
0.039864
0.044697
0.028303
0.010182
0.000818
0.000000
0.000000
0.000000
0.000000
0.000000
0.000000
0.000000
0.000000
0.000000
0.000000
0.000000
0.000000
0.000000
0.000000
0.000000
0.003864
0.050045
0.050955
0.047182
0.035091
0.030667
0.027939
0.010803
0.000576
0.000000
0.000000
0.000000
0.000000
0.000000
0.000000
0.000000
0.000000
0.000000
0.000000
0.000000
0.000000
0.000000
0.000000
0.000000
0.010967
0.116227
0.192955
0.238273
0.244273
0.210000
0.142091
0.053500
0.001970
0.000000
0.000000
0.000000
0.000000
0.000000
0.000000
0.000000
0.000000
0.000000
0.000000
0.000000
0.000000
0.000000
0.000000
0.000000
0.002182
0.022864
0.063894
0.152515
0.184909
0.178000
0.125667
0.046197
0.001197
0.000000
0.000000
0.000000
0.000000
0.000000
0.000000
0.000000
0.000000
0.000000
0.000000
0.000000
0.000000
0.000000
0.000000
0.000000
0.002348
0.062182
0.111364
0.157167
0.172652
0.149924
0.111955
0.040712
0.000894
0.000000
0.000000
0.000000
0.000000
0.000000
0.000000
0.000000
0.000000
0.000000
0.000000
0.000000
0.000000
0.000000
0.000000
0.000000
0.000924
0.031364
0.065667
0.107439
0.131985
0.131803
0.099318
0.035470
0.000742
0.000000
0.000000
0.000000
0.000000
0.000000
0.000000
0.000000
0.000000
0.000000
0.000000
0.000000
0.000000
0.000000
0.000000
0.000000
0.000121
0.008318
0.020864
0.045591
0.080318
0.108636
0.075364
0.020318
0.000136
0.000000
0.000000
0.000000
0.000000
0.000000
0.000000
0.000000
0.000000
0.000000
0.000000
0.000000
0.000000
0.000000
0.000000
0.000000
0.000061
0.067970
0.072000
0.075530
0.052197
0.044758
0.040545
0.014152
0.000136
0.000000
0.000000
0.000000
0.000000
0.000000
0.000000
0.000000
0.000000
0.000000
0.000000
0.000000
0.000000
0.000000
0.000000
0.000000
0.000212
0.040000
0.073788
0.090394
0.085182
0.061621
0.023864
0.006152
0.000076
0.000000
0.000000
0.000000
0.000000
0.000000
0.000000
0.000000
0.000000
0.000000
0.000000
0.000000
0.000000
0.000000
0.000000
0.000000
0.000273
0.026636
0.052545
0.067409
0.059318
0.037818
0.016939
0.006333
0.000000
0.000000
0.000000
0.000000
0.000000
0.000000
0.000000
0.000000
0.000000
0.000000
0.000000
0.000000
0.000000
0.000000
0.000000
0.000000
0.000121
0.031061
0.080909
0.134030
0.154515
0.138985
0.081500
0.021197
0.000000
0.000000
0.000000
0.000000
0.000000
0.000000
0.000000
0.000000
0.000000
0.000000
0.000000
0.000000
0.000000
0.000000
0.000000
0.000000
0.000152
0.054606
0.113515
0.154076
0.163045
0.138970
0.087636
0.024439
0.000000
0.000000
0.000000
0.000000
0.000000
0.000000
0.000000
0.000000
0.000000
0.000000
0.000000
0.000000
0.000000
0.000000
0.000000
0.000000
0.000000
0.028379
0.046076
0.056121
0.057030
0.051015
0.040227
0.014439
0.000000
0.000000
0.000000
0.000000
0.000000
0.000000
0.000000
0.000000
0.000000
0.000000
0.000000
0.000000
0.000000
0.000000
0.000000
0.000000
0.000000
0.076894
0.147379
0.187348
0.180318
0.143091
0.076818
0.018773
0.000000
0.000000
0.000000
0.000000
0.000000
0.000000
0.000000
0.000000
0.000000
0.000000
0.000000
0.000000
0.000000
0.000000
0.000000
0.000000
0.000000
0.014000
0.023242
0.027500
0.026894
0.021485
0.014485
0.003894
0.000000
0.000000
0.000000
0.000000
0.000000
0.000000
0.000000
0.000000
0.000000
0.000000
0.000000
0.000000
0.000000
0.000000
0.000000
0.000000
0.000000
0.033636
0.075333
0.112470
0.132106
0.116167
0.070894
0.017394
0.000000
0.000000
0.000000
0.000000
0.000000
0.000000
0.000000
0.000000
0.000000
0.000000
0.000000
0.000000
0.000000
0.000000
0.000000
0.000000
0.000000
0.056894
0.126591
0.176803
0.186742
0.155424
0.093030
0.020909
0.000000
0.000000
0.000000
0.000000
0.000000
0.000000
0.000000
0.000000
0.000000
0.000000
0.000000
0.000000
0.000000
0.000000
0.000000
0.000000
0.000000
0.013106
0.024833
0.030833
0.031561
0.025136
0.013864
0.003273
0.000000
0.000000
0.000000
0.000000
0.000000
0.000000
0.000000
0.000000
0.000000
0.000000
0.000000
0.000000
0.000000
0.000000
0.000000
0.000000
0.000000
0.026091
0.072364
0.119545
0.143000
0.135803
0.087439
0.018758
0.000000
0.000000
0.000000
0.000000
0.000000
0.000000
0.000000
0.000000
0.000000
0.000000
0.000000
0.000000
0.000000
0.000000
0.000000
0.000000
0.000000
0.034424
0.079303
0.123303
0.139303
0.119606
0.058606
0.010652
0.000000
0.000000
0.000000
0.000000
0.000000
0.000000
0.000000
0.000000
0.000000
0.000000
0.000000
0.000000
0.000000
0.000000
0.000000
0.000000
0.000000
0.042106
0.100288
0.143758
0.157273
0.131970
0.071545
0.014076
0.000000
0.000000
0.000000
0.000000
0.000000
0.000000
0.000000
0.000000
0.000000
0.000000
0.000000
0.000000
0.000000
0.000000
0.000000
0.000000
0.000000
0.047797
0.112636
0.153894
0.143833
0.108818
0.060636
0.011409
0.000000
0.000000
0.000000
0.000000
0.000000
0.000000
0.000000
0.000000
0.000000
0.000000
0.000000
0.000000
0.000000
0.000000
0.000000
0.000000
0.000000
0.006909
0.016545
0.026591
0.026500
0.017864
0.010288
0.002409
0.000000
0.000000
0.000000
0.000000
0.000000
0.000000
0.000000
0.000000
0.000000
0.000000
0.000000
0.000000
0.000000
0.000000
0.000000
0.000000
0.000000
0.011658
0.021500
0.024848
0.020515
0.016152
0.010333
0.003288
0.000000
0.000000
0.000000
0.000000
0.000000
0.000000
0.000000
0.000000
0.000000
0.000000
0.000000
0.000000
0.000000
0.000000
0.000000
0.000000
0.000000
0.006197
0.020136
0.047848
0.067697
0.051864
0.020348
0.002697
0.000000
0.000000
0.000000
0.000000
0.000000
0.000000
0.000000
0.000000
0.000000
0.000000
0.000000
0.000000
0.000000
0.000000
0.000000
0.000000
0.000000
0.004197
0.009833
0.013000
0.012667
0.011424
0.009333
0.001364
0.000000
0.000000
0.000000
0.000000
0.000000
0.000000
0.000000
0.000000
0.000000
0.000000
0.000000
0.000000
0.000000
0.000000
0.000000
0.000000
0.000000
0.003621
0.009136
0.013061
0.012758
0.009985
0.005985
0.001394
0.000000
0.000000
0.000000
0.000000
0.000000
0.000000
0.000000
0.000000
0.000000
0.000000
0.000000
0.000000
0.000000
0.000000
0.000000
0.000000
0.000000
0.030918
0.102636
0.145636
0.154364
0.127121
0.072212
0.012803
0.000000
0.000000
0.000000
0.000000
0.000000
0.000000
0.000000
0.000000
0.000000
0.000000
0.000000
0.000000
0.000000
0.000000
0.000000
0.000000
0.000000
0.007758
0.026788
0.037091
0.039758
0.032667
0.019030
0.004212
0.000000
0.000000
0.000000
0.000000
0.000000
0.000000
0.000000
0.000000
0.000000
0.000000
0.000000
0.000000
0.000000
0.000000
0.000000
0.000000
0.000000
0.018921
0.086712
0.137379
0.152409
0.127758
0.072000
0.011561
0.000000
0.000000
0.000000
0.000000
0.000000
0.000000
0.000000
0.000000
0.000000
0.000000
0.000000
0.000000
0.000000
0.000000
0.000000
0.000000
0.000000
0.002879
0.009833
0.014758
0.015000
0.011818
0.006182
0.001061
0.000000
0.000000
0.000000
0.000000
0.000000
0.000000
0.000000
0.000000
0.000000
0.000000
0.000000
0.000000
0.000000
0.000000
0.000000
0.000000
0.000000
0.008500
0.024303
0.050742
0.083136
0.085909
0.055121
0.009742
0.000000
0.000000
0.000000
0.000000
0.000000
0.000000
0.000000
0.000000
0.000000
0.000000
0.000000
0.000000
0.000000
0.000000
0.000000
0.000000
0.000000
0.010463
0.063439
0.101182
0.120061
0.094227
0.049470
0.008394
0.000000
0.000000
0.000000
0.000000
0.000000
0.000000
0.000000
0.000000
0.000000
0.000000
0.000000
0.000000
0.000000
0.000000
0.000000
0.000000
0.000000
0.012888
0.089682
0.137348
0.149015
0.121667
0.066424
0.010364
0.000000
0.000000
0.000000
0.000000
0.000000
0.000000
0.000000
0.000000
0.000000
0.000000
0.000000
0.000000
0.000000
0.000000
0.000000
0.000000
0.000000
0.009318
0.047303
0.064152
0.059182
0.039500
0.018045
0.002682
0.000000
0.000000
0.000000
0.000000
0.000000
0.000000
0.000000
0.000000
0.000000
0.000000
0.000000
0.000000
0.000000
0.000000
0.000000
0.000000
0.000000
0.005712
0.038091
0.060182
0.066636
0.053606
0.027697
0.004606
0.000000
0.000000
0.000000
0.000000
0.000000
0.000000
0.000000
0.000000
0.000000
0.000000
0.000000
0.000000
0.000000
0.000000
0.000000
0.000000
0.000000
0.004742
0.027606
0.038439
0.036864
0.026682
0.013136
0.002197
0.000000
0.000000
0.000000
0.000000
0.000000
0.000000
0.000000
0.000000
0.000000
0.000000
0.000000
0.000000
0.000000
0.000000
0.000000
0.000000
0.000000
0.002227
0.019030
0.032409
0.032742
0.023212
0.013424
0.002091
0.000000
0.000000
0.000000
0.000000
0.000000
0.000000
0.000000
0.000000
0.000000
0.000000
0.000000
0.000000
0.000000
0.000000
0.000000
0.000000
0.000000
0.003242
0.022682
0.036530
0.037106
0.027545
0.017364
0.003909
0.000000
0.000000
0.000000
0.000000
0.000000
0.000000
0.000000
0.000000
0.000000
0.000000
0.000000
0.000000
0.000000
0.000000
0.000000
0.000000
0.000000
0.002061
0.011742
0.017758
0.018455
0.015727
0.009121
0.001742
0.000000
0.000000
0.000000
0.000000
0.000000
0.000000
0.000000
0.000000
0.000000
0.000000
0.000000
0.000000
0.000000
0.000000
0.000000
0.000000
0.000000
0.007772
0.039485
0.061545
0.070697
0.048833
0.022833
0.003833
0.000000
0.000000
0.000000
0.000000
0.000000
0.000000
0.000000
0.000000
0.000000
0.000000
0.000000
0.000000
0.000000
0.000000
0.000000
0.000000
0.000000
0.006383
0.035379
0.039212
0.037182
0.033727
0.017758
0.003455
0.000000
0.000000
0.000000
0.000000
0.000000
0.000000
0.000000
0.000000
0.000000
0.000000
0.000000
0.000000
0.000000
0.000000
0.000000
0.000000
0.000000
0.005621
0.034833
0.040424
0.016606
0.008136
0.005136
0.001136
0.000000
0.000000
0.000000
0.000000
0.000000
0.000000
0.000000
0.000000
0.000000
0.000000
0.000000
0.000000
0.000000
0.000000
0.000000
0.000000
0.000000
0.002727
0.069864
0.122970
0.125121
0.088894
0.064288
0.011955
0.000000
0.000000
0.000000
0.000000
0.000000
0.000000
0.000000
0.000000
0.000000
0.000000
0.000000
0.000000
0.000000
0.000000
0.000000
0.000000
0.000000
0.003379
0.024167
0.043258
0.057076
0.052333
0.029697
0.004576
0.000000
0.000000
0.000000
0.000000
0.000000
0.000000
0.000000
0.000000
0.000000
0.000000
0.000000
0.000000
0.000000
0.000000
0.000000
0.000000
0.000000
0.005471
0.068955
0.099348
0.108197
0.089621
0.046682
0.008652
0.000000
0.000000
0.000000
0.000000
0.000000
0.000000
0.000000
0.000000
0.000000
0.000000
0.000000
0.000000
0.000000
0.000000
0.000000
0.000000
0.000000
0.000909
0.010288
0.014076
0.016773
0.017303
0.012545
0.003000
0.000000
0.000000
0.000000
0.000000
0.000000
0.000000
0.000000
0.000000
0.000000
0.000000
0.000000
0.000000
0.000000
0.000000
0.000000
0.000000
0.000000
0.000864
0.016364
0.037591
0.052955
0.054939
0.038667
0.007848
0.000000
0.000000
0.000000
0.000000
0.000000
0.000000
0.000000
0.000000
0.000000
0.000000
0.000000
0.000000
0.000000
0.000000
0.000000
0.000000
0.000000
0.004185
0.072773
0.114197
0.121530
0.094879
0.051455
0.010167
0.000000
0.000000
0.000000
0.000000
0.000000
0.000000
0.000000
0.000000
0.000000
0.000000
0.000000
0.000000
0.000000
0.000000
0.000000
0.000000
0.000000
0.001788
0.023136
0.035939
0.038606
0.030333
0.015939
0.003591
0.000000
0.000000
0.000000
0.000000
0.000000
0.000000
0.000000
0.000000
0.000000
0.000000
0.000000
0.000000
0.000000
0.000000
0.000000
0.000000
0.000000
0.001879
0.016515
0.026712
0.030864
0.029909
0.020515
0.004848
0.000000
0.000000
0.000000
0.000000
0.000000
0.000000
0.000000
0.000000
0.000000
0.000000
0.000000
0.000000
0.000000
0.000000
0.000000
0.000000
0.000000
0.005486
0.052682
0.075773
0.074409
0.050030
0.024182
0.005697
0.000000
0.000000
0.000000
0.000000
0.000000
0.000000
0.000000
0.000000
0.000000
0.000000
0.000000
0.000000
0.000000
0.000000
0.000000
0.000000
0.000000
0.005486
0.052682
0.075773
0.074409
0.050030
0.024182
0.005697
0.000000
0.000000
0.000000
0.000000
0.000000
0.000000
0.000000
0.000000
0.000000
