0,000000
0,000000
0,000000
0,000000
0,000000
0,000000
0,000000
0,000000
0,000000
0,000000
0,000000
0,000000
0,000000
0,000000
0,000000
0,000000
0,000000
0,000000
0,000000
0,000000
0,000000
0,000000
0,000000
0,000000
0,000000
0,000000
0,000000
0,000000
0,000000
0,000000
0,000000
0,000000
0,000000
0,000000
0,000000
0,000000
0,000000
0,000000
0,000000
0,000000
0,000000
0,000000
0,000000
0,000000
0,000000
0,000000
0,000000
0,000000
0,000000
0,000000
0,000000
0,000000
0,000000
0,000000
0,000000
0,000000
0,000000
0,000000
0,000000
0,000000
0,000000
0,000000
0,000000
0,000000
0,000000
0,000000
0,000000
0,000000
0,000000
0,000000
0,000000
0,000000
0,000000
0,000000
0,000000
0,000000
0,000000
0,000000
0,000000
0,000000
0,000000
0,000000
0,000000
0,000000
0,000000
0,000000
0,000000
0,000000
0,000000
0,000000
0,000000
0,000000
0,000000
0,000000
0,000000
0,000000
0,000000
0,000000
0,000000
0,000000
0,000000
0,000000
0,000000
0,000000
0,000000
0,000000
0,000000
0,000000
0,000000
0,000000
0,000000
0,000000
0,000000
0,000000
0,000000
0,000000
0,000000
0,000000
0,000000
0,000000
0,000000
0,000000
0,000000
0,000000
0,000000
0,000000
0,000000
0,000000
0,000000
0,000000
0,000000
0,000000
0,000000
0,000000
0,000000
0,000000
0,000000
0,000000
0,000000
0,000000
0,000000
0,000000
0,000000
0,000000
0,000000
0,000000
0,000000
0,000000
0,000000
0,000000
0,000000
0,000000
0,000000
0,000000
0,000000
0,000000
0,000000
0,000000
0,000000
0,000000
0,000000
0,000000
0,000000
0,000000
0,000000
0,000000
0,000000
0,000000
0,000000
0,000000
0,000000
0,000000
0,000000
0,000000
0,000000
0,000000
0,000000
0,000000
0,000000
0,000000
0,000000
0,000000
0,000000
0,000000
0,000000
0,000000
0,000000
0,000000
0,000000
0,000000
0,000000
0,000000
0,000000
0,000000
0,000000
0,000000
0,000000
0,000000
0,000000
0,000000
0,000000
0,000000
0,000000
0,000000
0,000000
0,000000
0,000000
0,000000
0,000000
0,000000
0,000000
0,000000
0,000000
0,000000
0,000000
0,000000
0,000000
0,000000
0,000000
0,000000
0,000000
0,000000
0,000000
0,000000
0,000000
0,000000
0,000000
0,000000
0,000000
0,000000
0,000000
0,000000
0,000000
0,000000
0,000000
0,000000
0,000000
0,000000
0,000000
0,000000
0,000000
0,000000
0,000000
0,000000
0,000000
0,000000
0,000000
0,000000
0,000000
0,000000
0,000000
0,000000
0,000000
0,000000
0,000000
0,000000
0,000000
0,000000
0,000000
0,000000
0,000000
0,000000
0,000000
0,000000
0,000000
0,000000
0,000000
0,000000
0,000000
0,000000
0,000000
0,000000
0,000000
0,000000
0,000000
0,000000
0,000000
0,000000
0,000000
0,000000
0,000000
0,000000
0,000000
0,000000
0,000000
0,000000
0,000000
0,000000
0,000000
0,000000
0,000000
0,000000
0,000000
0,000000
0,000000
0,000000
0,000000
0,000000
0,000000
0,000000
0,000000
0,000000
0,000000
0,000000
0,000000
0,000000
0,000000
0,000000
0,000000
0,000000
0,000000
0,000000
0,000000
0,000000
0,000000
0,000000
0,000000
0,000000
0,000000
0,000000
0,000000
0,000000
0,000000
0,001419
0,019862
0,021281
0,020572
0,020572
0,019862
0,020572
0,010641
0,000000
0,000000
0,000000
0,000000
0,000000
0,000000
0,000000
0,000000
0,000000
0,000000
0,000000
0,000000
0,000000
0,000000
0,000000
0,000000
0,004966
0,000000
0,000000
0,015606
0,020572
0,035539
0,040434
0,040363
0,040434
0,039086
0,037809
0,021920
0,006242
0,009860
0,001206
0,000922
0,010853
0,027807
0,030574
0,032844
0,033979
0,038590
0,038944
0,040505
0,039796
0,040434
0,040434
0,040363
0,040434
0,040434
0,039938
0,036249
0,037526
0,038874
0,038874
0,039867
0,019721
0,040434
0,040434
0,040292
0,040292
0,040505
0,040505
0,040434
0,039725
0,040434
0,040434
0,039512
0,039725
0,040434
0,040292
0,040505
0,040434
0,040505
0,040505
0,038306
0,040434
0,040363
0,034901
0,038732
0,019721
0,027453
0,033199
0,037171
0,028800
0,031780
0,033553
0,015039
0,012130
0,009577
0,010711
0,002767
0,002412
0,001064
0,002625
0,002483
0,001064
0,000142
0,002837
0,002625
0,001277
0,001206
0,000922
0,000000
0,000000
0,000000
0,000000
0,000000
0,000000
0,000000
0,000000
0,000000
0,000000
0,000000
0,000000
0,000922
0,003760
0,001490
0,004185
0,004114
0,003618
0,004256
0,005462
0,006597
0,004043
0,004327
0,003902
0,005320
0,003121
0,009577
0,008512
0,006526
0,004185
0,004256
0,004327
0,005249
0,010641
0,009364
0,002341
0,002412
0,001277
0,000000
0,000000
0,000709
0,002625
0,002837
0,002270
0,002341
0,005533
0,006952
0,007874
0,005391
0,002341
0,002908
0,004256
0,004043
0,002908
0,002696
0,005320
0,004185
0,001135
0,001135
0,003760
0,002767
0,002696
0,002696
0,002696
0,002696
0,002696
0,002696
0,002696
0,002696
0,002696
0,002696
0,002696
0,002696
0,002696
0,002696
0,002696
0,002696
0,002696
0,002696
0,002696
0,002696
0,002696
0,002696
0,002696
0,002696
0,002696
0,002696
0,002696
0,002696
0,002696
0,002696
0,002696
0,002696
0,002696
0,002696
0,002696
0,002696
0,002696
0,002696
0,002696
0,002696
0,002696
0,002696
0,002696
0,002696
0,000922
0,002483
0,005604
0,012059
0,018018
0,026247
0,039867
0,053983
0,056608
0,063701
0,069447
0,069731
0,071221
0,072356
0,072356
0,069589
0,034972
0,069731
0,072427
0,072356
0,072356
0,072356
0,072356
0,070228
0,064056
0,036533
0,053345
0,071930
0,066326
0,071434
0,072214
0,072001
0,069518
0,067603
0,066681
0,064056
0,069235
0,074626
0,074058
0,074697
0,037242
0,072427
0,073633
0,074839
0,074768
0,074768
0,074697
0,072285
0,067887
0,063985
0,049159
0,051855
0,048024
0,043484
0,023551
0,018444
0,018515
0,012556
0,013833
0,012485
0,019224
0,027949
0,040505
0,043343
0,020217
0,053345
0,066397
0,071859
0,073633
0,074839
0,073775
0,071079
0,063347
0,035114
0,036036
0,033128
0,058807
0,064766
0,073491
0,073349
0,073562
0,070724
0,073845
0,069660
0,073987
0,074697
0,073916
0,074484
0,037100
0,073704
0,074697
0,073633
0,074626
0,074626
0,074555
0,072356
0,072356
0,072356
0,073633
0,072285
0,071363
0,063914
0,053557
0,052422
0,049585
0,032489
0,022558
0,029155
0,020217
0,034901
0,032702
0,050791
0,032489
0,066326
0,072214
0,073633
0,073562
0,073207
0,072356
0,069518
0,072356
0,072356
0,072214
0,071434
0,069447
0,069660
0,072214
0,070015
0,070937
0,071646
0,072356
0,068100
0,069093
0,068241
0,068171
0,068951
0,034759
0,067745
0,067390
0,067036
0,068738
0,070370
0,069660
0,056962
0,039370
0,027736
0,039583
0,056466
0,054409
0,031000
0,047812
0,062850
0,064978
0,059516
0,042633
0,026601
0,016812
0,006881
0,002625
0,001135
0,000497
0,001206
0,000071
0,000000
0,000000
0,000000
0,000000
0,000000
0,000000
0,000000
0,000000
0,000000
0,000000
0,000071
0,002341
0,003760
0,004398
0,006952
0,012840
0,020004
0,025466
0,022771
0,018444
0,012769
0,002767
0,005107
0,012627
0,002412
0,008016
0,011208
0,010853
0,006952
0,006810
0,009718
0,009647
0,005888
0,005249
0,005675
0,007094
0,002979
0,001135
0,000993
0,000071
0,000638
0,001348
0,002412
0,002837
0,004114
0,001206
0,001064
0,001561
0,001135
0,001277
0,002554
0,000000
0,000000
0,000000
0,003760
0,014187
0,041782
0,073207
0,062992
0,083422
0,081649
0,077889
0,076115
0,075335
0,075335
0,075406
0,076115
0,076045
0,075406
0,016386
0,000000
0,000000
0,000000
0,000000
0,000000
0,000000
0,000000
0,000000
0,000000
0,000000
0,000000
0,003263
0,016954
0,016883
0,021990
0,013904
0,022274
0,036887
0,032631
0,021423
0,011350
0,013265
0,008016
0,016032
0,017167
0,011066
0,028162
0,014400
0,012556
0,015890
0,007732
0,009435
0,014968
0,018798
0,043555
0,075264
0,075122
0,073916
0,069944
0,070866
0,066468
0,070653
0,075335
0,072214
0,065262
0,055331
0,042420
0,019508
0,019366
0,019366
0,019366
0,019366
0,019366
0,019366
0,019366
0,019366
0,020785
0,006242
0,006881
0,003405
0,000000
0,003405
0,003405
0,005391
0,013194
0,029439
0,046464
0,044832
0,037809
0,045187
0,050933
0,024190
0,061999
0,048947
0,038164
0,039796
0,046818
0,061857
0,060651
0,044832
0,035043
0,024119
0,027878
0,023906
0,016883
0,015181
0,012414
0,013833
0,012272
0,015464
0,014258
0,008512
0,008158
0,005462
0,004185
0,000851
0,001206
0,001277
0,002554
0,001419
0,000000
0,000000
0,000000
0,000142
0,000000
0,000000
0,000000
0,001277
0,001561
0,004327
0,005817
0,008512
0,016954
0,026389
0,031000
0,040434
0,046251
0,046606
0,038944
0,023125
0,051713
0,049018
0,057814
0,062850
0,073136
0,085479
0,091651
0,089097
0,094914
0,099879
0,097042
0,093069
0,093069
0,093069
0,092360
0,093495
0,097609
0,096971
0,094275
0,088529
0,089594
0,084273
0,084344
0,035823
0,045329
0,078882
0,080372
0,076754
0,079520
0,083777
0,082642
0,082642
0,083989
0,084770
0,085054
0,092573
0,095056
0,094985
0,090658
0,086401
0,084841
0,084770
0,082925
0,091934
0,094063
0,094985
0,089806
0,044903
0,090445
0,090374
0,090374
0,090374
0,090374
0,090374
0,090374
0,089523
0,089735
0,087182
0,086330
0,088459
0,087749
0,090374
0,093566
0,094630
0,093921
0,094417
0,093566
0,094488
0,092644
0,091580
0,093140
0,046251
0,093140
0,093211
0,093069
0,093069
0,093140
0,091083
0,093211
0,092857
0,092999
0,093140
0,091012
0,091367
0,091793
0,088459
0,083422
0,070157
0,064269
0,057459
0,049159
0,041002
0,030787
0,020997
0,012769
0,004540
0,006810
0,008442
0,007236
0,006739
0,007094
0,007236
0,003902
0,006810
0,005533
0,007165
0,011137
0,012627
0,012414
0,011492
0,011137
0,008583
0,015322
0,009577
0,000000
0,000000
0,000000
0,000000
0,000000
0,000000
0,000000
0,006810
0,007094
0,007023
0,006739
0,006597
0,006881
0,006668
0,005533
0,004185
0,003050
0,002341
0,001561
0,001277
0,002837
0,005462
0,008300
0,006668
0,000000
0,000000
0,000000
0,000000
0,000000
0,000000
0,000000
0,003972
0,026318
0,033837
0,044974
0,040718
0,064482
0,065049
0,060864
0,072994
0,082925
0,073278
0,068738
0,008725
0,000000
0,000000
0,000000
0,000000
0,000000
0,000000
0,000000
0,000000
0,000000
0,000000
0,000000
0,059162
0,080088
0,077392
0,077889
0,077676
0,073633
0,061006
0,059445
0,059516
0,064482
0,077676
0,067603
0,061928
0,058027
0,049443
0,064411
0,085905
0,099099
0,093779
0,096900
0,096403
0,098390
0,048734
0,096049
0,095765
0,094985
0,095765
0,095765
0,093637
0,095056
0,095765
0,095765
0,095765
0,095056
0,097184
0,097893
0,096474
0,096474
0,095765
0,095765
0,095765
0,095765
0,092218
0,095765
0,095765
0,095056
0,047528
0,095765
0,095765
0,095765
0,095765
0,095765
0,095056
0,094346
0,094346
0,094346
0,092857
0,093069
0,093069
0,093069
0,092999
0,091793
0,091438
0,090090
0,092147
0,091934
0,093282
0,092857
0,083635
0,070370
0,025608
0,035539
0,023480
0,015110
0,012556
0,008512
0,006952
0,006668
0,007236
0,004114
0,013904
0,023693
0,016812
0,028800
0,038661
0,037597
0,049656
0,058452
0,069164
0,072923
0,081436
0,088529
0,086401
0,087820
0,031780
0,085692
0,084983
0,086401
0,085692
0,084983
0,082855
0,085692
0,085692
0,086401
0,084273
0,084983
0,084983
0,086401
0,086401
0,086401
0,086401
0,086401
0,086401
0,087111
0,089239
0,089948
0,089239
0,101014
0,056040
0,112506
0,112506
0,112506
0,111017
0,109811
0,109811
0,109811
0,109314
0,106406
0,106122
0,109456
0,109527
0,109456
0,109456
0,109456
0,109456
0,108747
0,108747
0,109456
0,105483
0,111442
0,110733
0,111087
0,054125
0,108747
0,109456
0,109456
0,108747
0,108747
0,109314
0,106760
0,106760
0,106760
0,104561
0,103426
0,100021
0,095765
0,080017
0,055969
0,077109
0,074555
0,044690
0,030645
0,013762
0,013975
0,018231
0,011492
0,003334
0,002767
0,000993
0,000000
0,000000
0,000000
0,000000
0,000000
0,000000
0,000000
0,000000
0,004185
0,002837
0,013478
0,006597
0,009222
0,017663
0,030290
0,047102
0,030858
0,039157
0,036533
0,047812
0,043768
0,025254
0,045116
0,066042
0,071363
0,091438
0,098390
0,103852
0,103284
0,108392
0,088813
0,048095
0,026672
0,027736
0,029084
0,045683
0,064127
0,071221
0,071221
0,081294
0,101440
0,102575
0,096191
0,096758
0,095694
0,045329
0,089452
0,064269
0,082074
0,090161
0,088884
0,091083
0,098177
0,100092
0,101440
0,098177
0,075832
0,062779
0,100163
0,101298
0,098673
0,098603
0,100305
0,100660
0,101511
0,101298
0,097822
0,101298
0,100731
0,050365
0,101440
0,101440
0,101440
0,100447
0,098106
0,097326
0,098319
0,098744
0,098815
0,098035
0,098673
0,097680
0,097680
0,097680
0,096971
0,097113
0,095694
0,094985
0,094346
0,096900
0,094772
0,097680
0,097609
0,048663
0,097184
0,095765
0,091934
0,087394
0,074555
0,067674
0,083138
0,087040
0,075903
0,055969
0,048166
0,029510
0,058736
0,056182
0,029865
0,015110
0,009931
0,003972
0,004256
0,005604
0,003902
0,002483
0,002767
0,000851
0,008016
0,016883
0,022700
0,031993
0,045116
0,046251
0,071363
0,087253
0,028446
0,000000
0,000000
0,000000
0,000000
0,000000
0,000000
0,000000
0,000000
0,000000
0,000000
0,000000
0,000000
0,000000
0,000000
0,000000
0,000000
0,000000
0,000000
0,000000
0,000000
0,000000
0,000000
0,000000
0,000000
0,032205
0,032064
0,028517
0,029226
0,029297
0,025041
0,020572
0,020501
0,013904
0,014116
0,025254
0,013975
0,016812
0,010995
0,011279
0,031283
0,039299
0,046677
0,036745
0,051571
0,077250
0,084912
0,085479
0,089948
0,092431
0,093069
0,093069
0,093069
0,093069
0,093069
0,093069
0,091651
0,091651
0,091651
0,091651
0,090941
0,090090
0,084770
0,043130
0,065333
0,086969
0,088671
0,088246
0,082571
0,083067
0,086047
0,088955
0,088955
0,088246
0,087394
0,087040
0,087040
0,087040
0,087040
0,087040
0,086330
0,086330
0,086259
0,086259
0,085337
0,089026
0,088955
0,044974
0,081365
0,088813
0,040292
0,034121
0,087678
0,088884
0,087182
0,089026
0,088955
0,088246
0,088742
0,088884
0,089026
0,088955
0,089664
0,089735
0,086614
0,086259
0,086898
0,083138
0,076967
0,076045
0,082784
0,044052
0,088742
0,088317
0,088955
0,088955
0,087182
0,088246
0,086969
0,088317
0,084131
0,087324
0,088955
0,088884
0,081649
0,083989
0,077463
0,061999
0,078385
0,066326
0,039086
0,066468
0,081436
0,081861
0,079804
0,039867
0,076045
0,084841
0,065191
0,088884
0,088033
0,088955
0,088955
0,088955
0,087536
0,088246
0,088955
0,089026
0,088955
0,090019
0,095694
0,096900
0,096191
0,094630
0,094346
0,094346
0,094275
0,094275
0,094063
0,046889
0,093992
0,091651
0,093211
0,077605
0,086118
0,061786
0,055260
0,064411
0,058027
0,052706
0,054196
0,045825
0,043839
0,055402
0,054976
0,058027
0,066468
0,066681
0,064482
0,083919
0,094985
0,085124
0,092502
0,046251
0,094417
0,094133
0,095907
0,095339
0,093921
0,092999
0,092644
0,088459
0,073845
0,069093
0,070582
0,064836
0,054409
0,037313
0,027240
0,056892
0,077180
0,088529
0,110875
0,110449
0,109740
0,110946
0,110875
0,055898
0,112010
0,112010
0,112010
0,111300
0,111300
0,112010
0,112010
0,111300
0,110591
0,111300
0,112010
0,111229
0,112010
0,111300
0,110236
0,108250
0,108179
0,109243
0,109243
0,109811
0,111300
0,111371
0,111371
0,056040
0,112081
0,111371
0,111371
0,111371
0,112081
0,112081
0,111371
0,110662
0,108534
0,110662
0,110662
0,111371
0,110662
0,109952
0,110662
0,110662
0,111371
0,111371
0,112081
0,111371
0,107115
0,112081
0,112081
0,056040
0,111371
0,099879
0,076470
0,063985
0,045613
0,024190
0,014329
0,009860
0,004256
0,000000
0,000000
0,000000
0,008229
0,019862
0,032418
0,035539
0,052422
0,066397
0,077960
0,100802
0,121444
0,124991
0,124991
0,062637
0,124991
0,124991
0,124849
0,123572
0,124991
0,124991
0,124991
0,124282
0,125275
0,127616
0,123218
0,124140
0,123714
0,115556
0,115060
0,115202
0,116479
0,121870
0,119174
0,120735
0,123856
0,123501
0,119458
0,062212
0,123572
0,121728
0,117401
0,118749
0,112081
0,107541
0,086401
0,072072
0,056821
0,041285
0,035327
0,033695
0,026247
0,019862
0,020572
0,019153
0,018444
0,019153
0,004469
0,000000
0,000000
0,000000
0,001206
0,000000
0,000213
0,000000
0,000000
0,000993
0,001632
0,001064
0,000213
0,000213
0,000213
0,000213
0,000071
0,001348
0,000000
0,000000
0,002412
0,008512
0,013904
0,023977
0,029652
0,050011
0,068525
0,098106
0,105767
0,053770
0,112719
0,120026
0,122083
0,119742
0,120167
0,118181
0,118394
0,116550
0,103923
0,085054
0,065475
0,062425
0,055402
0,045967
0,036320
0,055544
0,075619
0,094063
0,077109
0,077534
0,081790
0,094346
0,088459
0,041640
0,065191
0,062212
0,090303
0,071008
0,052706
0,046180
0,086969
0,111229
0,085763
0,091651
0,084557
0,091367
0,097255
0,095694
0,081365
0,101014
0,101369
0,106264
0,136199
0,126481
0,124140
0,125346
0,123785
0,057530
0,101085
0,110804
0,099596
0,087962
0,103497
0,127332
0,142229
0,146485
0,128893
0,118323
0,105058
0,092928
0,092928
0,088317
0,079024
0,107966
0,113570
0,140101
0,152515
0,154217
0,154217
0,152798
0,153224
0,076328
0,153366
0,154359
0,154359
0,152231
0,153721
0,153721
0,154430
0,153011
0,152940
0,152940
0,154430
0,154430
0,154430
0,153721
0,153650
0,153366
0,153437
0,153579
0,154430
0,154430
0,151734
0,143931
0,151734
0,075122
0,151734
0,151734
0,151025
0,149535
0,151025
0,151663
0,148897
0,139888
0,111584
0,094275
0,079166
0,071788
0,064411
0,057530
0,041640
0,038661
0,058239
0,114847
0,142300
0,132085
0,141732
0,133291
0,084557
0,030219
0,040860
0,020997
0,018373
0,023693
0,015181
0,006739
0,001419
0,001561
0,002270
0,001419
0,000000
0,000000
0,000000
0,000000
0,000000
0,000142
0,000000
0,000000
0,007945
0,034972
0,046606
0,035043
0,030716
0,019011
0,048947
0,054834
0,050436
0,035256
0,043130
0,063276
0,062921
0,053132
0,032134
0,026956
0,021210
0,029368
0,040505
0,024190
0,016741
0,030716
0,045045
0,059162
0,051642
0,059942
0,056324
0,054622
0,052919
0,022416
0,043130
0,034972
0,026601
0,021068
0,013975
0,008583
0,005320
0,018302
0,012698
0,012769
0,014187
0,013691
0,020785
0,016528
0,030361
0,071079
0,082429
0,123998
0,157977
0,164929
0,164007
0,161098
0,156771
0,061644
0,057672
0,068809
0,051855
0,053061
0,064411
0,065901
0,053628
0,050082
0,066894
0,110520
0,163865
0,168405
0,168405
0,147194
0,168405
0,168405
0,168476
0,168405
0,168334
0,167695
0,168405
0,168334
0,163013
0,060864
0,077463
0,056324
0,040434
0,022132
0,023693
0,012414
0,008371
0,011066
0,018444
0,046393
0,046251
0,043413
0,029155
0,019650
0,012698
0,012556
0,013691
0,019579
0,024899
0,032064
0,037809
0,050436
0,094914
0,069873
0,152515
0,166773
0,168263
0,168334
0,168263
0,167979
0,167128
0,165283
0,161240
0,167766
0,168050
0,168050
0,168263
0,168050
0,183656
0,182025
0,179471
0,166702
0,140952
0,103213
0,109172
0,131659
0,087040
0,028020
0,039228
0,028304
0,015535
0,008583
0,004327
0,002837
0,002837
0,006739
0,005533
0,005533
0,002483
0,000000
0,000000
0,000000
0,000000
0,000000
0,000000
0,000000
0,001348
0,003902
0,000922
0,000071
0,000993
0,000284
0,000000
0,000000
0,001064
0,007236
0,012911
0,015251
0,009577
0,015181
0,019791
0,029297
0,036320
0,029723
0,067106
0,113145
0,162659
0,182450
0,190537
0,191956
0,189047
0,184153
0,128609
0,076186
0,038022
0,019933
0,064198
0,131375
0,129035
0,126197
0,121941
0,085408
0,065830
0,076825
0,067461
0,055544
0,051571
0,066965
0,052139
0,048734
0,064340
0,069802
0,063063
0,054763
0,041995
0,122012
0,134355
0,168334
0,188905
0,093353
0,190324
0,179045
0,151593
0,113641
0,053699
0,040221
0,044548
0,034617
0,036178
0,041711
0,036391
0,028942
0,024899
0,017663
0,038519
0,028871
0,035823
0,033199
0,026389
0,026956
0,018231
0,027665
0,059729
0,034759
0,062708
0,037809
0,051926
0,033411
0,023835
0,022416
0,024544
0,034475
0,047244
0,061432
0,072781
0,091934
0,107541
0,112506
0,148968
0,197773
0,196212
0,196496
0,197773
0,198482
0,195999
0,187487
0,195786
0,096474
0,194368
0,187132
0,172590
0,177910
0,183230
0,134071
0,133433
0,134071
0,185217
0,193091
0,195715
0,195644
0,194439
0,194651
0,190253
0,166702
0,085479
0,044974
0,051997
0,024899
0,050436
0,140881
0,084202
0,194864
0,195006
0,194935
0,193516
0,177981
0,187770
0,169327
0,193800
0,190608
0,195077
0,190608
0,183230
0,171455
0,185359
0,191317
0,185997
0,186352
0,189544
0,192381
0,193091
0,192949
0,187061
0,183301
0,095198
0,192452
0,192239
0,193020
0,193162
0,193162
0,192239
0,178052
0,193162
0,192169
0,192381
0,192381
0,192381
0,186352
0,085195
0,005959
0,144499
0,185430
0,164007
0,181670
0,185500
0,187700
0,187558
0,186139
0,092715
0,187061
0,187061
0,187770
0,187700
0,187770
0,182450
0,130808
0,160034
0,119884
0,153863
0,176775
0,167908
0,176491
0,183089
0,182450
0,182450
0,182379
0,181670
0,181386
0,180180
0,187487
0,186139
0,182592
0,087891
0,157551
0,124636
0,087962
0,099525
0,126906
0,134568
0,079024
0,097751
0,155778
0,183301
0,184862
0,185075
0,183869
0,185075
0,185146
0,185075
0,184578
0,171951
0,162233
0,165496
0,174434
0,182379
0,176988
0,091012
0,182876
0,184720
0,183160
0,175215
0,163723
0,142938
0,154146
0,146840
0,120451
0,105342
0,083919
0,077321
0,068880
0,061928
0,044832
0,045967
0,050294
0,049159
0,046109
0,055898
0,072498
0,054622
0,046464
0,019153
0,049088
0,056111
0,072923
0,086472
0,088529
0,061361
0,067177
0,053983
0,035398
0,026530
0,030290
0,037597
0,041640
0,041924
0,044265
0,040931
0,034901
0,044761
0,040434
0,035114
0,039512
0,033908
0,028020
0,011137
0,019650
0,012272
0,004398
0,000993
0,000000
0,000000
0,000000
0,000000
0,000000
0,000000
0,000000
0,000000
0,000851
0,010924
0,017876
0,019295
0,012556
0,016457
0,011350
0,010853
0,016670
0,013833
0,023693
0,013478
0,011137
0,006952
0,001135
0,001348
0,002696
0,006810
0,009931
0,019862
0,025183
0,009718
0,004398
0,001632
0,001490
0,000000
0,000000
0,000000
0,000000
0,000000
0,000000
0,000000
0,000000
0,000000
0,000851
0,002341
0,012698
0,030432
0,041782
0,054622
0,051784
0,077250
0,120238
0,127616
0,106902
0,082855
0,084131
0,095481
0,102291
0,086756
0,062070
0,030858
0,030645
0,056962
0,057104
0,045967
0,057601
0,087891
0,117330
0,062425
0,129105
0,151309
0,142796
0,156558
0,157551
0,139604
0,123005
0,124778
0,100802
0,068312
0,088104
0,081081
0,054480
0,044548
0,055615
0,050649
0,047244
0,032134
0,020785
0,023764
0,021210
0,015464
0,014258
0,004895
0,012201
0,010995
0,006952
0,004185
0,000993
0,000000
0,000000
0,000000
0,000071
0,003972
0,003831
0,004469
0,000000
0,002341
0,000000
0,000000
0,000000
0,001348
0,006881
0,007165
0,011208
0,006810
0,002908
0,001986
0,002837
0,000000
0,000071
0,001135
0,002908
0,000922
0,000000
0,000000
0,000000
0,000000
0,000000
0,000142
0,001348
0,001419
0,006597
0,003902
0,004398
0,007236
0,012698
0,023764
0,037526
0,046606
0,048947
0,029581
0,075619
0,068880
0,054905
0,049088
0,037739
0,034830
0,055473
0,099099
0,116408
0,127474
0,130240
0,117117
0,127545
0,122012
0,159041
0,164077
0,181386
0,188125
0,191672
0,190821
0,190395
0,192878
0,192169
0,094985
0,192239
0,192169
0,191459
0,192169
0,192027
0,191956
0,190466
0,191246
0,192878
0,190963
0,191743
0,189189
0,189260
0,192098
0,192169
0,192169
0,192169
0,190963
0,190679
0,186281
0,190111
0,178478
0,182379
0,087324
0,183798
0,183798
0,183798
0,183089
0,183798
0,183089
0,183727
0,183727
0,188551
0,192098
0,190750
0,188196
0,189189
0,182095
0,173228
0,091083
0,155565
0,124707
0,115911
0,074129
0,067390
0,049018
0,031993
0,026105
0,071221
0,059091
0,084912
0,138256
0,164858
0,193304
0,194864
0,194864
0,194864
0,194155
0,194864
0,194864
0,194864
0,194864
0,194084
0,193800
0,193871
0,193942
0,192594
0,191388
0,193516
0,194509
0,194580
0,095623
0,183798
0,185997
0,190892
0,188976
0,194155
0,193942
0,193658
0,184578
0,185004
0,186423
0,188551
0,188551
0,188551
0,192594
0,194864
0,194155
0,194864
0,194013
0,169185
0,158402
0,174860
0,186068
0,179542
0,077676
0,153792
0,124282
0,127119
0,153721
0,162375
0,168192
0,168050
0,168050
0,158048
0,164007
0,159537
0,171100
0,168405
0,172093
0,171881
0,162020
0,136767
0,136696
0,141023
0,118678
0,103284
0,096687
0,085408
0,050791
0,146982
0,145208
0,109314
0,125842
0,157977
0,180890
0,178903
0,161027
0,156913
0,113357
0,078385
0,061857
0,057175
0,057175
0,068383
0,075761
0,106547
0,121161
0,129602
0,133149
0,140243
0,139533
0,133858
0,053699
0,085621
0,076399
0,080655
0,074271
0,048166
0,041569
0,024048
0,020785
0,015110
0,012201
0,009789
0,015393
0,030787
0,043272
0,044903
0,044548
0,051358
0,095198
0,120309
0,121515
0,117259
0,130028
0,174860
0,092289
0,167908
0,158402
0,100021
0,039441
0,004043
0,009860
0,048734
0,156771
0,192027
0,184224
0,140384
0,084415
0,050720
0,046109
0,022629
0,004540
0,000000
0,000000
0,000993
0,009577
0,011279
0,013691
0,014187
0,011421
0,018302
0,019508
0,019721
0,005746
0,010073
0,019295
0,030503
0,048805
0,056040
0,055827
0,050223
0,032064
0,020714
0,016954
0,014187
0,021281
0,025112
0,028162
0,041853
0,044478
0,050578
0,046038
0,050507
0,024119
0,047244
0,060155
0,097538
0,107753
0,120309
0,103852
0,100943
0,119884
0,141094
0,157338
0,174080
0,190750
0,186706
0,185571
0,188338
0,188267
0,179542
0,185713
0,188196
0,187983
0,185359
0,189544
0,190466
0,093992
0,189686
0,190466
0,189757
0,190466
0,190466
0,190466
0,189757
0,190466
0,190679
0,183656
0,145847
0,139817
0,133007
0,121373
0,116621
0,117330
0,120167
0,113783
0,091083
0,086118
0,093921
0,095339
0,106689
0,061290
0,103852
0,096758
0,091083
0,103143
0,110236
0,121586
0,101014
0,085408
0,074058
0,070511
0,076896
0,076186
0,081152
0,087536
0,089664
0,100305
0,098886
0,098886
0,106477
0,103852
0,066184
0,029581
0,016741
0,008725
0,021139
0,032064
0,040860
0,044832
0,029155
0,028233
0,022416
0,023977
0,019862
0,016386
0,026318
0,037597
0,064269
0,081436
0,069873
0,085763
0,075690
0,078173
0,050720
0,075406
0,082429
0,080797
0,098957
0,042775
0,061077
0,055686
0,089381
0,181031
0,186423
0,180322
0,177059
0,134355
0,128680
0,151947
0,157693
0,164574
0,178478
0,184436
0,191388
0,196141
0,197702
0,198127
0,193162
0,193304
0,198766
0,186494
0,097609
0,011492
0,035256
0,032134
0,021210
0,025254
0,027665
0,022700
0,024899
0,026814
0,012343
0,003050
0,001206
0,000071
0,001490
0,006739
0,007023
0,005888
0,001702
0,001490
0,009364
0,011279
0,000000
0,000000
0,001135
0,001986
0,009789
0,012698
0,013975
0,020643
0,033411
0,048663
0,057388
0,035256
0,040363
0,050223
0,119103
0,127687
0,123005
0,116053
0,102291
0,095056
0,135703
0,117543
0,114918
0,135986
0,117685
0,092360
0,078244
0,019153
0,016245
0,010357
0,007448
0,002696
0,003831
0,004398
0,012769
0,023480
0,053912
0,115202
0,112861
0,127829
0,156842
0,144641
0,081294
0,097184
0,128822
0,128467
0,152657
0,158544
0,160460
0,164290
0,154856
0,055118
0,161169
0,155849
0,152089
0,159396
0,136057
0,145421
0,123998
0,141236
0,178478
0,206782
0,249060
0,271902
0,263886
0,239058
0,254380
0,253671
0,234589
0,223806
0,241044
0,260836
0,224161
0,140243
0,139604
0,067532
0,115840
0,123643
0,091580
0,076115
0,082358
0,066965
0,067461
0,081294
0,074271
0,097751
0,163936
0,156487
0,121657
0,179967
0,159963
0,093495
0,065617
0,054551
0,053699
0,069235
0,060084
0,048663
0,048876
0,034688
0,054976
0,036178
0,034121
0,026885
0,021707
0,017947
0,017380
0,016883
0,013762
0,015606
0,019366
0,016316
0,014897
0,015606
0,017876
0,020075
0,020288
0,028233
0,035823
0,043768
0,041002
0,038732
0,031070
0,021068
0,030503
0,035398
0,043059
0,050153
0,045896
0,056253
0,075335
0,069093
0,064482
0,056324
0,044123
0,043697
0,042278
0,027453
0,027453
0,021636
0,020501
0,018869
0,018515
0,014826
0,012343
0,007732
0,005107
0,007803
0,012556
0,015464
0,023906
0,036462
0,049656
0,089168
0,120096
0,148826
0,162375
0,170107
0,163723
0,192452
0,239129
0,254593
0,263744
0,273179
0,279421
0,278357
0,279350
0,280698
0,282046
0,280272
0,275307
0,166773
0,271405
0,278570
0,207065
0,180677
0,237710
0,274668
0,265872
0,268071
0,232603
0,225012
0,233312
0,243882
0,232390
0,227850
0,201603
0,156984
0,158544
0,126126
0,061148
0,019650
0,016954
0,001561
0,019579
0,042491
0,096120
0,182947
0,265447
0,277293
0,278357
0,284174
0,281124
0,279421
0,256863
0,099454
0,182663
0,275236
0,271122
0,253387
0,256225
0,241541
0,245797
0,278357
0,279989
0,278073
0,278570
0,277931
0,278641
0,185855
0,275236
0,273746
0,272115
0,270412
0,273037
0,269845
0,271973
0,273108
0,273037
0,266936
0,262893
0,265376
0,257643
0,237072
0,223452
0,234376
0,221324
0,262042
0,267291
0,270128
0,271689
0,270199
0,270199
0,182237
0,272966
0,273108
0,269774
0,272327
0,274881
0,273604
0,273179
0,264382
0,245300
0,243882
0,230333
0,207846
0,195219
0,149819
0,147904
0,122437
0,155210
0,198766
0,211180
0,167199
0,120096
0,110662
0,085976
0,038093
0,046393
0,029226
0,016670
0,005391
0,000142
0,000142
0,000426
0,006242
0,014046
0,016316
0,018231
0,014755
0,013833
0,018727
0,012627
0,008654
0,011421
0,014826
0,030645
0,035752
0,050649
0,061432
0,088742
0,128467
0,138540
0,141378
0,142938
0,152586
0,169114
0,177556
0,171951
0,154856
0,168405
0,166986
0,176066
0,183585
0,187345
0,189118
0,183656
0,183656
0,185926
0,183798
0,184578
0,186777
0,186848
0,187061
0,185500
0,184436
0,181244
0,182734
0,170816
0,175427
0,178549
0,178620
0,177556
0,169540
0,151876
0,137547
0,113357
0,076257
0,048237
0,027665
0,017025
0,014542
0,007519
0,010144
0,018160
0,022416
0,032205
0,056395
0,091580
0,131305
0,203448
0,240619
0,272469
0,270767
0,244946
0,226857
0,249769
0,258849
0,167553
0,136199
0,149819
0,119884
0,113712
0,116975
0,171881
0,165922
0,175853
0,214514
0,250833
0,253316
0,214797
0,163723
0,098815
0,070086
0,110307
0,132510
0,133929
0,182308
0,216358
0,223168
0,182308
0,134993
0,071292
0,083989
0,110165
0,097680
0,179329
0,210896
0,209619
0,218628
0,236079
0,261332
0,283181
0,294389
0,292190
0,290629
0,289920
0,195644
0,290842
0,291410
0,291551
0,292899
0,293254
0,289210
0,288217
0,288998
0,279208
0,268284
0,254309
0,244165
0,245868
0,234305
0,246435
0,233596
0,244662
0,250763
0,251756
0,251614
0,248422
0,242463
0,239129
0,140810
0,225154
0,225438
0,227921
0,218415
0,210045
0,215436
0,217706
0,212527
0,182521
0,147053
0,131517
0,116833
0,102717
0,079095
0,063631
0,062850
0,057459
0,046464
0,048308
0,045258
0,040009
0,032205
0,031141
0,020997
0,037526
0,039796
0,044903
0,053203
0,048308
0,050294
0,058878
0,055544
0,034334
0,005107
0,002341
0,001702
0,002767
0,004682
0,007590
0,010002
0,011066
0,011492
0,012130
0,007307
0,007377
0,007377
0,012556
0,015606
0,017805
0,023693
0,030858
0,038022
0,048663
0,054125
0,054480
0,054196
0,064127
0,077038
0,080301
0,079520
0,097255
0,091296
0,082784
0,090729
0,099241
0,096049
0,081649
0,085550
0,090941
0,077109
0,075903
0,070582
0,109527
0,112435
0,108037
0,114209
0,147833
0,126835
0,112081
0,094843
0,089664
0,092076
0,107966
0,107186
0,121941
0,125133
0,127545
0,155423
0,150245
0,155494
0,157977
0,149252
0,140668
0,135561
0,135206
0,132085
0,121231
0,104136
0,076896
0,074839
0,064766
0,056324
0,042562
0,055331
0,064056
0,064624
0,055260
0,067887
0,078740
0,097397
0,111442
0,131730
0,139817
0,115556
0,120309
0,149748
0,171881
0,172164
0,171171
0,155352
0,150458
0,158473
0,124069
0,116621
0,078173
0,088317
0,113357
0,126765
0,205221
0,279563
0,259275
0,214372
0,261971
0,279421
0,267078
0,258353
0,275378
0,249060
0,253600
0,248847
0,202029
0,142938
0,110023
0,071646
0,097538
0,120593
0,088671
0,072356
0,088529
0,096191
0,085408
0,090587
0,101653
0,093140
0,118039
0,148684
0,166773
0,142867
0,138824
0,131588
0,172945
0,178265
0,200894
0,168830
0,159254
0,155423
0,169823
0,120167
0,132227
0,118536
0,093211
0,114209
0,114351
0,099170
0,114351
0,121586
0,096474
0,068454
0,071717
0,056608
0,038377
0,042278
0,041498
0,037171
0,042349
0,045825
0,045613
0,047883
0,070724
0,055260
0,069518
0,037171
0,059871
0,071930
0,077676
0,052139
0,052139
0,068241
0,073775
0,081507
0,100518
0,093424
0,092147
0,108888
0,124636
0,107753
0,116195
0,128254
0,147265
0,174789
0,222601
0,262325
0,267646
0,271334
0,265872
0,121373
0,067461
0,062637
0,067177
0,114563
0,153082
0,154217
0,175286
0,173654
0,140243
0,128396
0,121019
0,104632
0,099099
0,095978
0,085621
0,095056
0,111087
0,107115
0,100589
0,083138
0,062283
0,044548
0,029013
0,011279
0,016386
0,013833
0,012485
0,016457
0,015322
0,023835
0,028942
0,042137
0,050365
0,067106
0,083848
0,110307
0,133575
0,136909
0,137121
0,136625
0,124707
0,128467
0,125842
0,128822
0,151734
0,167411
0,177201
0,114705
0,122366
0,106122
0,095198
0,075335
0,062567
0,073916
0,081790
0,057956
0,029652
0,020359
0,011634
0,014187
0,027665
0,030787
0,046109
0,058168
0,051075
0,050365
0,067603
0,082358
0,091225
0,130950
0,151522
0,108888
0,173228
0,164787
0,174789
0,134000
0,151734
0,163155
0,182166
0,197134
0,175286
0,157622
0,159892
0,153650
0,196779
0,252465
0,281549
0,312052
0,314180
0,321274
0,325885
0,249557
0,255019
0,262964
0,307938
0,252678
0,334043
0,347166
0,356388
0,341917
0,329006
0,304675
0,304462
0,259275
0,196283
0,154075
0,090870
0,048166
0,023196
0,018373
0,014542
0,012769
0,015393
0,021565
0,025750
0,034050
0,044194
0,065971
0,123218
0,099808
0,177201
0,195361
0,225296
0,193233
0,308293
0,313613
0,310917
0,303327
0,310917
0,309215
0,333901
0,414840
0,399163
0,383628
0,398595
0,402000
0,399092
0,395687
0,365255
0,320707
0,270980
0,256154
0,286586
0,217635
0,319501
0,339860
0,328439
0,342271
0,291622
0,255799
0,245939
0,226857
0,156700
0,102575
0,078102
0,133078
0,196070
0,176846
0,140101
0,201532
0,225367
0,196709
0,163652
0,224729
0,235156
0,215294
0,226076
0,223877
0,254451
0,353692
0,380436
0,379513
0,377669
0,356743
0,345747
0,294885
0,210470
0,212882
0,191175
0,185997
0,186352
0,220331
0,312265
0,309782
0,326169
0,343265
0,340427
0,358729
0,376108
0,388522
0,385614
0,287153
0,375044
0,372774
0,355324
0,322125
0,323402
0,289565
0,286586
0,273179
0,263744
0,265447
0,269774
0,250266
0,273533
0,316805
0,332624
0,358800
0,372349
0,421792
0,420515
0,428956
0,411435
0,369866
0,330638
0,246435
0,358516
0,382706
0,376037
0,375683
0,364404
0,364617
0,368163
0,361070
0,357523
0,354118
0,327942
0,314606
0,288217
0,275236
0,266936
0,249628
0,253813
0,240406
0,152728
0,131588
0,132298
0,136483
0,160531
0,133362
0,237710
0,245726
0,316876
0,367951
0,403135
0,411080
0,422572
0,415053
0,411080
0,419664
0,419309
0,424417
0,423778
0,420018
0,408101
0,400227
0,392495
0,379301
0,381145
0,395474
0,390154
0,382138
0,388026
0,311910
0,404412
0,403277
0,403774
0,404909
0,402852
0,395190
0,405405
0,404909
0,402497
0,376960
0,363056
0,380010
0,308434
0,359013
0,350145
0,305810
0,226999
0,157267
0,156274
0,168759
0,142513
0,098886
0,070299
0,050223
0,082500
0,071505
0,062212
0,047102
0,035539
0,026247
0,024757
0,026247
0,027736
0,030148
0,030361
0,019508
0,015251
0,015819
0,021778
0,020217
0,016316
0,008300
0,003121
0,000000
0,001702
0,009435
0,019862
0,036887
0,060013
0,083848
0,116762
0,182734
0,205221
0,204441
0,246435
0,272327
0,237072
0,208058
0,206427
0,190892
0,187983
0,188409
0,200326
0,197418
0,185430
0,222388
0,279776
0,272824
0,181528
0,152869
0,219408
0,188693
0,280485
0,174647
0,203660
0,247003
0,300844
0,263318
0,240335
0,262893
0,212598
0,145421
0,205859
0,257502
0,288998
0,299709
0,334823
0,341136
0,345747
0,327162
0,303540
0,294247
0,296304
0,320494
0,344329
0,255303
0,367312
0,379868
0,374051
0,358871
0,311414
0,300773
0,287934
0,267717
0,255373
0,254806
0,241895
0,220756
0,205505
0,179896
0,173938
0,182095
0,161737
0,186139
0,201319
0,204653
0,167553
0,151663
0,125913
0,070653
0,098886
0,115415
0,156913
0,157126
0,184082
0,205008
0,202809
0,211676
0,199049
0,158686
0,174860
0,193587
0,186777
0,182025
0,227495
0,252252
0,276726
0,299638
0,320068
0,310492
0,314038
0,304107
0,296020
0,200752
0,268071
0,237214
0,229765
0,243953
0,237568
0,211463
0,151876
0,110449
0,092573
0,096191
0,098673
0,104916
0,096191
0,076328
0,074626
0,089948
0,100305
0,111371
0,120380
0,133858
0,136199
0,151451
0,135135
0,095694
0,124566
0,115344
0,130666
0,118749
0,117543
0,082925
0,085054
0,084912
0,061148
0,077747
0,078811
0,086827
0,093140
0,085834
0,073845
0,067177
0,064978
0,089310
0,100447
0,102149
0,108747
0,132369
0,136341
0,099738
0,102078
0,103710
0,083777
0,063560
0,048521
0,030503
0,024828
0,024260
0,016032
0,012414
0,011350
0,018089
0,024190
0,023196
0,026814
0,034759
0,049088
0,045896
0,040221
0,030148
0,034688
0,043059
0,067958
0,077605
0,099170
0,109669
0,103426
0,109314
0,083280
0,079520
0,090516
0,080088
0,073065
0,053841
0,032773
0,019295
0,013265
0,013478
0,020926
0,028942
0,054409
0,059729
0,069731
0,083280
0,116053
0,141378
0,154714
0,150670
0,171029
0,153933
0,158828
0,150741
0,128112
0,111229
0,088033
0,102504
0,130311
0,166773
0,171313
0,152586
0,203589
0,232603
0,209477
0,204015
0,247854
0,293963
0,330638
0,307228
0,377172
0,407959
0,376534
0,123147
0,238916
0,220543
0,196709
0,179045
0,156203
0,145066
0,126268
0,134851
0,120167
0,092431
0,083067
0,086330
0,077038
0,090516
0,109243
0,102078
0,120593
0,169043
0,197985
0,196992
0,225083
0,225722
0,223310
0,146485
0,250621
0,210541
0,169540
0,175286
0,195999
0,220898
0,237285
0,222175
0,194013
0,168830
0,178549
0,131517
0,125700
0,103852
0,124636
0,162233
0,177697
0,240193
0,269206
0,239838
0,201745
0,195857
0,203802
0,111371
0,157835
0,172661
0,181528
0,135348
0,128893
0,140881
0,167553
0,217990
0,267504
0,225935
0,222033
0,241541
0,235369
0,169894
0,119032
0,089097
0,087394
0,074555
0,070299
0,043130
0,031141
0,036391
0,023125
0,016954
0,035752
0,041214
0,060155
0,130453
0,205363
0,267787
0,289920
0,321629
0,329361
0,330921
0,319430
0,364191
0,422714
0,422005
0,431156
0,432432
0,432361
0,403490
0,382280
0,292261
0,223239
0,234802
0,252039
0,141519
0,198056
0,181883
0,206711
0,219621
0,267149
0,290700
0,254451
0,259843
0,250692
0,260978
0,266085
0,270554
0,291339
0,343832
0,393488
0,416755
0,397602
0,432149
0,436476
0,442435
0,436334
0,437114
0,436476
0,327942
0,431510
0,425693
0,426828
0,421224
0,413350
0,388310
0,343052
0,277435
0,191388
0,189828
0,263318
0,231397
0,255303
0,265376
0,286657
0,263602
0,274810
0,289991
0,293325
0,276867
0,266865
0,266227
0,322054
0,232674
0,297510
0,312265
0,293750
0,273533
0,281691
0,257218
0,218557
0,187061
0,182592
0,141023
0,120877
0,117826
0,125630
0,103923
0,100092
0,087678
0,091864
0,074626
0,066184
0,065191
0,042349
0,034192
0,020997
0,007165
0,009718
0,005320
0,005675
0,006881
0,005888
0,018302
0,046535
0,050294
0,074058
0,079875
0,091793
0,087040
0,105838
0,121161
0,133078
0,176279
0,162233
0,179896
0,189615
0,148117
0,162588
0,180677
0,146414
0,096687
0,163865
0,159396
0,177839
0,199262
0,182095
0,112506
0,028871
0,041569
0,033269
0,013620
0,044903
0,014400
0,020430
0,071859
0,024970
0,015322
0,009789
0,004895
0,005533
0,005888
0,007448
0,008583
0,012769
0,018586
0,032844
0,056324
0,064624
0,071008
0,093637
0,112222
0,138540
0,147549
0,123005
0,142158
0,137192
0,158970
0,166560
0,214939
0,275591
0,305526
0,339434
0,355537
0,375399
0,383557
0,381287
0,374690
0,382067
0,283039
0,376179
0,387529
0,351777
0,351564
0,314748
0,330921
0,359864
0,352699
0,340498
0,297723
0,277577
0,280485
0,272824
0,258637
0,229552
0,177272
0,126339
0,127048
0,114705
0,095765
0,088671
0,093140
0,082074
0,050862
0,046748
0,039867
0,026105
0,018656
0,011208
0,004256
0,002554
0,001064
0,000355
0,000638
0,000000
0,000000
0,000000
0,000000
0,000000
0,000000
0,000000
0,000000
0,000000
0,000000
0,000000
0,000000
0,000000
0,000000
0,000000
0,000000
0,002199
0,004114
0,015535
0,012840
0,023409
0,015322
0,009718
0,009435
0,009718
0,016386
0,010995
0,018231
0,012911
0,006739
0,008300
0,001348
0,005249
0,009364
0,014471
0,030503
0,052848
0,035894
0,084131
0,094985
0,098248
0,055402
0,023196
0,013194
0,001206
0,000000
0,005320
0,022203
0,015110
0,017663
0,041427
0,096120
0,118607
0,123785
0,036533
0,000000
0,005746
0,041711
0,031993
0,020785
0,017451
0,013762
0,013052
0,010995
0,011917
0,009789
0,006455
0,011634
0,013833
0,013833
0,013833
0,030077
0,054338
0,047244
0,056962
0,082074
0,132369
0,153295
0,153082
0,163794
0,106193
0,097751
0,124353
0,180677
0,176491
0,076257
0,079733
0,080655
0,119600
0,106122
0,107541
0,088175
0,057885
0,041924
0,034759
0,033269
0,033340
0,037597
0,033482
0,036533
0,027807
0,023977
0,015181
0,014400
0,023125
0,024048
0,015890
0,012556
0,012627
0,004753
0,016457
0,033269
0,043910
0,042278
0,026743
0,011563
0,005533
0,001064
0,000000
0,000000
0,000000
0,001277
0,000922
0,000000
0,000000
0,000000
0,000000
0,000000
0,000000
0,000000
0,000000
0,000851
0,002128
0,002696
0,005178
0,014329
0,049301
0,074839
0,099525
0,116904
0,119103
0,101582
0,104632
0,157622
0,185571
0,181031
0,186919
0,193942
0,205788
0,208626
0,204157
0,191885
0,200539
0,233667
0,254664
0,254522
0,253955
0,161737
0,253245
0,253245
0,252536
0,255728
0,257076
0,260339
0,259417
0,241399
0,239555
0,240335
0,242676
0,236575
0,232035
0,229198
0,225651
0,224090
0,240548
0,253174
0,257005
0,253458
0,250266
0,203518
0,080868
0,041144
0,145563
0,108037
0,028659
0,008300
0,035327
0,071434
0,075193
0,073562
0,051642
0,050578
0,050578
0,057956
0,016386
0,011137
0,011563
0,000071
0,000000
0,000000
0,000851
0,003689
0,010144
0,019437
0,020785
0,010499
0,022274
0,019508
0,016883
0,028020
0,046180
0,057885
0,055047
0,055189
0,050082
0,061715
0,057033
0,041711
0,021778
0,134497
0,005178
0,000213
0,000000
0,000000
0,006455
0,040221
0,024260
0,065191
0,056253
0,026814
0,056111
0,057175
0,039512
0,026530
0,052068
0,036320
0,024331
0,019933
0,011705
0,012414
0,014897
0,018727
0,025892
0,036178
0,090799
0,079237
0,165993
0,125346
0,150741
0,048095
0,021494
0,007874
0,062425
0,193871
0,316025
0,314819
0,316096
0,315386
0,316521
0,288856
0,283606
0,282259
0,295169
0,289281
0,290487
0,273746
0,284103
0,289920
0,275591
0,260481
0,263106
0,253245
0,245513
0,221466
0,190537
0,176350
0,133220
0,075406
0,104774
0,109385
0,078882
0,064624
0,060084
0,088813
0,091367
0,107541
0,141165
0,137263
0,150741
0,157551
0,148684
0,139179
0,100589
0,119245
0,143435
0,094204
0,027807
0,097893
0,145634
0,185146
0,260197
0,278641
0,370150
0,385827
0,384408
0,392495
0,368447
0,369653
0,372632
0,387033
0,399943
0,403916
0,404058
0,313329
0,311768
0,351139
0,344400
0,413918
0,411222
0,401575
0,409307
0,413776
0,415124
0,412712
0,412003
0,316663
0,403348
0,286018
0,286089
0,283748
0,285664
0,284387
0,285451
0,281762
0,281833
0,407604
0,414343
0,415266
0,417181
0,420373
0,420444
0,419380
0,416968
0,418529
0,421934
0,421721
0,419806
0,405973
0,404058
0,307158
0,402142
0,409165
0,409520
0,390154
0,386749
0,390154
0,372703
0,331276
0,303682
0,264879
0,236079
0,209903
0,183089
0,134000
0,078882
0,060722
0,034830
0,008371
0,003902
0,000567
0,000000
0,000000
0,000000
0,000000
0,001702
0,005675
0,010641
0,010711
0,017451
0,015181
0,022416
0,034475
0,050223
0,056253
0,073065
0,080939
0,053132
0,039512
0,045825
0,032347
0,047102
0,051855
0,046038
0,064907
0,083848
0,095056
0,074768
0,053061
0,079733
0,059942
0,068738
0,083493
0,098461
0,094985
0,095198
0,098390
0,075335
0,023764
0,022345
0,062992
0,083919
0,149252
0,177556
0,153579
0,164361
0,212031
0,237214
0,223736
0,191034
0,156771
0,095410
0,048734
0,051855
0,040931
0,025537
0,022771
0,015961
0,023409
0,011563
0,010853
0,011563
0,010428
0,010286
0,012627
0,015535
0,023977
0,009009
0,003192
0,000071
0,005604
0,004043
0,007803
0,008512
0,002837
0,002199
0,003618
0,000000
0,000000
0,000000
0,000000
0,002979
0,004611
0,012485
0,023906
0,002625
0,000142
0,001844
0,004043
0,002483
0,002412
0,000780
0,000000
0,003831
0,006172
0,027098
0,031425
0,013691
0,020643
0,025395
0,018231
0,039512
0,061361
0,055969
0,039228
0,025183
0,022487
0,030716
0,020217
0,009718
0,004327
0,004043
0,004540
0,000922
0,005178
0,009789
0,020572
0,063276
0,092573
0,125275
0,157906
0,124778
0,086969
0,070582
0,053274
0,064907
0,058807
0,057104
0,060367
0,083351
0,084699
0,065404
0,076399
0,071859
0,058381
0,052068
0,039725
0,030290
0,030645
0,029794
0,031780
0,042562
0,069518
0,093637
0,130808
0,120522
0,125559
0,109030
0,108463
0,151167
0,149961
0,173938
0,185784
0,222246
0,279137
0,320565
0,336809
0,307796
0,348159
0,384905
0,362488
0,339718
0,319784
0,379513
0,383911
0,392850
0,420586
0,458963
0,463361
0,439171
0,441583
0,417181
0,318437
0,391785
0,366106
0,265234
0,128254
0,078456
0,067248
0,096333
0,244024
0,267646
0,275023
0,280982
0,340853
0,356530
0,378804
0,397319
0,414202
0,434915
0,442293
0,386111
0,313329
0,289352
0,261048
0,253103
0,249202
0,248847
0,231822
0,179825
0,165922
0,144783
0,161240
0,154359
0,169185
0,170391
0,148684
0,134213
0,108321
0,134355
0,130808
0,112222
0,122437
0,167766
0,226360
0,187700
0,214159
0,301057
0,348727
0,432574
0,390792
0,461233
0,387033
0,280272
0,303894
0,301270
0,240122
0,199262
0,210045
0,165283
0,138469
0,097893
0,072852
0,061006
0,020359
0,010570
0,005675
0,002837
0,001277
0,000851
0,019791
0,050294
0,088388
0,114351
0,134710
0,192310
0,236646
0,280698
0,305384
0,329857
0,330070
0,327658
0,326665
0,315812
0,311343
0,288785
0,266794
0,245939
0,243101
0,284529
0,313258
0,296943
0,273675
0,271902
0,279066
0,289140
0,255870
0,209974
0,206569
0,236646
0,187416
0,200184
0,188693
0,144499
0,150103
0,152798
0,129602
0,097680
0,064340
0,050223
0,060155
0,099808
0,123289
0,148046
0,161807
0,186565
0,234234
0,251898
0,245939
0,210328
0,117330
0,128325
0,086118
0,166702
0,143719
0,121586
0,134497
0,145137
0,125771
0,120380
0,082145
0,062921
0,058878
0,074200
0,090729
0,111584
0,126055
0,147123
0,179542
0,137405
0,141023
0,144073
0,118749
0,100447
0,081081
0,070582
0,047244
0,071079
0,064198
0,056111
0,053699
0,049159
0,046748
0,030219
0,021636
0,015890
0,011350
0,006952
0,012343
0,020572
0,034050
0,052635
0,077038
0,100092
0,101653
0,136199
0,186919
0,271051
0,285664
0,342555
0,343619
0,381287
0,372136
0,374832
0,403064
0,375470
0,288217
0,281124
0,313755
0,253245
0,214372
0,141023
0,073278
0,104348
0,098248
0,107470
0,157906
0,258140
0,274810
0,374477
0,389303
0,385685
0,243811
0,240477
0,239484
0,338086
0,340143
0,338015
0,333475
0,333759
0,333617
0,334185
0,380365
0,419309
0,379868
0,343832
0,305384
0,286089
0,270057
0,184791
0,093424
0,034759
0,026601
0,011066
0,040505
0,076186
0,041569
0,125275
0,101866
0,147053
0,158190
0,179896
0,259133
0,290771
0,339221
0,350997
0,361424
0,324892
0,256083
0,244449
0,276442
0,245797
0,185500
0,171951
0,148046
0,136412
0,161311
0,126197
0,156558
0,175640
0,215436
0,219479
0,190466
0,210257
0,217635
0,266298
0,237497
0,232461
0,212173
0,231184
0,239200
0,303753
0,326807
0,330496
0,345747
0,333121
0,367951
0,361353
0,348798
0,345960
0,310846
0,330283
0,371923
0,382776
0,310350
0,263957
0,166631
0,243172
0,273604
0,305597
0,347804
0,388168
0,393559
0,404909
0,406824
0,409094
0,419806
0,418387
0,449812
0,469887
0,483365
0,482230
0,453572
0,363907
0,372774
0,419877
0,482159
0,482727
0,491736
0,490885
0,393062
0,482301
0,489608
0,490530
0,490601
0,488402
0,489466
0,490601
0,488827
0,483294
0,489040
0,493580
0,490104
0,489679
0,491665
0,492871
0,489679
0,488473
0,486628
0,479038
0,479109
0,476626
0,460098
0,447684
0,331560
0,407037
0,412428
0,381712
0,405405
0,406753
0,401859
0,414273
0,384266
0,341846
0,333404
0,278641
0,246010
0,266652
0,241754
0,161098
0,119103
0,097468
0,088246
0,079095
0,069589
0,036462
0,026743
0,027524
0,015535
0,030148
0,040292
0,039796
0,048805
0,074839
0,086827
0,119813
0,118749
0,112435
0,100802
0,093211
0,084131
0,061928
0,048237
0,033128
0,027595
0,022984
0,023906
0,026460
0,027595
0,027595
0,023835
0,034475
0,019224
0,035965
0,039015
0,053061
0,067958
0,072072
0,084699
0,112364
0,115698
0,124495
0,131163
0,122012
0,085266
0,059942
0,036604
0,025395
0,016245
0,002199
0,002199
0,006101
0,010711
0,024686
0,027027
0,026247
0,035539
0,058097
0,095552
0,121799
0,159821
0,207207
0,287863
0,340214
0,364758
0,373697
0,344825
0,352486
0,364758
0,369795
0,382918
0,391927
0,382564
0,392069
0,277790
0,253103
0,291764
0,261616
0,157267
0,116904
0,095268
0,017876
0,015039
0,005037
0,010499
0,046606
0,079804
0,079875
0,068738
0,112222
0,226147
0,154785
0,213237
0,122863
0,067958
0,018940
0,050933
0,086685
0,105483
0,162233
0,158828
0,155849
0,144215
0,134639
0,156700
0,243882
0,165567
0,101724
0,124778
0,190040
0,203660
0,225296
0,213875
0,204015
0,178265
0,170178
0,157977
0,151309
0,114351
0,089097
0,068667
0,051713
0,037668
0,035043
0,040718
0,071505
0,096474
0,117826
0,134071
0,187061
0,273604
0,348727
0,388310
0,421082
0,405264
0,389870
0,381783
0,325034
0,290558
0,176066
0,246790
0,259843
0,193374
0,157126
0,114989
0,122650
0,103355
0,091509
0,095765
0,144002
0,168334
0,167482
0,186352
0,222175
0,240264
0,207420
0,142584
0,117259
0,091722
0,070724
0,040221
0,019011
0,033411
0,033411
0,028942
0,063701
0,037384
0,030290
0,025537
0,004114
0,003902
0,003334
0,000284
0,001632
0,010782
0,024331
0,044265
0,025963
0,043910
0,073916
0,114209
0,104916
0,147549
0,199688
0,160814
0,138824
0,118323
0,117543
0,071717
0,059658
0,055757
0,074980
0,097680
0,095481
0,143080
0,160105
0,126410
0,107682
0,081507
0,060155
0,052777
0,046677
0,032347
0,057743
0,053345
0,067106
0,060084
0,068596
0,040647
0,027311
0,021494
0,048095
0,078315
0,068171
0,043343
0,018656
0,010924
0,009151
0,011066
0,012343
0,012272
0,014471
0,022913
0,062212
0,063843
0,067816
0,118252
0,093353
0,067745
0,046818
0,052139
0,041073
0,042917
0,026034
0,034901
0,025466
0,012201
0,011421
0,033553
0,031212
0,031425
0,028304
0,035894
0,043272
0,052210
0,069164
0,062425
0,051855
0,051571
0,051075
0,047244
0,060793
0,097893
0,145847
0,153082
0,106051
0,052210
0,131801
0,139675
0,160814
0,074839
0,023764
0,012840
0,033057
0,037668
0,056111
0,063063
0,080797
0,060935
0,069589
0,076541
0,092147
0,094204
0,065688
0,047741
0,044548
0,066539
0,068809
0,057530
0,081223
0,093708
0,089381
0,129176
0,100447
0,066823
0,075193
0,060793
0,051429
0,057814
0,078527
0,071717
0,077747
0,085550
0,105980
0,100943
0,124778
0,123998
0,175995
0,178974
0,180322
0,194084
0,240051
0,273108
0,276655
0,242463
0,191175
0,169894
0,160956
0,169256
0,200894
0,220756
0,241612
0,272540
0,305313
0,394978
0,432291
0,460807
0,568348
0,605732
0,636944
0,620841
0,683266
0,702135
0,691282
0,679435
0,633610
0,616585
0,565227
0,633539
0,606015
0,596368
0,589700
0,497127
0,451302
0,431439
0,433709
0,433213
0,415124
0,380294
0,316734
0,202809
0,193233
0,178903
0,178974
0,186494
0,192878
0,201958
0,270412
0,359722
0,186565
0,192310
0,226928
0,190111
0,190324
0,169469
0,152302
0,143789
0,134639
0,143648
0,161240
0,097893
0,062354
0,028304
0,049727
0,102291
0,070015
0,058665
0,043484
0,044761
0,106760
0,195219
0,159467
0,089097
0,100873
0,116762
0,066681
0,020288
0,043484
0,050223
0,052919
0,093921
0,152728
0,214868
0,242179
0,226573
0,244804
0,253316
0,282968
0,286515
0,278002
0,277931
0,276442
0,260055
0,255799
0,214939
0,190253
0,177626
0,169398
0,326523
0,313684
0,246790
0,198766
0,171668
0,174860
0,185784
0,182734
0,194368
0,218841
0,236575
0,287721
0,246648
0,318862
0,388097
0,381783
0,378307
0,418103
0,404270
0,445627
0,436405
0,482159
0,476768
0,469107
0,455061
0,434561
0,369866
0,305526
0,270128
0,258566
0,231964
0,248776
0,238420
0,201674
0,198482
0,223239
0,168830
0,159750
0,166064
0,193374
0,192807
0,189757
0,187345
0,198056
0,205505
0,195644
0,188693
0,182379
0,178265
0,174505
0,168405
0,161807
0,158757
0,150670
0,161737
0,174647
0,178620
0,178549
0,168830
0,160743
0,156700
0,156771
0,155281
0,155778
0,160885
0,147123
0,119813
0,102220
0,094063
0,087394
0,063063
0,029297
0,028375
0,061006
0,091083
0,009577
0,001986
0,009080
0,010357
0,009506
0,017521
0,017947
0,015677
0,031567
0,031567
0,031709
0,041427
0,084060
0,087749
0,082358
0,084699
0,061219
0,064056
0,065262
0,056962
0,044974
0,035469
0,029439
0,029652
0,039015
0,044974
0,048663
0,043910
0,048024
0,049727
0,045400
0,037100
0,037951
0,037384
0,045542
0,054409
0,071292
0,077605
0,100376
0,113712
0,136554
0,150954
0,135348
0,103568
0,086189
0,104703
0,104916
0,087607
0,084841
0,088246
0,093211
0,100873
0,108250
0,117330
0,095836
0,093850
0,116195
0,128822
0,161595
0,285167
0,417678
0,420018
0,404554
0,419096
0,385969
0,361708
0,358161
0,344967
0,303114
0,322480
0,369369
0,414273
0,403987
0,371427
0,385046
0,399447
0,436263
0,458395
0,459389
0,469036
0,468681
0,463574
0,497269
0,537490
0,549195
0,553096
0,554160
0,551039
0,550117
0,542669
0,451656
0,486345
0,464496
0,441441
0,451444
0,409591
0,317302
0,249557
0,231539
0,224658
0,188834
0,151096
0,153650
0,150458
0,225935
0,403561
0,424984
0,482585
0,499184
0,526140
0,549762
0,378378
0,365113
0,450309
0,395190
0,359651
0,368305
0,467192
0,462652
0,504717
0,515925
0,458750
0,543165
0,602894
0,607434
0,582961
0,577995
0,626942
0,622828
0,500035
0,516422
0,531177
0,524722
0,490104
0,475066
0,506207
0,502305
0,442009
0,460382
0,460665
0,450096
0,453643
0,498759
0,507697
0,501100
0,510747
0,486486
0,578492
0,514294
0,470313
0,487621
0,455629
0,419947
0,288359
0,333901
0,355111
0,365255
0,390012
0,462439
0,519118
0,530822
0,534085
0,511669
0,513726
0,506916
0,517131
0,512378
0,501383
0,595020
0,534936
0,589132
0,584522
0,519614
0,572462
0,609562
0,592041
0,561041
0,506987
0,488615
0,395120
0,326381
0,248918
0,222884
0,182805
0,170533
0,139959
0,184791
0,209548
0,251117
0,261616
0,242605
0,205718
0,250266
0,279563
0,291197
0,255232
0,329361
0,318578
0,337022
0,394410
0,376818
0,406753
0,346740
0,369511
0,360928
0,388239
0,415408
0,384408
0,390296
0,364475
0,350713
0,279279
0,230829
0,256579
0,254593
0,213237
0,207704
0,210896
0,218486
0,217209
0,177981
0,128822
0,122579
0,120167
0,094063
0,079591
0,069093
0,050720
0,046818
0,055402
0,045754
0,052281
0,041782
0,043981
0,058027
0,052210
0,042066
0,025821
0,016174
0,011066
0,014187
0,014684
0,017947
0,024260
0,037313
0,042208
0,046180
0,051926
0,069944
0,101795
0,121657
0,139675
0,146485
0,165071
0,158544
0,153082
0,173086
0,164432
0,144215
0,137547
0,147691
0,178690
0,140526
0,097751
0,143648
0,133078
0,111158
0,126481
0,146485
0,140881
0,201816
0,226715
0,224303
0,188054
0,202738
0,233738
0,199049
0,225722
0,201319
0,178265
0,172235
0,287082
0,375399
0,363765
0,374548
0,431652
0,499113
0,521955
0,495212
0,444208
0,450450
0,443640
0,425481
0,397035
0,462013
0,476413
0,497624
0,493793
0,502589
0,492090
0,520891
0,543094
0,668795
0,637724
0,570121
0,655530
0,693765
0,697950
0,700220
0,698446
0,691920
0,688232
0,686742
0,687877
0,692275
0,683337
0,689579
0,685323
0,689437
0,675108
0,677946
0,658651
0,643541
0,584451
0,549337
0,562957
0,562034
0,517202
0,402142
0,414840
0,383628
0,391218
0,384621
0,381571
0,510605
0,496276
0,464780
0,488969
0,487196
0,489324
0,503086
0,495921
0,493367
0,448110
0,410158
0,439030
0,455842
0,454494
0,455061
0,472157
0,464212
0,485706
0,465276
0,477619
0,488331
0,455274
0,457473
0,424700
0,377314
0,372207
0,351351
0,360644
0,346244
0,367028
0,367312
0,351848
0,328226
0,210825
0,157267
0,134497
0,107824
0,230120
0,417323
0,518621
0,607576
0,627438
0,618288
0,612400
0,618571
0,632049
0,652550
0,659928
0,637370
0,609066
0,627509
0,669930
0,667447
0,671632
0,673902
0,675818
0,673122
0,668440
0,668227
0,662623
0,659431
0,629496
0,595446
0,627297
0,633397
0,645527
0,639711
0,645173
0,653260
0,655388
0,656168
0,656877
0,655246
0,658296
0,663758
0,660211
0,656948
0,655388
0,656168
0,634887
0,436972
0,427822
0,421650
0,399943
0,417607
0,410371
0,378875
0,474427
0,504008
0,476910
0,551394
0,517770
0,483011
0,471661
0,401291
0,426828
0,410371
0,286444
0,293963
0,262609
0,181954
0,247074
0,208200
0,285735
0,275803
0,272753
0,206427
0,262112
0,278925
0,290558
0,328155
0,352415
0,340995
0,367099
0,406044
0,443428
0,406540
0,407392
0,353338
0,326311
0,352132
0,308293
0,254026
0,166489
0,127616
0,122366
0,131801
0,125913
0,111939
0,068667
0,055473
0,043484
0,033057
0,019366
0,012840
0,018160
0,037242
0,068880
0,095410
0,111300
0,069660
0,046180
0,042562
0,027595
0,026318
0,023267
0,025112
0,030361
0,042420
0,051146
0,048237
0,040221
0,043130
0,055402
0,054267
0,059445
0,084344
0,102008
0,131163
0,162091
0,161027
0,179329
0,111300
0,150387
0,114138
0,111229
0,092147
0,072001
0,059658
0,079450
0,101653
0,125346
0,163652
0,157693
0,136838
0,155494
0,165000
0,201036
0,254948
0,268639
0,379159
0,455487
0,515925
0,585373
0,552600
0,592679
0,598354
0,526282
0,469178
0,463361
0,491381
0,476272
0,427822
0,442364
0,446194
0,510818
0,481450
0,441938
0,488686
0,525005
0,493651
0,430801
0,498120
0,516138
0,533376
0,553238
0,545719
0,534582
0,522877
0,442080
0,400156
0,370433
0,349649
0,344967
0,303682
0,291764
0,312336
0,266865
0,237072
0,342059
0,419877
0,421579
0,414556
0,448606
0,482443
0,498262
0,486699
0,536852
0,578421
0,571895
0,641697
0,590480
0,550826
0,455487
0,425977
0,375754
0,311698
0,246435
0,251614
0,252749
0,253245
0,253387
0,235724
0,206923
0,161878
0,159537
0,162091
0,160318
0,163013
0,186068
0,224374
0,230404
0,290913
0,282471
0,313116
0,427467
0,437682
0,465986
0,483365
0,500532
0,465631
0,454565
0,446762
0,432291
0,395687
0,378733
0,324324
0,319430
0,274030
0,235298
0,225509
0,228559
0,230758
0,223736
0,239129
0,243101
0,259346
0,198553
0,225438
0,337802
0,413847
0,530964
0,573101
0,594240
0,691140
0,689508
0,667376
0,675037
0,699511
0,699227
0,704547
0,709584
0,688657
0,539547
0,536781
0,531602
0,521955
0,525715
0,532099
0,510038
0,597077
0,670001
0,707597
0,707668
0,718876
0,715755
0,691566
0,665744
0,654820
0,589629
0,436831
0,350713
0,299780
0,318224
0,258353
0,202951
0,213024
0,275094
0,382989
0,456409
0,507129
0,542456
0,616940
0,643683
0,632901
0,674044
0,686671
0,649571
0,650422
0,650919
0,711215
0,710293
0,703767
0,662552
0,515074
0,494502
0,490104
0,491097
0,582110
0,683266
0,684756
0,687167
0,663687
0,618075
0,620487
0,622828
0,624672
0,623324
0,651699
0,651060
0,674541
0,602965
0,493722
0,493864
0,493935
0,487409
0,521388
0,581329
0,527772
0,551394
0,529191
0,465702
0,369795
0,344612
0,282755
0,300631
0,285451
0,276867
0,268568
0,242747
0,219337
0,212173
0,188764
0,151593
0,113216
0,106406
0,073136
0,061006
0,104207
0,101085
0,088884
0,096545
0,085124
0,094417
0,100092
0,089594
0,084131
0,081152
0,084770
0,091580
0,102008
0,129176
0,101866
0,089594
0,089026
0,106618
0,129673
0,172803
0,220543
0,241470
0,318649
0,392069
0,378875
0,429879
0,458608
0,474782
0,515429
0,518550
0,563382
0,601617
0,518408
0,468468
0,426757
0,372491
0,329645
0,347804
0,395971
0,339860
0,294744
0,309286
0,287011
0,289707
0,292545
0,257785
0,217067
0,269632
0,185146
0,127190
0,149677
0,156062
0,143719
0,173583
0,153792
0,157409
0,138398
0,128254
0,131163
0,151025
0,132298
0,142725
0,172164
0,201107
0,303611
0,273604
0,309357
0,325388
0,400724
0,447613
0,482940
0,520891
0,524012
0,548698
0,565156
0,576435
0,549408
0,587856
0,610981
0,584522
0,563453
0,460382
0,505639
0,442931
0,234234
0,178620
0,192523
0,171029
0,128325
0,112010
0,076399
0,070086
0,179755
0,218841
0,172022
0,147478
0,173867
0,127119
0,104561
0,074910
0,035752
0,031780
0,021565
0,021139
0,016741
0,012556
0,005178
0,001773
0,002270
0,001135
0,009293
0,013762
0,016812
0,016812
0,018444
0,031993
0,036178
0,042208
0,059091
0,083493
0,108108
0,138895
0,113074
0,087820
0,169752
0,146130
0,239200
0,298290
0,387600
0,484216
0,528268
0,578208
0,597503
0,567355
0,548202
0,510960
0,532525
0,497056
0,476059
0,519118
0,528694
0,524509
0,448961
0,432078
0,420444
0,452224
0,431297
0,368447
0,356672
0,415975
0,394765
0,313542
0,269277
0,296304
0,348159
0,340782
0,356175
0,364404
0,317656
0,300844
0,279350
0,300915
0,293963
0,253458
0,219267
0,172590
0,156133
0,145847
0,139675
0,150103
0,136270
0,133504
0,135135
0,122934
0,106618
0,105625
0,098886
0,110804
0,109243
0,098886
0,107541
0,096049
0,072852
0,076186
0,090587
0,110165
0,155849
0,165922
0,169611
0,147833
0,176350
0,191388
0,152444
0,145492
0,110520
0,112790
0,105554
0,092573
0,093495
0,090941
0,090445
0,074839
0,071576
0,057672
0,055047
0,054692
0,076896
0,075051
0,088388
0,110733
0,134639
0,156629
0,144002
0,151025
0,130382
0,106264
0,075406
0,062779
0,066894
0,067816
0,057459
0,067319
0,082003
0,067177
0,049230
0,055260
0,053274
0,045613
0,019650
0,014542
0,020288
0,030503
0,042633
0,046180
0,041427
0,025112
0,018373
0,012130
0,015677
0,011137
0,005604
0,004114
0,003689
0,001206
0,002554
0,001561
0,004398
0,010711
0,016599
0,021281
0,017238
0,019791
0,021139
0,013762
0,010924
0,019721
0,023055
0,029935
0,031851
0,034192
0,033979
0,043484
0,060580
0,053841
0,050933
0,044761
0,035894
0,026318
0,020501
0,015748
0,007732
0,005959
0,002057
0,001632
0,003192
0,007448
0,012059
0,013336
0,015819
0,016812
0,019791
0,030716
0,044478
0,065404
0,078953
0,077818
0,075477
0,050223
0,041285
0,053416
0,062496
0,062992
0,050365
0,069376
0,076045
0,098673
0,103355
0,117401
0,134355
0,141661
0,145847
0,122721
0,142300
0,120948
0,116550
0,121302
0,100305
0,092573
0,097042
0,096049
0,089452
0,109101
0,175640
0,181670
0,148400
0,181457
0,199830
0,202738
0,212031
0,165922
0,115982
0,089381
0,083422
0,085834
0,092786
0,154856
0,163226
0,119600
0,106973
0,127119
0,094417
0,064198
0,052139
0,061999
0,060297
0,062070
0,051146
0,034121
0,034334
0,043201
0,022771
0,017947
0,009789
0,014400
0,039441
0,055331
0,072072
0,086401
0,084912
0,083422
0,074129
0,077321
0,113641
0,121019
0,119955
0,110946
0,087891
0,068454
0,052493
0,051004
0,046109
0,037597
0,020997
0,027311
0,020146
0,022771
0,038944
0,058523
0,051429
0,051997
0,060084
0,068241
0,074839
0,066468
0,065759
0,076683
0,104845
0,134497
0,099099
0,062850
0,060864
0,063276
0,084983
0,075335
0,045045
0,052422
0,053557
0,044052
0,050365
0,073420
0,084273
0,077463
0,076825
0,100589
0,126339
0,158615
0,139604
0,139533
0,134213
0,173867
0,216145
0,284458
0,402000
0,369653
0,441867
0,591048
0,645244
0,714194
0,704902
0,740583
0,738171
0,730368
0,752571
0,746400
0,751507
0,748599
0,681209
0,682273
0,728453
0,719373
0,716252
0,731290
0,723629
0,707101
0,646237
0,629637
0,609988
0,585160
0,596226
0,623608
0,653118
0,695538
0,718238
0,685039
0,652834
0,629637
0,605519
0,627013
0,628502
0,591190
0,511669
0,484855
0,476201
0,478896
0,501596
0,476272
0,460240
0,464425
0,479606
0,488756
0,525502
0,513868
0,523516
0,519047
0,512520
0,500532
0,461517
0,440235
0,381358
0,292119
0,290913
0,293112
0,306661
0,279847
0,251046
0,241186
0,252465
0,253387
0,244378
0,274314
0,256721
0,265659
0,256579
0,258637
0,249840
0,223948
0,240760
0,203802
0,171668
0,163936
0,133787
0,125204
0,117826
0,119245
0,133220
0,126126
0,126552
0,151451
0,148258
0,155352
0,149464
0,155991
0,156913
0,134284
0,123360
0,099596
0,101085
0,126268
0,165922
0,196070
0,225722
0,222175
0,196921
0,180180
0,171242
0,183869
0,148684
0,143719
0,175498
0,159608
0,153295
0,134355
0,182379
0,285309
0,321700
0,345676
0,333191
0,317869
0,290700
0,272540
0,324466
0,445272
0,535220
0,584025
0,626587
0,654820
0,672413
0,669788
0,679010
0,660779
0,667305
0,619706
0,559977
0,513584
0,495354
0,542881
0,534085
0,530467
0,526992
0,543094
0,532808
0,564659
0,548911
0,554160
0,622118
0,665744
0,664964
0,718380
0,776264
0,787402
0,790523
0,755693
0,713130
0,660566
0,621267
0,559268
0,463432
0,433567
0,458112
0,458963
0,437611
0,417890
0,418174
0,456693
0,490317
0,526424
0,501596
0,490317
0,536923
0,598567
0,625594
0,632759
0,648294
0,647443
0,617791
0,590764
0,486061
0,416188
0,408881
0,441512
0,474356
0,464496
0,449386
0,520394
0,508264
0,504292
0,487834
0,465205
0,468823
0,479818
0,489750
0,550472
0,576860
0,576860
0,562034
0,552458
0,523019
0,594098
0,567922
0,555650
0,590764
0,542456
0,602894
0,614457
0,631837
0,661417
0,679861
0,698163
0,677378
0,646591
0,613960
0,619706
0,612613
0,606725
0,673689
0,733277
0,747535
0,712208
0,702348
0,759027
0,722210
0,689012
0,659147
0,669930
0,574236
0,571327
0,585302
0,551890
0,548415
0,521033
0,499681
0,589203
0,649571
0,653260
0,683692
0,690998
0,691920
0,724480
0,784422
0,782791
0,797120
0,803788
0,796127
0,799106
0,794141
0,792367
0,767468
0,772008
0,768107
0,725332
0,715188
0,683975
0,648507
0,652125
0,641981
0,580620
0,575512
0,638363
0,605093
0,613819
0,578776
0,550755
0,506845
0,527417
0,576506
0,599773
0,572391
0,571824
0,559623
0,490388
0,494431
0,459956
0,401220
0,387813
0,398808
0,338795
0,302121
0,304462
0,296517
0,258708
0,198482
0,202738
0,170746
0,151734
0,178123
0,172164
0,136270
0,118607
0,106618
0,124424
0,117330
0,135915
0,119316
0,136696
0,115202
0,093211
0,085124
0,084415
0,092502
0,097255
0,126481
0,160105
0,206001
0,207846
0,201532
0,191885
0,170249
0,149535
0,171313
0,150528
0,141803
0,159254
0,149393
0,171668
0,175002
0,173867
0,180180
0,163155
0,164645
0,173654
0,149748
0,123076
0,109527
0,079379
0,069447
0,059162
0,073916
0,067461
0,069235
0,066681
0,058310
0,055686
0,050365
0,039725
0,036320
0,054905
0,049656
0,053345
0,056679
0,063631
0,059658
0,035256
0,029794
0,019933
0,015748
0,021139
0,020430
0,020926
0,020146
0,020359
0,029510
0,026105
0,026672
0,017380
0,009647
0,006313
0,018089
0,014755
0,017805
0,021636
0,028162
0,042420
0,040718
0,045542
0,037880
0,033411
0,023196
0,032560
0,057104
0,069235
0,077109
0,054054
0,097042
0,169043
0,269561
0,312833
0,363127
0,437114
0,498830
0,527488
0,549762
0,569979
0,567284
0,588281
0,610555
0,635596
0,658864
0,680925
0,687380
0,707526
0,667305
0,664680
0,600482
0,570618
0,518124
0,537419
0,586508
0,650138
0,677591
0,685465
0,715046
0,676669
0,699652
0,690076
0,679081
0,682344
0,713627
0,729162
0,749450
0,752288
0,702277
0,747464
0,741009
0,724197
0,693055
0,681138
0,649784
0,631624
0,633255
0,633823
0,635100
0,573597
0,481734
0,366106
0,320777
0,297794
0,291977
0,302334
0,331773
0,374477
0,418316
0,432858
0,360928
0,304604
0,266794
0,292403
0,348869
0,357948
0,364546
0,360006
0,309286
0,345747
0,357452
0,409165
0,392282
0,342271
0,360715
0,350855
0,364120
0,423849
0,457473
0,456054
0,485564
0,555224
0,505781
0,477407
0,499539
0,477832
0,515500
0,568773
0,588991
0,604242
0,650422
0,641839
0,628148
0,477265
0,428744
0,440235
0,448180
0,460453
0,451018
0,505498
0,574307
0,548769
0,530538
0,493296
0,485848
0,488756
0,464638
0,404696
0,316521
0,258920
0,235582
0,196070
0,167128
0,143860
0,157835
0,162517
0,120309
0,092502
0,086472
0,080585
0,087465
0,084131
0,087394
0,106547
0,146485
0,147833
0,186281
0,212386
0,247429
0,273533
0,265021
0,251401
0,261829
0,297581
0,369015
0,407675
0,439242
0,424842
0,414698
0,412003
0,340569
0,365822
0,359013
0,320707
0,295666
0,275023
0,246435
0,229340
0,221466
0,206640
0,186494
0,190679
0,222742
0,274668
0,329786
0,417607
0,446620
0,445272
0,456125
0,497269
0,458466
0,469107
0,486416
0,435270
0,402994
0,365184
0,365822
0,361850
0,412286
0,452224
0,459743
0,493793
0,544797
0,641697
0,641413
0,600695
0,574661
0,529971
0,528268
0,531319
0,544513
0,505001
0,468539
0,469816
0,475988
0,473221
0,465631
0,461162
0,356672
0,311627
0,275023
0,240689
0,195361
0,171384
0,134922
0,117897
0,100731
0,102575
0,084841
0,077747
0,090445
0,072001
0,051500
0,049301
0,048734
0,040009
0,026176
0,027736
0,030787
0,047173
0,064198
0,063985
0,062354
0,053274
0,058097
0,072994
0,086685
0,098177
0,145421
0,199901
0,243172
0,264950
0,283819
0,265872
0,271689
0,238987
0,266936
0,285096
0,311839
0,368163
0,399376
0,492232
0,535504
0,613251
0,553309
0,454281
0,328368
0,258566
0,215932
0,279918
0,313967
0,347024
0,401149
0,407746
0,447826
0,457189
0,452011
0,510605
0,517699
0,463716
0,431297
0,430801
0,406540
0,430943
0,400936
0,377385
0,294105
0,259062
0,218486
0,246719
0,220472
0,169398
0,152373
0,112293
0,078456
0,069944
0,065404
0,064482
0,047386
0,060793
0,046038
0,017947
0,029155
0,051784
0,087253
0,075548
0,072852
0,042208
0,033624
0,029013
0,030787
0,025750
0,024402
0,021565
0,022913
0,029794
0,036320
0,039441
0,036816
0,030006
0,028942
0,026743
0,016883
0,010428
0,011917
0,017309
0,018727
0,021565
0,016741
0,011634
0,008371
0,012201
0,018940
0,027169
0,050507
0,071505
0,075832
0,088955
0,094417
0,095268
0,088317
0,073278
0,074413
0,058097
0,034334
0,033411
0,037455
0,043768
0,043555
0,050791
0,054054
0,035539
0,026530
0,009506
0,006810
0,013904
0,014187
0,025821
0,052139
0,061006
0,088742
0,084699
0,086969
0,065191
0,068596
0,067319
0,037242
0,041498
0,044903
0,050578
0,048095
0,053061
0,052706
0,070511
0,090232
0,102646
0,102220
0,125913
0,137050
0,181670
0,218912
0,187487
0,217209
0,189899
0,186706
0,223806
0,252536
0,260623
0,268568
0,273108
0,353196
0,322338
0,274385
0,253813
0,195928
0,224516
0,221536
0,208839
0,211463
0,199049
0,205363
0,191246
0,172661
0,188551
0,173086
0,248209
0,350642
0,317231
0,318791
0,189402
0,404412
0,423282
0,398170
0,338086
0,383344
0,347946
0,363269
0,419806
0,491878
0,370221
0,291622
0,263106
0,269632
0,301554
0,303327
0,335603
0,410087
0,396184
0,454494
0,439952
0,475066
0,533163
0,587572
0,642264
0,659076
0,646237
0,634816
0,599347
0,483578
0,445910
0,392991
0,352415
0,372916
0,388806
0,379088
0,383060
0,506420
0,557140
0,603462
0,718593
0,781230
0,718947
0,700787
0,742002
0,818685
0,813010
0,855217
0,851032
0,848691
0,838476
0,830460
0,825353
0,809818
0,738455
0,698872
0,631340
0,503937
0,417607
0,353479
0,332908
0,346740
0,381074
0,389303
0,440590
0,376534
0,485848
0,573810
0,622757
0,445272
0,427396
0,719160
0,753210
0,732425
0,793857
0,831241
0,838760
0,816628
0,791019
0,811662
0,799886
0,739448
0,793999
0,831950
0,835852
0,671916
0,841668
0,839398
0,842449
0,845357
0,847840
0,790665
0,625878
0,736752
0,847627
0,847627
0,847131
0,846067
0,844151
0,841881
0,845854
0,845215
0,846350
0,846776
0,846492
0,847343
0,846705
0,845286
0,843938
0,844364
0,844364
0,843797
0,843867
0,844080
0,844151
0,843867
0,842803
0,844719
0,844009
0,842165
0,840250
0,839966
0,839966
0,839540
0,834362
0,835213
0,836064
0,834504
0,831241
0,825778
0,815918
0,815564
0,805774
0,817692
0,813719
0,787969
0,741505
0,810243
0,829609
0,819181
0,827197
0,833298
0,834646
0,836561
0,835710
0,832872
0,831028
0,834646
0,836490
0,833369
0,833227
0,768603
0,731219
0,801589
0,804426
0,745832
0,792864
0,733489
0,664609
0,580904
0,539902
0,464851
0,510109
0,559410
0,626871
0,707597
0,716464
0,709442
0,707385
0,679435
0,678513
0,671632
0,675392
0,668369
0,704476
0,749450
0,758814
0,774136
0,812159
0,811307
0,823367
0,825920
0,833298
0,833440
0,836774
0,811165
0,824573
0,792225
0,777896
0,814216
0,823083
0,792438
0,793502
0,818756
0,768745
0,656381
0,624246
0,674895
0,728311
0,770164
0,779669
0,780946
0,783287
0,782720
0,782152
0,782862
0,785273
0,784848
0,786976
0,785628
0,783784
0,780166
0,761935
0,764702
0,773214
0,752855
0,654820
0,567213
0,565723
0,434915
0,354118
0,246081
0,201107
0,283039
0,244449
0,278499
0,317798
0,327233
0,233525
0,197631
0,202100
0,206711
0,203873
0,198766
0,205718
0,206923
0,197844
0,212315
0,233383
0,244449
0,272753
0,401220
0,447684
0,515925
0,543945
0,558488
0,577499
0,588920
0,616301
0,695893
0,708874
0,717387
0,745265
0,744343
0,733986
0,768178
0,770235
0,739377
0,681492
0,679648
0,736327
0,685465
0,636873
0,633539
0,638576
0,595730
0,581968
0,602540
0,561680
0,470880
0,488544
0,434419
0,459389
0,546854
0,521104
0,537632
0,591615
0,492374
0,501951
0,599276
0,618146
0,564375
0,616159
0,624956
0,586366
0,648081
0,662907
0,660637
0,691069
0,739732
0,739874
0,739661
0,752997
0,761297
0,764134
0,788395
0,795843
0,794070
0,797546
0,793502
0,728878
0,703909
0,767326
0,750301
0,713414
0,719160
0,704192
0,787260
0,759594
0,739164
0,749096
0,771937
0,790523
0,786337
0,783642
0,759240
0,735688
0,652125
0,690998
0,630489
0,608144
0,592183
0,646875
0,756402
0,776903
0,786834
0,788111
0,774136
0,781727
0,787614
0,786976
0,788182
0,743633
0,697808
0,694474
0,688799
0,665177
0,638363
0,636944
0,693268
0,618855
0,607434
0,715613
0,718805
0,700787
0,648932
0,587075
0,520820
0,425977
0,286160
0,250195
0,234092
0,215436
0,191175
0,099738
0,164787
0,243172
0,192594
0,208981
0,147123
0,164787
0,113145
0,148684
0,255870
0,210683
0,274739
0,332127
0,337590
0,394836
0,449245
0,488260
0,577286
0,682698
0,642548
0,491665
0,450521
0,387742
0,424204
0,461375
0,482017
0,404767
0,466979
0,422785
0,357594
0,417394
0,471590
0,433709
0,518337
0,509186
0,568844
0,527701
0,460382
0,481876
0,507200
0,528268
0,506065
0,519543
0,449386
0,479180
0,511244
0,536639
0,546003
0,662907
0,740796
0,743633
0,744414
0,742995
0,738455
0,726396
0,700007
0,613038
0,506491
0,427467
0,326381
0,281833
0,214372
0,214230
0,206923
0,088813
0,091154
0,102078
0,130524
0,183443
0,215932
0,282755
0,365042
0,432503
0,438107
0,532383
0,567780
0,664255
0,713272
0,753848
0,791871
0,786550
0,784848
0,787898
0,790310
0,792225
0,790877
0,794495
0,802795
0,804143
0,794070
0,774988
0,741505
0,734412
0,782152
0,777612
0,788891
0,792935
0,774065
0,730510
0,716677
0,669575
0,498830
0,600553
0,587004
0,463999
0,395687
0,428247
0,343690
0,307441
0,361070
0,289707
0,300702
0,236717
0,241470
0,249911
0,181954
0,167979
0,187983
0,217848
0,265588
0,350145
0,381712
0,348443
0,392495
0,443782
0,488047
0,489111
0,507129
0,520323
0,508761
0,486841
0,463645
0,480173
0,416046
0,394410
0,356246
0,288927
0,249060
0,170887
0,126906
0,125559
0,137192
0,137192
0,107753
0,078031
0,094417
0,101582
0,131943
0,156416
0,264595
0,372420
0,427892
0,471448
0,520465
0,585515
0,630843
0,649429
0,650919
0,669078
0,652621
0,709655
0,730865
0,725899
0,754629
0,767184
0,783358
0,793573
0,795630
0,804710
0,797758
0,798397
0,799957
0,798893
0,799319
0,796269
0,796623
0,796411
0,800738
0,800099
0,790877
0,790948
0,793999
0,789459
0,779457
0,779173
0,790381
0,782152
0,762148
0,740441
0,784493
0,760091
0,767326
0,776123
0,755693
0,786834
0,783926
0,794779
0,777399
0,760020
0,791090
0,787189
0,787118
0,785486
0,791871
0,790665
0,793147
0,785273
0,766262
0,780308
0,796269
0,788324
0,792935
0,793360
0,792580
0,781230
0,773498
0,645456
0,543520
0,501454
0,534582
0,648010
0,574732
0,574945
0,535575
0,642406
0,828758
0,782578
0,784706
0,766120
0,663687
0,807902
0,797758
0,729801
0,733135
0,824289
0,943889
0,943321
0,942186
0,924168
0,862098
0,709584
0,537987
0,409094
0,341846
0,425197
0,597432
0,834007
0,925587
0,938498
0,945946
0,956161
0,952401
0,942328
0,929347
0,934738
0,876499
0,869192
0,815989
0,824076
0,804285
0,772221
0,677307
0,536710
0,488331
0,409378
0,369724
0,400298
0,474427
0,545506
0,666099
0,813577
0,750018
0,690501
0,675463
0,660282
0,656381
0,663687
0,727318
0,753635
0,761510
0,781230
0,739306
0,843655
0,884089
0,921047
0,927077
0,948287
0,946017
0,944031
0,946939
0,935163
0,936866
0,934170
0,938427
0,929063
0,932893
0,937717
0,930553
0,921827
0,894304
0,884443
0,855288
0,821168
0,835142
0,858268
0,857416
0,852167
0,859686
0,895013
0,889551
0,878130
0,861885
0,860183
0,870824
0,864652
0,855643
0,883379
0,881535
0,887423
0,911754
0,925161
0,947577
0,943179
0,926864
0,914946
0,896361
0,907285
0,934809
0,939633
0,939633
0,938498
0,938568
0,941477
0,942399
0,948429
0,953891
0,957792
0,958218
0,953394
0,951266
0,948996
0,956161
0,952188
0,949209
0,938781
0,921969
0,902532
0,905086
0,883876
0,852025
0,864510
0,879478
0,885011
0,874938
0,859474
0,824218
0,780875
0,794566
0,804001
0,790026
0,736327
0,623679
0,601405
0,606441
0,627651
0,628999
0,723913
0,778676
0,807406
0,781939
0,804001
0,783074
0,762928
0,772292
0,759807
0,779102
0,740938
0,615521
0,655600
0,658509
0,643470
0,633965
0,637370
0,710719
0,742002
0,762999
0,741363
0,707597
0,618500
0,557069
0,389232
0,383982
0,378591
0,369227
0,365468
0,330780
0,281833
0,238065
0,203518
0,184862
0,136199
0,110023
0,109314
0,114492
0,102717
0,124849
0,142867
0,138327
0,135277
0,155565
0,136057
0,125417
0,165709
0,205363
0,238420
0,270696
0,311201
0,408030
0,465631
0,486416
0,461517
0,488331
0,297084
0,208981
0,231184
0,270270
0,252536
0,250833
0,265730
0,246932
0,241257
0,320210
0,453572
0,508193
0,509328
0,490317
0,498475
0,522097
0,495283
0,507271
0,487409
0,476981
0,393062
0,463574
0,476981
0,477407
0,471377
0,462368
0,453146
0,464709
0,475917
0,443215
0,418387
0,466340
0,506278
0,481521
0,490956
0,522239
0,510038
0,494928
0,481450
0,530680
0,541888
0,550968
0,550685
0,550046
0,549620
0,549266
0,547918
0,549124
0,549762
0,550117
0,510534
0,523019
0,521458
0,519472
0,515996
0,523090
0,521033
0,539973
0,588707
0,588494
0,590126
0,645811
0,758885
0,771441
0,772789
0,693694
0,492374
0,623111
0,608711
0,632404
0,696957
0,707668
0,742286
0,768745
0,745194
0,751507
0,747677
0,771228
0,770306
0,766262
0,791658
0,833865
0,847556
0,825566
0,843229
0,838122
0,831666
0,804781
0,820813
0,830460
0,843867
0,843726
0,836632
0,812584
0,801305
0,838051
0,837909
0,826346
0,834575
0,824076
0,738242
0,689863
0,566929
0,511173
0,609775
0,563028
0,517557
0,561112
0,599276
0,504717
0,641626
0,708023
0,692913
0,655955
0,775768
0,748812
0,711783
0,784706
0,793786
0,657941
0,502376
0,530467
0,545010
0,392920
0,377598
0,427325
0,413279
0,426616
0,372774
0,325743
0,301766
0,273391
0,245442
0,198340
0,130240
0,074555
0,049585
0,049940
0,057459
0,069164
0,083280
0,107399
0,158473
0,222033
0,250195
0,291622
0,397744
0,435057
0,449245
0,478967
0,448819
0,312478
0,209052
0,199404
0,136696
0,154288
0,147549
0,120096
0,160531
0,158686
0,171171
0,179329
0,173299
0,215223
0,154501
0,089239
0,046818
0,071434
0,086472
0,082145
0,073562
0,073633
0,073065
0,076045
0,100731
0,138114
0,150528
0,146414
0,212527
0,279137
0,354898
0,423494
0,496560
0,520678
0,583954
0,592396
0,621338
0,608002
0,645244
0,682415
0,668227
0,662410
0,696176
0,694403
0,656026
0,628432
0,628644
0,636235
0,627580
0,584451
0,545080
0,542456
0,563808
0,619706
0,692630
0,664609
0,527133
0,535433
0,514648
0,514932
0,606583
0,601830
0,612613
0,633255
0,654040
0,650067
0,695822
0,656806
0,650848
0,719160
0,762645
0,777683
0,737958
0,805916
0,765340
0,755338
0,820104
0,895155
0,881251
0,842023
0,829680
0,851032
0,903880
0,895155
0,877066
0,801092
0,780521
0,830531
0,875080
0,877563
0,850819
0,846918
0,823650
0,827268
0,862666
0,848478
0,853018
0,851458
0,827197
0,807406
0,819820
0,836632
0,892743
0,908704
0,896290
0,922891
0,922820
0,927786
0,927715
0,926722
0,927928
0,925090
0,923388
0,913882
0,920267
0,925090
0,917145
0,916436
0,919841
0,911045
0,910265
0,914521
0,917287
0,926935
0,917784
0,902320
0,924168
0,915443
0,916223
0,912393
0,879903
0,867773
0,878414
0,897567
0,914592
0,919274
0,907285
0,899127
0,912605
0,912393
0,920267
0,901043
0,901823
0,903667
0,903596
0,902532
0,904093
0,897496
0,902178
0,905796
0,910265
0,920976
0,925516
0,926367
0,925303
0,923884
0,916010
0,923388
0,831737
0,928495
0,926651
0,928708
0,928495
0,929630
0,926935
0,924381
0,923884
0,926367
0,924026
0,924381
0,923743
0,922679
0,917571
0,909910
0,887636
0,805065
0,592750
0,593034
0,615237
0,751224
0,891466
0,903029
0,859261
0,911329
0,909130
0,898134
0,846067
0,913386
0,920976
0,917642
0,904164
0,866425
0,839115
0,868908
0,869759
0,789104
0,714904
0,715046
0,711924
0,710860
0,792296
0,870469
0,870611
0,862098
0,878981
0,856920
0,843371
0,861531
0,814854
0,760091
0,866355
0,906505
0,920976
0,917997
0,905654
0,891537
0,902532
0,905299
0,906647
0,901681
0,903100
0,911187
0,911967
0,904519
0,881109
0,844364
0,853657
0,861105
0,837128
0,769454
0,801873
0,777967
0,790452
0,772718
0,775910
0,781868
0,823509
0,848266
0,887565
0,858835
0,812230
0,814287
0,820104
0,879903
0,912251
0,912464
0,901468
0,902816
0,902461
0,903738
0,898986
0,903171
0,899624
0,896006
0,901468
0,905157
0,900404
0,900688
0,898489
0,905015
0,902887
0,901468
0,903455
0,907356
0,899766
0,891253
0,882244
0,807690
0,739661
0,757537
0,736965
0,744130
0,650351
0,526495
0,583174
0,688302
0,598922
0,591473
0,659786
0,654891
0,681918
0,676243
0,689437
0,645740
0,614457
0,612967
0,619706
0,620558
0,621763
0,626516
0,648010
0,651628
0,675676
0,723203
0,744910
0,756970
0,780663
0,834646
0,838334
0,839540
0,867915
0,876640
0,877846
0,863943
0,822161
0,750231
0,811733
0,876499
0,868979
0,888700
0,885720
0,863943
0,820671
0,777683
0,783997
0,688728
0,743562
0,591899
0,591899
0,552955
0,499397
0,426616
0,390721
0,354969
0,339221
0,272611
0,232957
0,218132
0,212953
0,198766
0,237710
0,287650
0,358516
0,391289
0,442222
0,499113
0,543023
0,608144
0,618358
0,679577
0,813932
0,887423
0,945520
0,981627
0,995247
1,000000
0,995247
0,994538
0,985813
0,992906
0,975030
0,981556
0,978080
0,987089
0,986877
0,987799
0,989359
0,992339
0,990778
0,978009
0,939633
0,902816
0,843158
0,811236
0,814216
0,817975
0,812017
0,768603
0,744768
0,619919
0,602327
0,566645
0,558771
0,568915
0,522168
0,541463
0,667092
0,724197
0,780521
0,796552
0,795914
0,793289
0,799035
0,780308
0,767610
0,800312
0,805845
0,919699
0,984323
0,988934
0,991913
0,992977
0,932893
0,920905
0,920692
0,921898
0,922749
0,922608
0,960559
0,981769
0,981627
0,981485
0,982195
0,981414
0,967511
0,977726
0,978080
0,973682
0,971625
0,967653
0,958005
0,945024
0,901397
0,873661
0,803362
0,702986
0,542952
0,450521
0,615379
0,686387
0,000000
0,000000
0,000000
0,000000
0,000000
0,000000
0,000000
0,000000
0,000000
0,000000
0,000000
0,000000
0,000000
0,000000
0,000000
0,000000
0,000000
0,000000
0,000000
0,000000
0,000000
0,000000
0,000000
0,000000