0,220270
0,224395
0,230178
0,230639
0,233031
0,234713
0,245765
0,261346
0,258486
0,254188
0,266794
0,287249
0,304584
0,314352
0,300074
0,298391
0,330682
0,361772
0,382619
0,396370
0,410888
0,425376
0,526306
0,546275
0,551121
0,573815
0,593742
0,613867
0,630806
0,643065
0,650197
0,646248
0,655568
0,638008
0,631986
0,635318
0,632386
0,636704
0,624467
0,616625
0,610386
0,600231
0,617993
0,612539
0,600054
0,601973
0,606341
0,608680
0,595086
0,575654
0,547573
0,518468
0,503197
0,508457
0,528369
0,543402
0,568550
0,579671
0,572262
0,574785
0,564055
0,524701
0,483094
0,433993
0,398926
0,383191
0,361244
0,324744
0,347205
0,379912
0,394372
0,431441
0,444256
0,465437
0,469315
0,470770
0,474013
0,465528
0,462411
0,446979
0,446252
0,428740
0,418548
0,420635
0,418869
0,413907
0,401212
0,375907
0,352926
0,342236
0,343221
0,355287
0,352224
0,325621
0,311809
0,312103
0,308811
0,307420
0,316781
0,318753
0,337856
0,369746
0,382591
0,379509
0,377017
0,362874
0,339460
0,307663
0,280037
0,247249
0,198862
0,157421
0,128136
0,113289
0,106758
0,100612
0,081587
0,067900
0,055437
0,048626
0,040552
0,032227
0,025147
0,023206
0,025397
0,030427
0,038981
0,048351
0,057634
0,068012
0,079255
0,089031
0,088862
0,097447
0,111673
0,132972
0,169521
0,204891
0,235168
0,239792
0,244027
0,232600
0,243700
0,240730
0,231568
0,216247
0,206644
0,219310
0,220321
0,212106
0,211084
0,200793
0,193071
0,184647
0,181825
0,185813
0,191400
0,198673
0,188082
0,182778
0,193711
0,222001
0,258637
0,287138
0,321788
0,351110
0,364518
0,370099
0,376127
0,394840
0,410408
0,416253
0,418427
0,417634
0,435766
0,449883
0,449034
0,452168
0,450199
0,445960
0,428316
0,412036
0,409590
0,393912
0,415363
0,423005
0,452774
0,492679
0,529126
0,559018
0,563267
0,567182
0,556787
0,550148
0,559377
0,586277
0,619286
0,649330
0,669661
0,685190
0,704897
0,723313
0,725503
0,709808
0,716876
0,724111
0,732319
0,742398
0,742629
0,737169
0,711037
0,680863
0,644251
0,588978
0,537035
0,517912
0,496500
0,501450
0,509127
0,542558
0,574449
0,599596
0,645770
0,669373
0,689661
0,696383
0,705650
0,716200
0,718864
0,709241
0,704815
0,696459
0,696059
0,690531
0,680341
0,672647
0,660226
0,646245
0,619680
0,607191
0,594950
0,589960
0,573384
0,569211
0,576683
0,582189
0,605757
0,623450
0,647765
0,650608
0,668956
0,681669
0,689418
0,694813
0,698788
0,692060
0,686204
0,696911
0,696001
0,698188
0,683011
0,659328
0,626194
0,612025
0,606999
0,600275
0,576272
0,554665
0,548545
0,567757
0,611240
0,631653
0,645187
0,655502
0,686787
0,706222
0,712187
0,713904
0,711503
0,712979
0,699495
0,687916
0,684623
0,692860
0,691914
0,681638
0,644887
0,601965
0,560402
0,525362
0,499652
0,495101
0,512019
0,537510
0,576395
0,602014
0,625939
0,621824
0,624292
0,618478
0,597911
0,566192
0,546093
0,533886
0,512197
0,489001
0,477163
0,462670
0,436781
0,448671
0,452449
0,432380
0,405680
0,387223
0,361749
0,363615
0,380518
0,417448
0,462938
0,523549
0,541845
0,539696
0,526463
0,516855
0,508805
0,469248
0,412170
0,362568
0,358772
0,353710
0,354192
0,356774
0,372184
0,377239
0,375899
0,367680
0,363986
0,367175
0,384821
0,421095
0,463554
0,509564
0,561174
0,586589
0,611606
0,620198
0,632124
0,639140
0,646863
0,626724
0,614995
0,612987
0,610979
0,607890
0,624875
0,644189
0,634105
0,617478
0,587101
0,567847
0,540398
0,519804
0,518037
0,501347
0,480380
0,459780
0,432698
0,408547
0,381643
0,336018
0,300144
0,267239
0,224323
0,187071
0,142193
0,108947
0,094801
0,104522
0,108644
0,111127
0,106701
0,105161
0,098286
0,094468
0,099898
0,106868
0,116725
0,124137
0,132236
0,136935
0,142318
0,146111
0,158973
0,156347
0,142969
0,130356
0,127079
0,134461
0,132576
0,112285
0,108964
0,130977
0,161623
0,174522
0,174076
0,185880
0,189048
0,185343
0,184146
0,185723
0,185212
0,193652
0,196030
0,194182
0,190690
0,196562
0,182578
0,166966
0,147804
0,131920
0,119948
0,103383
0,091794
0,082839
0,079191
0,085612
0,098008
0,100997
0,096974
0,093165
0,087594
0,082063
0,073605
0,061768
0,051243
0,042429
0,034548
0,030481
0,032617
0,037371
0,039567
0,035456
0,028972
0,021734
0,018395
0,017652
0,017192
0,019292
0,023592
0,028082
0,031114
0,031251
0,031186
0,031999
0,032466
0,032602
0,030648
0,028814
0,028185
0,026188
0,023156
0,021437
0,020435
0,020166
0,019704
0,018098
0,014348
0,011331
0,009112
0,008504
0,009916
0,010125
0,010572
0,011836
0,013391
0,013647
0,014622
0,018311
0,019260
0,021471
0,022568
0,021582
0,022423
0,023608
0,024556
0,027530
0,031959
0,036053
0,040952
0,042989
0,037779
0,032724
0,028954
0,030127
0,033191
0,040798
0,054849
0,069248
0,084536
0,096386
0,099420
0,099853
0,100125
0,099540
0,091839
0,086868
0,084339
0,083117
0,085812
0,090919
0,090733
0,087641
0,084104
0,076382
0,066515
0,058197
0,050848
0,047962
0,046741
0,046205
0,048662
0,053813
0,057108
0,055684
0,052585
0,050927
0,046795
0,043452
0,040210
0,037807
0,035918
0,035532
0,036451
0,034329
0,034198
0,033780
0,030415
0,025311
0,022364
0,020325
0,019695
0,020490
0,020820
0,022378
0,027705
0,027333
0,031220
0,038817
0,051169
0,068109
0,084405
0,102948
0,111527
0,121135
0,138569
0,165140
0,182137
0,185785
0,195818
0,200126
0,197439
0,186249
0,171942
0,152181
0,134061
0,127543
0,120949
0,121545
0,130565
0,139532
0,158392
0,168134
0,175382
0,178684
0,177366
0,191956
0,191704
0,199042
0,195996
0,194005
0,185999
0,177143
0,165871
0,159796
0,149796
0,140868
0,119388
0,105747
0,098989
0,091268
0,083074
0,075698
0,075432
0,073165
0,073117
0,073170
0,073135
0,069624
0,067742
0,072864
0,079179
0,088233
0,099108
0,111385
0,124967
0,136453
0,150851
0,168269
0,184526
0,202049
0,217600
0,225471
0,244410
0,256775
0,263039
0,269717
0,289215
0,317385
0,343186
0,346414
0,339644
0,331774
0,339414
0,367613
0,379367
0,383447
0,383978
0,375631
0,375020
0,373702
0,369141
0,369941
0,352846
0,316561
0,309994
0,302690
0,301508
0,287862
0,280014
0,255484
0,220806
0,192098
0,187071
0,183102
0,168056
0,162019
0,160784
0,156523
0,157672
0,151706
0,155670
0,168093
0,187491
0,212816
0,243000
0,280661
0,316301
0,361575
0,406881
0,465618
0,519599
0,568196
0,604345
0,619761
0,649574
0,660204
0,660032
0,642279
0,636776
0,625828
0,602074
0,578290
0,544182
0,532860
0,520178
0,509306
0,505883
0,507554
0,517770
0,530282
0,537242
0,533706
0,540144
0,528250
0,527802
0,495831
0,449497
0,388704
0,335939
0,309205
0,294679
0,265724
0,245640
0,225050
0,207543
0,189001
0,159194
0,151942
0,133072
0,128756
0,132769
0,133277
0,137135
0,138952
0,141375
0,142423
0,144470
0,142441
0,131061
0,122235
0,107772
0,091254
0,085041
0,071275
0,083768
0,097277
0,101233
0,106982
0,112290
0,113064
0,121838
0,122869
0,134501
0,146331
0,157358
0,158255
0,151577
0,146057
0,142143
0,137980
0,133586
0,127496
0,122547
0,121033
0,117950
0,115191
0,109718
0,114143
0,126049
0,136111
0,146445
0,152734
0,149785
0,143517
0,139701
0,126678
0,116821
0,105768
0,100858
0,097951
0,096035
0,096798
0,090656
0,084121
0,081275
0,081125
0,084432
0,094876
0,102800
0,113183
0,136134
0,153231
0,167558
0,186602
0,192139
0,188805
0,198587
0,203948
0,195231
0,192965
0,182152
0,197367
0,213384
0,221767
0,222505
0,242444
0,238217
0,232836
0,234473
0,240042
0,253302
0,243025
0,233328
0,209763
0,194749
0,190933
0,186740
0,199540
0,198938
0,195590
0,192580
0,181689
0,170209
0,162246
0,159142
0,163183
0,157876
0,138964
0,125243
0,117521
0,100357
0,092659
0,088007
0,086581
0,090053
0,081734
0,079008
0,085147
0,083906
0,080278
0,070624
0,066243
0,064685
0,062326
0,059341
0,060437
0,060628
0,053799
0,045888
0,047162
0,050080
0,051110
0,050802
0,047670
0,043958
0,036987
0,033860
0,035267
0,036611
0,039762
0,046219
0,046288
0,040773
0,038954
0,032610
0,030353
0,026064
0,026110
0,023272
0,024952
0,025647
0,031533
0,036488
0,041894
0,046954
0,052437
0,053078
0,058100
0,065650
0,064973
0,069879
0,081861
0,093149
0,115206
0,137283
0,154828
0,166626
0,189416
0,223004
0,246681
0,257581
0,256227
0,256367
0,257830
0,250815
0,245787
0,239600
0,232086
0,230820
0,224158
0,215758
0,212974
0,194618
0,183942
0,167721
0,167954
0,164995
0,163998
0,160571
0,165981
0,160659
0,156782
0,146904
0,138612
0,129301
0,122261
0,116236
0,111752
0,101342
0,098949
0,101311
0,102642
0,107949
0,120616
0,138141
0,161046
0,162997
0,166870
0,176916
0,199686
0,231546
0,268646
0,303659
0,350616
0,386551
0,414990
0,453848
0,482147
0,507648
0,532557
0,562390
0,589733
0,594824
0,607784
0,619416
0,607089
0,575414
0,549640
0,512206
0,497255
0,449986
0,459794
0,454557
0,419253
0,406637
0,384606
0,363764
0,329061
0,289584
0,262304
0,279896
0,291282
0,313141
0,346690
0,378264
0,407297
0,401418
0,423249
0,431867
0,444098
0,461357
0,471305
0,487529
0,486150
0,475561
0,453645
0,442596
0,438091
0,445544
0,444519
0,430167
0,398716
0,372376
0,342909
0,324128
0,307497
0,283480
0,273725
0,264799
0,259328
0,236237
0,225071
0,225596
0,216936
0,200670
0,187971
0,180273
0,177606
0,170545
0,164725
0,170784
0,167208
0,171571
0,160056
0,155608
0,140723
0,117436
0,097724
0,090733
0,080083
0,072583
0,071571
0,068292
0,063532
0,056346
0,051657
0,046516
0,039665
0,033167
0,032019
0,029656
0,025440
0,023172
0,018754
0,014627
0,012810
0,010352
0,009603
0,008318
0,010376
0,012692
0,019411
0,025403
0,029357
0,030881
0,031824
0,030158
0,030742
0,029169
0,024400
0,023117
0,019890
0,015067
0,013673
0,015491
0,015752
0,018029
0,017226
0,011561
0,009112
0,009516
0,007660
0,006995
0,006667
0,010042
0,015321
0,026762
0,034481
0,040305
0,044137
0,047264
0,044349
0,052112
0,056354
0,055819
0,055089
0,053824
0,059928
0,064494
0,063191
0,063759
0,060375
0,051781
0,045393
0,044470
0,046506
0,050630
0,060306
0,077457
0,112736
0,152446
0,173011
0,181108
0,182459
0,172647
0,166437
0,156266
0,145826
0,137296
0,131198
0,125625
0,124014
0,115457
0,115515
0,108069
0,084764
0,063656
0,043365
0,036150
0,035311
0,037853
0,049272
0,064473
0,096731
0,130278
0,157967
0,173133
0,166250
0,159516
0,155666
0,155169
0,159746
0,176953
0,189407
0,197190
0,208251
0,214966
0,217523
0,210599
0,184015
0,162481
0,162134
0,160975
0,157691
0,156835
0,166637
0,163504
0,208824
0,244088
0,255852
0,250980
0,238361
0,236423
0,239091
0,227416
0,226978
0,217768
0,214942
0,217259
0,212687
0,218204
0,222996
0,224746
0,225088
0,219397
0,200555
0,194312
0,183172
0,175737
0,173200
0,165047
0,177279
0,200601
0,211631
0,196759
0,183646
0,170398
0,154509
0,141034
0,121219
0,106552
0,099524
0,095732
0,082725
0,079499
0,073901
0,063731
0,047868
0,032202
0,027933
0,027450
0,027000
0,031142
0,032185
0,043875
0,051242
0,050578
0,047937
0,050398
0,052917
0,054525
0,063894
0,057887
0,056021
0,056272
0,058128
0,062455
0,065416
0,076573
0,081506
0,079466
0,075007
0,079615
0,081020
0,095360
0,109372
0,113794
0,117374
0,121352
0,145275
0,188245
0,224363
0,234677
0,238439
0,231806
0,226239
0,213303
0,208031
0,211354
0,215680
0,220701
0,220080
0,224265
0,230100
0,223449
0,206833
0,207680
0,225344
0,223906
0,215752
0,205972
0,197882
0,198263
0,218803
0,256776
0,286897
0,299427
0,301767
0,293299
0,292729
0,325237
0,321184
0,322726
0,333552
0,333300
0,344264
0,370902
0,388535
0,407604
0,432653
0,449071
0,467604
0,479290
0,444506
0,383066
0,344287
0,285536
0,256512
0,268737
0,295781
0,303044
0,305717
0,303728
0,302652
0,313433
0,330267
0,344722
0,350235
0,373776
0,375173
0,367481
0,356171
0,342852
0,331841
0,365677
0,398153
0,417019
0,386795
0,353953
0,303093
0,251343
0,192467
0,155552
0,147797
0,143084
0,137451
0,147157
0,145828
0,125983
0,116320
0,114987
0,106762
0,102953
0,096380
0,109280
0,109106
0,107201
0,103839
0,103417
0,111026
0,125023
0,140928
0,141546
0,136562
0,127501
0,142281
0,168707
0,220404
0,280110
0,341964
0,394464
0,438084
0,474628
0,522538
0,539254
0,574310
0,586537
0,586642
0,598378
0,584215
0,549261
0,489374
0,462017
0,417853
0,360547
0,319915
0,274622
0,241740
0,220198
0,210805
0,221293
0,230751
0,245203
0,255496
0,268202
0,287850
0,305420
0,324004
0,349396
0,363247
0,367263
0,378823
0,392328
0,400874
0,391307
0,398764
0,404295
0,421798
0,403911
0,386246
0,354187
0,310922
0,285925
0,270718
0,269760
0,275556
0,271069
0,277187
0,268641
0,260913
0,242838
0,234914
0,231885
0,211813
0,202487
0,199359
0,182025
0,167769
0,150474
0,129249
0,113967
0,108147
0,113180
0,104544
0,093115
0,068861
0,049952
0,036826
0,038594
0,040608
0,043465
0,045049
0,048611
0,043075
0,039555
0,039210
0,038285
0,039507
0,048748
0,065385
0,091691
0,108285
0,114219
0,109036
0,109737
0,138232
0,196086
0,239253
0,263550
0,268740
0,255073
0,258172
0,306608
0,363584
0,374645
0,358299
0,328568
0,303161
0,265557
0,231241
0,220944
0,201716
0,189055
0,180083
0,179206
0,180643
0,165207
0,128998
0,108766
0,105948
0,112075
0,128915
0,137959
0,138196
0,119701
0,101152
0,092881
0,101140
0,115826
0,120530
0,124252
0,112894
0,105574
0,103991
0,106715
0,104151
0,109719
0,120879
0,127054
0,127758
0,121450
0,116235
0,131036
0,182294
0,211816
0,207136
0,207443
0,212723
0,217804
0,205009
0,246480
0,315849
0,376158
0,416113
0,434391
0,474273
0,458034
0,481987
0,494422
0,520204
0,532910
0,547381
0,572182
0,562105
0,547651
0,540431
0,534246
0,531828
0,524495
0,517216
0,497181
0,474022
0,442839
0,405460
0,355871
0,325664
0,311021
0,324808
0,324848
0,318988
0,354317
0,377559
0,438070
0,469779
0,530001
0,560416
0,580577
0,573120
0,596486
0,591374
0,553974
0,558482
0,582046
0,577950
0,555082
0,544220
0,497681
0,456186
0,424063
0,432954
0,478090
0,512104
0,533259
0,556028
0,567630
0,570850
0,552747
0,543855
0,529303
0,512967
0,485521
0,465591
0,449677
0,458171
0,490105
0,505791
0,488414
0,471419
0,408661
0,361679
0,359078
0,329477
0,350610
0,357943
0,375679
0,373313
0,387782
0,392102
0,375038
0,350021
0,340642
0,340338
0,357864
0,362928
0,374821
0,375559
0,369730
0,385182
0,411743
0,431213
0,460384
0,466457
0,450268
0,441194
0,410254
0,381037
0,388113
0,418960
0,430399
0,411611
0,391228
0,363451
0,313813
0,291156
0,272670
0,260604
0,253026
0,236806
0,218507
0,196511
0,170157
0,159878
0,153844
0,154662
0,166262
0,166103
0,158393
0,150498
0,125924
0,104498
0,093565
0,097883
0,112639
0,120262
0,120350
0,130143
0,124270
0,119304
0,121072
0,128807
0,138481
0,141846
0,152699
0,160862
0,157860
0,154560
0,156987
0,162045
0,163024
0,170086
0,165096
0,148689
0,133857
0,123700
0,120693
0,130159
0,143922
0,149849
0,153295
0,171541
0,171808
0,187758
0,212854
0,231223
0,239291
0,261226
0,285887
0,305099
0,277223
0,255867
0,262031
0,274072
0,278137
0,278671
0,284749
0,279264
0,263476
0,268143
0,292775
0,323176
0,351048
0,351418
0,349765
0,347440
0,336919
0,319351
0,317221
0,316136
0,311853
0,304049
0,300887
0,293076
0,253012
0,185911
0,157827
0,144613
0,152190
0,165104
0,168569
0,156947
0,151247
0,151363
0,180821
0,202960
0,195855
0,182183
0,183134
0,180981
0,159231
0,138824
0,130232
0,114254
0,109905
0,099135
0,090413
0,070507
0,048828
0,031849
0,020942
0,013872
0,006236
0,005482
0,007025
0,010522
0,015049
0,021615
0,038913
0,069428
0,104506
0,138843
0,174803
0,203743
0,201232
0,203716
0,203906
0,194235
0,178106
0,159694
0,148058
0,125148
0,105411
0,087974
0,088224
0,095574
0,107901
0,118114
0,129806
0,143476
0,144613
0,129351
0,129563
0,146370
0,172705
0,190136
0,204423
0,219906
0,211470
0,203733
0,203235
0,198787
0,196515
0,189694
0,168410
0,143597
0,135495
0,137323
0,142389
0,125046
0,115788
0,111403
0,110339
0,111358
0,089058
0,070764
0,068573
0,075706
0,076069
0,076564
0,077421
0,071831
0,062033
0,056002
0,043952
0,035721
0,029689
0,025728
0,028281
0,031386
0,029206
0,026449
0,029815
0,034599
0,038273
0,053347
0,060497
0,071735
0,084883
0,092182
0,111138
0,144450
0,162277
0,170121
0,166765
0,176774
0,172692
0,167457
0,160408
0,158138
0,164222
0,161934
0,161757
0,155831
0,142464
0,152149
0,166860
0,179020
0,165921
0,155897
0,163948
0,181988
0,192921
0,199160
0,173317
0,161626
0,159764
0,151569
0,143697
0,140345
0,130391
0,124916
0,129413
0,132179
0,132788
0,135864
0,134272
0,139599
0,140186
0,133934
0,132019
0,133446
0,150180
0,161656
0,172688
0,179860
0,179474
0,177138
0,177979
0,186406
0,193462
0,186751
0,175127
0,170987
0,169452
0,171604
0,173860
0,177993
0,179155
0,188553
0,193302
0,194463
0,201287
0,207042
0,216425
0,229147
0,244385
0,251302
0,258869
0,265494
0,268956
0,269897
0,297199
0,323019
0,351980
0,365033
0,359996
0,362598
0,358359
0,348558
0,337485
0,336249
0,338057
0,338411
0,343845
0,345132
0,320668
0,321401
0,343320
0,354446
0,354793
0,352554
0,357011
0,354361
0,335180
0,312636
0,337587
0,355594
0,358322
0,362682
0,331126
0,316281
0,302694
0,284314
0,271653
0,254450
0,242915
0,234757
0,219811
0,203239
0,164562
0,118982
0,100215
0,095879
0,106017
0,121671
0,138328
0,139084
0,138544
0,142346
0,169084
0,212557
0,239224
0,247777
0,239839
0,224493
0,205773
0,192574
0,169551
0,161060
0,152365
0,138910
0,134487
0,116997
0,086141
0,059909
0,057917
0,060482
0,067872
0,073083
0,076710
0,080425
0,087031
0,091419
0,113396
0,137804
0,147843
0,147346
0,135219
0,117851
0,101540
0,089550
0,080918
0,079266
0,082225
0,078613
0,074644
0,069676
0,046227
0,024755
0,028907
0,030596
0,024872
0,019429
0,015490
0,014085
0,017176
0,023948
0,035385
0,046822
0,051981
0,046717
0,042205
0,040715
0,031147
0,029825
0,028279
0,025697
0,025985
0,024313
0,020646
0,014954
0,012079
0,012402
0,010995
0,011238
0,013640
0,016829
0,020315
0,025665
0,029842
0,034976
0,039315
0,050239
0,065547
0,080141
0,091393
0,108776
0,103410
0,099202
0,101736
0,098882
0,102032
0,098093
0,088211
0,080384
0,074172
0,069940
0,076765
0,097761
0,118984
0,127310
0,136313
0,154663
0,181092
0,212059
0,243362
0,275056
0,301149
0,321890
0,335712
0,364055
0,362191
0,351338
0,319515
0,291162
0,253458
0,228160
0,213494
0,186787
0,188598
0,192572
0,145834
0,097346
0,070992
0,054289
0,045419
0,039651
0,035697
0,033285
0,030532
0,043973
0,061659
0,076352
0,088965
0,099883
0,105407
0,103211
0,095537
0,088361
0,083239
0,083456
0,086700
0,082182
0,058446
0,047580
0,057428
0,064674
0,077309
0,083539
0,090163
0,090161
0,082032
0,064232
0,052607
0,044808
0,041642
0,040492
0,041630
0,044081
0,036828
0,031615
0,027562
0,025809
0,023536
0,021677
0,023160
0,025721
0,018589
0,013061
0,013441
0,013196
0,013307
0,012934
0,012523
0,011236
0,009891
0,010650
0,014908
0,022151
0,034649
0,042178
0,049113
0,057461
0,069377
0,076462
0,081109
0,089360
0,103450
0,110502
0,118022
0,135538
0,124305
0,115055
0,121771
0,132273
0,144258
0,148857
0,153139
0,151250
0,148942
0,154241
0,170209
0,186697
0,200171
0,210649
0,206762
0,204242
0,201513
0,198627
0,192168
0,175478
0,151181
0,129639
0,112155
0,094880
0,082718
0,083625
0,087333
0,091779
0,101329
0,102276
0,102436
0,110116
0,110792
0,101672
0,111592
0,112490
0,134896
0,151405
0,162849
0,166831
0,156755
0,157496
0,166341
0,162730
0,172609
0,179136
0,177048
0,174365
0,184772
0,214624
0,252562
0,275140
0,301028
0,327894
0,338982
0,340955
0,322135
0,268875
0,235385
0,232405
0,228096
0,210371
0,191007
0,173808
0,153907
0,137494
0,120862
0,113117
0,096350
0,075832
0,065799
0,058779
0,057238
0,070532
0,117673
0,162277
0,192305
0,214813
0,236805
0,259395
0,276262
0,286241
0,329555
0,379273
0,401767
0,420320
0,430015
0,456295
0,456280
0,466065
0,459725
0,501383
0,543041
0,550715
0,538122
0,535747
0,542218
0,551245
0,539927
0,524545
0,497136
0,462802
0,438169
0,402903
0,399207
0,430230
0,504721
0,585477
0,657153
0,688535
0,702711
0,692805
0,689230
0,674660
0,666742
0,659746
0,649129
0,668553
0,671214
0,693094
0,703542
0,696584
0,696525
0,696555
0,705521
0,714757
0,715111
0,715469
0,704224
0,681843
0,608547
0,525208
0,471991
0,455197
0,453322
0,445518
0,464919
0,480435
0,491945
0,523466
0,549257
0,613991
0,663468
0,699734
0,703502
0,704982
0,692074
0,684449
0,679926
0,679210
0,642164
0,637507
0,629632
0,650099
0,678786
0,694474
0,685445
0,659864
0,662482
0,640835
0,631424
0,613533
0,602463
0,601355
0,594559
0,591096
0,587191
0,611297
0,651836
0,669880
0,678230
0,661391
0,666399
0,662141
0,659160
0,644914
0,630383
0,604314
0,558953
0,507795
0,469881
0,452446
0,465021
0,448081
0,446238
0,444741
0,430637
0,397180
0,364185
0,352767
0,345196
0,327669
0,350262
0,393752
0,435562
0,474017
0,524783
0,565794
0,585458
0,601056
0,569660
0,541449
0,468106
0,394027
0,360303
0,363219
0,359475
0,341709
0,333719
0,308478
0,282657
0,259531
0,227564
0,204932
0,185129
0,166709
0,179810
0,203272
0,198396
0,182531
0,174350
0,167513
0,157408
0,148241
0,132944
0,115795
0,091666
0,085344
0,090600
0,095458
0,091540
0,080355
0,072970
0,066729
0,063562
0,060713
0,061927
0,060166
0,058798
0,047173
0,036623
0,046494
0,064016
0,078459
0,089588
0,104310
0,128059
0,135012
0,144205
0,155790
0,133062
0,119531
0,125013
0,119181
0,115021
0,105771
0,097031
0,089530
0,085960
0,080195
0,072579
0,067503
0,063622
0,046614
0,022045
0,023420
0,046367
0,060934
0,071649
0,081306
0,095407
0,106430
0,105803
0,102111
0,085002
0,082209
0,085299
0,083450
0,083963
0,080345
0,073181
0,069435
0,068234
0,071599
0,076511
0,080297
0,082635
0,067698
0,061249
0,074218
0,093208
0,115491
0,123849
0,115110
0,109783
0,105617
0,102215
0,087267
0,070207
0,062911
0,064338
0,061161
0,051231
0,041015
0,028852
0,022887
0,029560
0,050118
0,070334
0,096764
0,122773
0,130066
0,101272
0,089165
0,127484
0,190268
0,226730
0,261279
0,274845
0,273304
0,268869
0,241680
0,206770
0,183342
0,173473
0,172128
0,177540
0,171568
0,159197
0,148739
0,148877
0,143417
0,137786
0,137486
0,124251
0,124229
0,123554
0,118240
0,113841
0,101879
0,085864
0,069517
0,061197
0,050422
0,041277
0,032069
0,022446
0,021115
0,019263
0,018575
0,019812
0,020743
0,023395
0,028119
0,036456
0,044658
0,053180
0,056714
0,060455
0,051022
0,032169
0,026267
0,022846
0,016424
0,010689
0,007062
0,005499
0,004994
0,004585
0,004719
0,006754
0,012869
0,018163
0,022460
0,024412
0,023989
0,023775
0,021757
0,018543
0,017130
0,014300
0,014416
0,018561
0,021524
0,012951
0,008437
0,009214
0,009957
0,012036
0,013883
0,015120
0,016788
0,019400
0,026976
0,037948
0,061355
0,097531
0,133078
0,162266
0,169378
0,171520
0,177753
0,193588
0,199650
0,217635
0,241400
0,250520
0,240536
0,209481
0,231880
0,292092
0,371885
0,440811
0,480001
0,511072
0,520780
0,527382
0,495981
0,541532
0,488991
0,463902
0,429411
0,432374
0,405367
0,374358
0,332735
0,289449
0,248731
0,219702
0,212835
0,208840
0,189912
0,177497
0,197220
0,235066
0,273204
0,285238
0,291925
0,298702
0,304042
0,305050
0,302765
0,261256
0,274734
0,361417
0,591621
0,556954
0,610659
0,619573
0,619052
0,583116
0,529771
0,487875
0,458141
0,414626
0,385653
0,385783
0,365887
0,357329
0,366362
0,375088
0,393887
0,407453
0,393146
0,359513
0,309479
0,235180
0,177450
0,153035
0,138645
0,125472
0,109954
0,100891
0,099408
0,109817
0,132977
0,152262
0,171368
0,183976
0,168857
0,149577
0,176558
0,224029
0,269257
0,305952
0,333789
0,346155
0,349964
0,328229
0,286192
0,247944
0,235369
0,236814
0,246896
0,250479
0,234351
0,231276
0,229421
0,222651
0,217453
0,210425
0,209489
0,210235
0,186438
0,171211
0,211951
0,302409
0,381715
0,417529
0,455815
0,491108
0,498952
0,485781
0,450442
0,354410
0,304990
0,285520
0,277758
0,256866
0,216291
0,185858
0,153015
0,132608
0,122415
0,111386
0,105351
0,098197
0,099756
0,120063
0,122486
0,125708
0,142402
0,154582
0,165540
0,176034
0,184748
0,185736
0,176840
0,153806
0,133790
0,130202
0,125035
0,123048
0,111856
0,110195
0,110915
0,107280
0,102081
0,107187
0,112420
0,105381
0,095102
0,108597
0,116114
0,119171
0,127389
0,144696
0,172349
0,206776
0,226723
0,249487
0,258693
0,227471
0,193015
0,197852
0,198881
0,194475
0,179100
0,158655
0,139415
0,125384
0,119258
0,108982
0,103184
0,078732
0,047473
0,041924
0,065149
0,082271
0,083943
0,080655
0,087506
0,096586
0,099815
0,095283
0,092362
0,082545
0,077696
0,080032
0,075090
0,086760
0,077854
0,073934
0,067624
0,064889
0,060674
0,049679
0,038694
0,026935
0,015043
0,011362
0,022043
0,027888
0,026728
0,024778
0,026412
0,030929
0,038487
0,042678
0,048654
0,053776
0,064933
0,083925
0,096621
0,103468
0,106245
0,107224
0,101155
0,100837
0,105004
0,111476
0,120638
0,112251
0,072324
0,056795
0,069823
0,085025
0,103915
0,125921
0,143575
0,153370
0,162083
0,164712
0,155872
0,133058
0,132938
0,142285
0,137786
0,128394
0,109039
0,093101
0,081576
0,084072
0,111727
0,151227
0,180426
0,197054
0,155102
0,142336
0,175782
0,221891
0,271167
0,300590
0,319558
0,352675
0,360169
0,351007
0,324736
0,297034
0,277810
0,274787
0,271069
0,272230
0,250097
0,240567
0,241696
0,234290
0,226335
0,217139
0,204019
0,180496
0,152822
0,134088
0,118969
0,100911
0,085359
0,077947
0,070776
0,071409
0,069072
0,058852
0,049390
0,044813
0,045621
0,050016
0,055475
0,065186
0,064224
0,068054
0,073856
0,077121
0,074064
0,072607
0,071169
0,064321
0,045415
0,034136
0,033959
0,032511
0,033507
0,039367
0,040206
0,047253
0,044622
0,042444
0,040329
0,035102
0,039961
0,052228
0,053749
0,048285
0,042419
0,037523
0,032674
0,028464
0,026615
0,026856
0,031047
0,034065
0,029916
0,019041
0,024821
0,038542
0,057627
0,078886
0,093324
0,101906
0,097110
0,084183
0,068915
0,047816
0,042845
0,052306
0,068627
0,095770
0,120014
0,150032
0,172911
0,181806
0,183085
0,186689
0,175759
0,169024
0,148164
0,125433
0,116369
0,123814
0,144963
0,175470
0,200854
0,215696
0,207740
0,198334
0,176071
0,146315
0,128343
0,132492
0,132829
0,141392
0,139955
0,132798
0,123320
0,113000
0,098358
0,088356
0,077547
0,065298
0,057611
0,058712
0,067518
0,083844
0,099127
0,104778
0,106408
0,096729
0,077630
0,058324
0,044835
0,039540
0,032392
0,034929
0,032803
0,034091
0,037023
0,041788
0,050611
0,061151
0,073797
0,084588
0,096644
0,096902
0,098023
0,100568
0,109473
0,115686
0,126709
0,140356
0,163636
0,190550
0,215700
0,224621
0,213061
0,195807
0,172608
0,162855
0,149730
0,148412
0,142087
0,136668
0,118358
0,098311
0,083098
0,075153
0,071658
0,077344
0,073861
0,081690
0,094804
0,097792
0,105334
0,130194
0,158664
0,183728
0,222240
0,218257
0,210554
0,216424
0,203901
0,171309
0,173119
0,188403
0,183219
0,187874
0,184276
0,182589
0,181576
0,185776
0,185766
0,153492
0,116480
0,118775
0,139938
0,159365
0,157621
0,147080
0,136816
0,130482
0,131645
0,129454
0,114907
0,098975
0,104541
0,151773
0,192958
0,217306
0,221320
0,214774
0,207431
0,180579
0,163068
0,157343
0,142120
0,115260
0,099961
0,111393
0,134767
0,174129
0,190050
0,201405
0,197586
0,191166
0,182809
0,159062
0,140467
0,136912
0,135602
0,125873
0,106571
0,099211
0,098072
0,104973
0,110330
0,112697
0,108140
0,096386
0,083684
0,061898
0,048910
0,049037
0,051535
0,055659
0,061342
0,065665
0,065256
0,064295
0,061659
0,058075
0,050941
0,046496
0,048166
0,050421
0,046292
0,044604
0,039552
0,036529
0,031994
0,030118
0,028902
0,026284
0,023401
0,016673
0,012850
0,021675
0,027377
0,031630
0,035800
0,040873
0,040179
0,036713
0,029142
0,024229
0,020358
0,019103
0,025372
0,040865
0,062676
0,080045
0,090460
0,106788
0,118330
0,137192
0,148903
0,163363
0,170137
0,152827
0,121467
0,113886
0,144935
0,188479
0,232064
0,265880
0,276825
0,281890
0,281765
0,277046
0,267077
0,253352
0,257675
0,276435
0,285574
0,297913
0,287910
0,289977
0,295665
0,300825
0,277374
0,258475
0,247317
0,224602
0,223443
0,236896
0,235838
0,227363
0,217933
0,203392
0,171487
0,130339
0,087363
0,049076
0,027382
0,021303
0,037199
0,082432
0,156198
0,229819
0,288123
0,340740
0,359866
0,364924
0,376302
0,404150
0,408895
0,393738
0,360282
0,353485
0,343178
0,353524
0,368523
0,374260
0,382047
0,411366
0,452243
0,497124
0,515179
0,485570
0,409188
0,339594
0,271090
0,240118
0,201346
0,196830
0,193125
0,185003
0,182525
0,184865
0,180227
0,162916
0,157723
0,195315
0,252539
0,300709
0,339602
0,368808
0,385321
0,398642
0,405940
0,381360
0,366459
0,320999
0,303546
0,332890
0,360515
0,355820
0,356710
0,367526
0,384200
0,396577
0,397654
0,401971
0,394544
0,370115
0,382191
0,397649
0,388462
0,367700
0,346127
0,319419
0,291736
0,261678
0,236639
0,207712
0,161245
0,107999
0,065307
0,045147
0,035030
0,029615
0,024255
0,026534
0,032947
0,039200
0,047119
0,047415
0,049870
0,045440
0,027611
0,016352
0,016169
0,016817
0,015245
0,013963
0,013976
0,014578
0,017402
0,024015
0,035329
0,049258
0,067146
0,103473
0,125412
0,134417
0,138458
0,147058
0,153417
0,162124
0,173748
0,182263
0,194975
0,189396
0,192121
0,211402
0,240305
0,285243
0,336729
0,357887
0,375613
0,392422
0,386741
0,359244
0,341694
0,303909
0,292752
0,304862
0,329749
0,334766
0,367710
0,380930
0,394170
0,404433
0,399280
0,401951
0,383144
0,375930
0,379725
0,378733
0,349916
0,321780
0,287060
0,249294
0,216940
0,183307
0,151206
0,124820
0,095087
0,062101
0,045588
0,054863
0,077192
0,106552
0,131071
0,143470
0,151237
0,160648
0,171337
0,191179
0,195955
0,176972
0,144932
0,125933
0,122953
0,131511
0,144081
0,170420
0,178285
0,181711
0,175982
0,155944
0,136112
0,118805
0,121713
0,144901
0,158747
0,173062
0,167637
0,158114
0,149627
0,155699
0,165034
0,173556
0,175031
0,149329
0,112002
0,092008
0,097502
0,134049
0,215019
0,317808
0,393510
0,419541
0,444764
0,469241
0,488940
0,472710
0,415261
0,350604
0,301260
0,262696
0,235890
0,231529
0,240613
0,242655
0,245518
0,251695
0,248397
0,220357
0,214323
0,234495
0,266869
0,289565
0,291800
0,276815
0,265826
0,237756
0,206736
0,179231
0,159019
0,144811
0,139441
0,141414
0,139012
0,144582
0,125031
0,118350
0,118462
0,118817
0,115465
0,113409
0,106387
0,095172
0,093278
0,091675
0,082888
0,074817
0,067462
0,063546
0,058448
0,051134
0,045001
0,041006
0,034057
0,030473
0,032294
0,039311
0,048118
0,056069
0,058499
0,060386
0,060075
0,059009
0,061909
0,064608
0,056518
0,042388
0,031765
0,026444
0,026007
0,031142
0,038773
0,047303
0,054830
0,059252
0,066550
0,071925
0,072652
0,068427
0,065174
0,071958
0,069969
0,058773
0,052731
0,053317
0,055952
0,059130
0,060976
0,069587
0,077108
0,074634
0,081683
0,105779
0,139207
0,161038
0,185824
0,212457
0,239880
0,254560
0,272161
0,292591
0,311333
0,300302
0,302181
0,281927
0,274875
0,279300
0,273153
0,269639
0,263529
0,260067
0,247675
0,226224
0,198834
0,177972
0,196632
0,235455
0,269556
0,292921
0,307431
0,315351
0,312394
0,313015
0,294206
0,286283
0,256638
0,195709
0,142084
0,127907
0,122789
0,114434
0,110200
0,102834
0,095629
0,088651
0,080386
0,073899
0,071674
0,065381
0,055439
0,057849
0,090334
0,120495
0,149483
0,169517
0,187315
0,211127
0,213939
0,202777
0,184442
0,176211
0,189815
0,221306
0,249551
0,252380
0,247038
0,223230
0,217359
0,218691
0,211538
0,204456
0,209431
0,197787
0,220315
0,285996
0,330149
0,353885
0,362674
0,355450
0,359705
0,334432
0,314385
0,275890
0,236583
0,179900
0,124116
0,110232
0,109085
0,112084
0,107773
0,108733
0,107932
0,103955
0,101091
0,101667
0,093874
0,074520
0,068933
0,067352
0,071648
0,073925
0,080400
0,083413
0,094547
0,096327
0,092440
0,087080
0,075373
0,074214
0,062612
0,063879
0,070373
0,087688
0,091334
0,094717
0,094624
0,089883
0,084420
0,080371
0,071394
0,049876
0,037389
0,047528
0,060184
0,071323
0,080062
0,086097
0,086171
0,089639
0,084870
0,079856
0,066340
0,048047
0,033017
0,029956
0,033501
0,040703
0,041583
0,036441
0,033167
0,030429
0,029531
0,029617
0,028352
0,025176
0,019058
0,024708
0,029898
0,034520
0,035361
0,038894
0,039804
0,040756
0,037929
0,034103
0,030268
0,025010
0,021853
0,025414
0,029329
0,044747
0,043580
0,039541
0,036473
0,032622
0,034704
0,037369
0,043268
0,045381
0,043938
0,042771
0,046852
0,052229
0,061922
0,071718
0,085410
0,097843
0,110961
0,107737
0,102833
0,090330
0,078530
0,076760
0,074460
0,069411
0,057780
0,047819
0,040610
0,033403
0,026798
0,021065
0,013494
0,006683
0,004312
0,003242
0,002513
0,002458
0,001529
0,002615
0,003994
0,006547
0,008823
0,010201
0,007069
0,007360
0,005231
0,007762
0,013474
0,027704
0,032415
0,035312
0,036376
0,037442
0,041595
0,043663
0,043673
0,041284
0,034086
0,035819
0,043903
0,052188
0,061785
0,082579
0,093695
0,103421
0,110694
0,105533
0,103104
0,093830
0,080402
0,079401
0,082580
0,093075
0,077580
0,080154
0,083453
0,090587
0,086743
0,074817
0,060913
0,051644
0,057956
0,073426
0,088529
0,096455
0,109994
0,128905
0,141009
0,151632
0,168020
0,173571
0,175140
0,162721
0,141890
0,148024
0,155470
0,169292
0,148393
0,155836
0,171934
0,178915
0,167370
0,148065
0,125621
0,115826
0,116589
0,125320
0,124987
0,123965
0,127089
0,128135
0,129782
0,121990
0,103016
0,082069
0,063481
0,044011
0,037052
0,054210
0,086411
0,124916
0,142778
0,155177
0,168688
0,182091
0,207571
0,236946
0,261388
0,255617
0,248094
0,277751
0,309567
0,322677
0,336298
0,342745
0,344298
0,336377
0,348202
0,329639
0,285431
0,224191
0,161745
0,126293
0,102094
0,098812
0,083952
0,081073
0,082958
0,084515
0,084431
0,083027
0,074329
0,052823
0,046967
0,062856
0,086414
0,109057
0,136641
0,148471
0,168889
0,172710
0,179159
0,182555
0,190257
0,178343
0,183487
0,226522
0,264897
0,297179
0,324183
0,337633
0,335080
0,322400
0,305574
0,281143
0,268539
0,241325
0,255775
0,294474
0,306850
0,320756
0,336349
0,352071
0,345250
0,350170
0,361398
0,324251
0,292524
0,240137
0,180522
0,153795
0,152374
0,173101
0,162856
0,158917
0,160947
0,166616
0,177258
0,183939
0,173443
0,143669
0,115438
0,122386
0,152631
0,199666
0,247092
0,284335
0,309706
0,322442
0,341097
0,346528
0,355709
0,348578
0,331480
0,341588
0,360442
0,385528
0,375783
0,367248
0,340680
0,312786
0,281958
0,241509
0,200598
0,162888
0,148589
0,141027
0,122461
0,103618
0,088381
0,071894
0,059068
0,053122
0,050899
0,043219
0,040069
0,030037
0,028215
0,042535
0,071210
0,121260
0,156395
0,192421
0,217505
0,231210
0,244825
0,279016
0,321502
0,373629
0,426846
0,489897
0,524531
0,544338
0,569300
0,578366
0,587879
0,589914
0,594051
0,587581
0,553129
0,510376
0,450725
0,443297
0,434945
0,460650
0,459927
0,454126
0,439502
0,415771
0,387164
0,374804
0,348837
0,319579
0,333352
0,372508
0,394877
0,406372
0,411163
0,407954
0,398511
0,394579
0,367226
0,330502
0,281060
0,233834
0,162034
0,118651
0,102742
0,092849
0,077414
0,063445
0,054084
0,050097
0,047662
0,042091
0,034874
0,020777
0,010824
0,006586
0,005112
0,005849
0,006297
0,007474
0,008266
0,010544
0,014001
0,018144
0,024839
0,036839
0,054107
0,092789
0,145035
0,189588
0,214333
0,220912
0,221050
0,218812
0,226021
0,230234
0,199726
0,136323
0,089384
0,076366
0,072553
0,078851
0,088264
0,087832
0,085496
0,075503
0,070651
0,075297
0,080902
0,085959
0,111286
0,174664
0,229480
0,251848
0,250677
0,250287
0,234050
0,223098
0,208111
0,201294
0,197648
0,165334
0,137682
0,130756
0,127885
0,135723
0,172477
0,183443
0,190795
0,185425
0,188767
0,184955
0,174193
0,159623
0,136185
0,120071
0,120517
0,140515
0,134164
0,124855
0,107146
0,100561
0,099500
0,093566
0,086389
0,070166
0,059229
0,054517
0,057293
0,065423
0,069085
0,076707
0,084772
0,084941
0,086873
0,093335
0,100990
0,110162
0,108913
0,115722
0,128037
0,141230
0,138587
0,141167
0,140221
0,142086
0,139239
0,132402
0,113771
0,090404
0,095341
0,105249
0,112434
0,115483
0,118371
0,121454
0,139421
0,158896
0,175176
0,188615
0,197093
0,196993
0,184168
0,163981
0,162627
0,172518
0,160157
0,151565
0,141544
0,136803
0,129255
0,124562
0,109815
0,085874
0,084267
0,083486
0,082241
0,085420
0,091237
0,096987
0,093082
0,092151
0,090153
0,092954
0,091716
0,092482
0,088671
0,086688
0,096523
0,103739
0,097084
0,094675
0,090818
0,087652
0,084241
0,083415
0,074943
0,053091
0,047202
0,050922
0,057053
0,063090
0,065503
0,066004
0,065495
0,071123
0,077861
0,081659
0,089073
0,093939
0,085673
0,091518
0,105857
0,114360
0,109094
0,097166
0,089454
0,085907
0,079140
0,073891
0,062137
0,039437
0,026511
0,026463
0,031817
0,035637
0,034603
0,034441
0,035001
0,035943
0,039555
0,042888
0,046458
0,051343
0,056140
0,072292
0,087345
0,093964
0,092385
0,090486
0,087363
0,084680
0,085449
0,086051
0,077746
0,055270
0,027248
0,019548
0,017522
0,015386
0,014060
0,015404
0,017790
0,020365
0,024490
0,034024
0,041854
0,044415
0,053185
0,060320
0,080745
0,095948
0,095222
0,096323
0,099245
0,094356
0,090675
0,089459
0,080526
0,065997
0,056657
0,049268
0,050216
0,075357
0,099883
0,126667
0,165535
0,181826
0,200545
0,207321
0,218943
0,208710
0,171960
0,164756
0,157620
0,170254
0,168868
0,164590
0,157977
0,157959
0,149744
0,144072
0,125593
0,102907
0,096258
0,100228
0,090940
0,080765
0,068838
0,059141
0,052702
0,057056
0,063246
0,069270
0,084258
0,103753
0,114328
0,123205
0,125794
0,134238
0,124138
0,125150
0,128005
0,123444
0,114862
0,108902
0,097583
0,090496
0,087489
0,082304
0,071574
0,075776
0,085307
0,094140
0,103227
0,110929
0,113144
0,120278
0,125706
0,122521
0,111177
0,099860
0,102995
0,103694
0,089809
0,076836
0,065573
0,066688
0,065173
0,057786
0,046121
0,034598
0,037573
0,052276
0,068534
0,080073
0,093379
0,101089
0,108654
0,118129
0,125748
0,125630
0,123577
0,119796
0,097253
0,076872
0,076687
0,082536
0,083759
0,083461
0,081307
0,076097
0,070649
0,069216
0,067327
0,052238
0,054709
0,073060
0,081169
0,085462
0,089654
0,104590
0,122720
0,139155
0,151474
0,162481
0,151198
0,138133
0,127300
0,134024
0,137719
0,155372
0,152547
0,153246
0,150897
0,157455
0,155320
0,152732
0,145668
0,143210
0,137006
0,155567
0,177611
0,196135
0,212558
0,236414
0,260576
0,285582
0,294964
0,285179
0,273251
0,244222
0,230576
0,211781
0,196238
0,202078
0,189883
0,188756
0,187254
0,182520
0,181515
0,180215
0,174761
0,179047
0,200164
0,214787
0,221862
0,230534
0,241692
0,257252
0,265333
0,262051
0,251191
0,247606
0,221633
0,193595
0,173456
0,168235
0,157539
0,165409
0,155675
0,147248
0,143388
0,144118
0,138128
0,135139
0,120652
0,110043
0,114686
0,121072
0,133619
0,145709
0,157235
0,166431
0,168010
0,173686
0,181857
0,171656
0,150042
0,126372
0,099032
0,081488
0,076706
0,078249
0,079961
0,079503
0,075181
0,071058
0,067074
0,061779
0,051161
0,039309
0,034919
0,043510
0,048550
0,053311
0,056188
0,061404
0,064819
0,070198
0,073974
0,074426
0,069514
0,069694
0,079871
0,092743
0,106744
0,130764
0,136393
0,137863
0,146110
0,137560
0,129645
0,128694
0,121244
0,103084
0,092308
0,096350
0,111698
0,142612
0,160076
0,167657
0,174670
0,164647
0,143471
0,124662
0,108891
0,104679
0,090240
0,085417
0,084049
0,089228
0,093938
0,104480
0,114847
0,117435
0,125954
0,133579
0,135612
0,133745
0,151295
0,163091
0,180191
0,192013
0,205362
0,212632
0,218589
0,216304
0,226162
0,229796
0,224331
0,217889
0,215628
0,216874
0,240579
0,270903
0,265646
0,258552
0,243564
0,228396
0,221267
0,217529
0,208707
0,202754
0,200579
0,203763
0,208803
0,207913
0,193777
0,182093
0,168260
0,153217
0,139730
0,126022
0,106665
0,097625
0,084249
0,094164
0,108629
0,120410
0,127897
0,127565
0,122449
0,116805
0,105886
0,094630
0,078817
0,057160
0,034252
0,025708
0,026985
0,033020
0,034210
0,034487
0,035047
0,036391
0,031737
0,030974
0,025333
0,017330
0,012201
0,012579
0,014751
0,015715
0,017807
0,021572
0,023940
0,025691
0,025169
0,026954
0,027791
0,026299
0,018312
0,013869
0,018361
0,026359
0,034665
0,037743
0,042327
0,043413
0,037520
0,033949
0,026059
0,020553
0,017804
0,019756
0,025716
0,041527
0,056317
0,073976
0,087313
0,098702
0,102907
0,114155
0,120176
0,117588
0,113531
0,110594
0,118376
0,136496
0,160854
0,204458
0,233412
0,244602
0,257277
0,256562
0,249844
0,236436
0,204069
0,183840
0,175336
0,169487
0,169108
0,165194
0,152228
0,139919
0,122871
0,103755
0,085609
0,063917
0,061325
0,050230
0,041098
0,042938
0,045838
0,043891
0,043246
0,041130
0,041427
0,032788
0,042294
0,034729
0,024604
0,028574
0,036207
0,051727
0,050643
0,052719
0,049463
0,049153
0,052392
0,050466
0,045486
0,036883
0,027284
0,020964
0,023019
0,027197
0,033842
0,044794
0,060238
0,067368
0,073442
0,071193
0,068655
0,061815
0,056876
0,059545
0,063619
0,061451
0,057566
0,049935
0,044909
0,043429
0,042709
0,040814
0,035912
0,024085
0,014353
0,009019
0,011276
0,013118
0,016448
0,018464
0,021426
0,026097
0,029702
0,032198
0,036376
0,041409
0,049089
0,070324
0,103255
0,131240
0,142773
0,147235
0,149902
0,147872
0,146435
0,140039
0,123029
0,086496
0,063512
0,059068
0,063417
0,082283
0,102058
0,114302
0,115799
0,119877
0,126398
0,138065
0,147188
0,151850
0,162988
0,211607
0,265774
0,304922
0,301707
0,293999
0,288111
0,280050
0,269437
0,251661
0,226513
0,178322
0,141299
0,137254
0,154938
0,175721
0,186133
0,184190
0,183219
0,187842
0,181729
0,169107
0,161446
0,160701
0,186489
0,215008
0,263512
0,275726
0,271788
0,257101
0,222703
0,187272
0,152893
0,124304
0,104064
0,073917
0,037548
0,034284
0,032703
0,033644
0,036966
0,036049
0,030984
0,027424
0,022440
0,019554
0,027099
0,037974
0,040400
0,054761
0,077237
0,085166
0,092342
0,093517
0,093820
0,101931
0,100942
0,101939
0,101080
0,084279
0,061955
0,047929
0,046701
0,044718
0,049627
0,048842
0,058302
0,058241
0,057668
0,068716
0,086070
0,089860
0,092924
0,117897
0,122146
0,134085
0,113747
0,088863
0,057782
0,047941
0,039489
0,045243
0,034128
0,021486
0,017147
0,011460
0,009877
0,017181
0,032298
0,047963
0,053262
0,065131
0,072484
0,114611
0,135920
0,140826
0,152474
0,209822
0,220479
0,241638
0,234605
0,203086
0,194458
0,207883
0,227145
0,227797
0,225903
0,224850
0,219673
0,225070
0,236295
0,241070
0,247072
0,239390
0,215148
0,189753
0,162818
0,132440
0,098843
0,067076
0,043067
0,030728
0,024230
0,030047
0,024698
0,026236
0,034589
0,037575
0,044679
0,056146
0,071500
0,064184
0,043186
0,038815
0,042764
0,045606
0,056338
0,068593
0,080197
0,088231
0,094644
0,113346
0,132591
0,166406
0,208926
0,222747
0,233829
0,230324
0,240182
0,257510
0,274240
0,278640
0,279901
0,284262
0,281631
0,297045
0,353078
0,410351
0,447882
0,481024
0,496345
0,510274
0,511853
0,518240
0,515239
0,513593
0,492291
0,448044
0,396403
0,363755
0,342051
0,348187
0,338725
0,345566
0,343661
0,340146
0,336468
0,339480
0,348967
0,369044
0,407620
0,424014
0,450391
0,451466
0,461462
0,477026
0,484598
0,490205
0,480259
0,472153
0,473282
0,442634
0,386131
0,342925
0,317359
0,321326
0,297160
0,289966
0,289796
0,288148
0,277210
0,266450
0,263186
0,247858
0,274532
0,297864
0,291842
0,279404
0,279722
0,280799
0,272095
0,247222
0,222283
0,193031
0,162565
0,126628
0,084405
0,061376
0,065159
0,071097
0,075400
0,072844
0,068081
0,061382
0,051655
0,055278
0,054144
0,046796
0,032230
0,022064
0,022111
0,025638
0,027578
0,028676
0,036183
0,040370
0,043692
0,048290
0,048872
0,047696
0,043378
0,044679
0,056396
0,067008
0,076015
0,080744
0,080588
0,076603
0,074218
0,070950
0,076324
0,076372
0,059799
0,058015
0,069892
0,095432
0,112714
0,126279
0,136166
0,155583
0,159580
0,153665
0,156919
0,150004
0,138024
0,131802
0,124868
0,118187
0,114849
0,119604
0,117193
0,109902
0,104697
0,100448
0,095780
0,082828
0,082482
0,091781
0,107289
0,124630
0,139192
0,148955
0,159833
0,157801
0,140514
0,123019
0,112688
0,104425
0,097779
0,093083
0,097675
0,102464
0,103410
0,102275
0,097981
0,097846
0,097032
0,097442
0,095386
0,093477
0,094656
0,099962
0,113154
0,128266
0,144532
0,161758
0,170555
0,176036
0,171090
0,168232
0,144151
0,119302
0,096745
0,083960
0,080520
0,082967
0,082833
0,083979
0,086453
0,085777
0,076061
0,064180
0,051583
0,037007
0,040668
0,044264
0,045703
0,048865
0,055380
0,058766
0,057568
0,048491
0,040363
0,033494
0,030196
0,023967
0,020988
0,025070
0,027820
0,036845
0,043773
0,049950
0,049830
0,045634
0,041397
0,038593
0,037310
0,026675
0,017853
0,015844
0,014626
0,016797
0,018949
0,019617
0,022080
0,024463
0,025263
0,023694
0,025004
0,027194
0,033413
0,046740
0,061444
0,080676
0,099716
0,098916
0,109478
0,120779
0,145929
0,157884
0,156609
0,149355
0,138553
0,145493
0,143422
0,166981
0,191858
0,219465
0,244911
0,258942
0,260591
0,250467
0,226511
0,176992
0,140779
0,137476
0,126703
0,116531
0,092800
0,101960
0,104198
0,126000
0,148080
0,149784
0,138971
0,118960
0,106397
0,120756
0,127282
0,158761
0,193922
0,211003
0,221274
0,223501
0,201425
0,183129
0,151280
0,118998
0,080326
0,060887
0,054612
0,049906
0,050024
0,056628
0,062361
0,068201
0,076806
0,079535
0,080990
0,073978
0,071421
0,082268
0,091169
0,100922
0,110711
0,133622
0,152610
0,164761
0,176250
0,184941
0,186128
0,170786
0,151376
0,159059
0,182298
0,199683
0,211673
0,220055
0,218686
0,199359
0,183733
0,173712
0,149745
0,116107
0,104848
0,120011
0,127129
0,123754
0,117212
0,111532
0,074496
0,089847
0,077142
0,066045
0,054156
0,041803
0,036380
0,041052
0,057143
0,066991
0,101843
0,122485
0,147320
0,157815
0,172621
0,186938
0,205315
0,214283
0,208252
0,229483
0,265533
0,288673
0,309856
0,312531
0,304906
0,280262
0,256028
0,226793
0,187347
0,127004
0,065792
0,042194
0,035613
0,029629
0,024627
0,028660
0,036755
0,045463
0,047436
0,053347
0,057395
0,050021
0,030752
0,028667
0,040223
0,054034
0,064027
0,076581
0,086896
0,092009
0,101650
0,113591
0,125484
0,130134
0,118037
0,117564
0,106540
0,097569
0,087679
0,073789
0,070130
0,068388
0,077293
0,082893
0,076226
0,063367
0,057563
0,060162
0,068999
0,077707
0,091124
0,099254
0,098772
0,096784
0,095594
0,088985
0,078751
0,057355
0,038094
0,031955
0,030360
0,032352
0,032408
0,036514
0,041602
0,044262
0,044728
0,047063
0,047576
0,040779
0,024873
0,022064
0,024813
0,030080
0,033778
0,038791
0,044776
0,052893
0,062100
0,073951
0,092621
0,112633
0,143896
0,212966
0,270052
0,295596
0,298484
0,314094
0,281999
0,276403
0,264294
0,259995
0,265056
0,262272
0,264284
0,304422
0,354154
0,406431
0,446724
0,489581
0,533272
0,568314
0,572671
0,574755
0,586543
0,596451
0,589641
0,600965
0,585387
0,576648
0,550462
0,535838
0,533511
0,502467
0,469839
0,431246
0,385069
0,330201
0,311172
0,299572
0,279984
0,250682
0,218460
0,192312
0,170011
0,140677
0,109501
0,081993
0,057893
0,049139
0,054194
0,065864
0,085449
0,120566
0,149161
0,172847
0,176456
0,179197
0,181161
0,177717
0,184711
0,198756
0,211529
0,226682
0,242870
0,252055
0,271174
0,296349
0,316252
0,334482
0,354838
0,363849
0,351445
0,331074
0,298380
0,303240
0,318653
0,339912
0,357425
0,370457
0,373985
0,371421
0,374866
0,374099
0,385691
0,393955
0,424246
0,464779
0,483907
0,494097
0,503722
0,510252
0,508603
0,503295
0,492116
0,474807
0,432391
0,378728
0,322720
0,301804
0,297105
0,311828
0,311221
0,313352
0,314458
0,307660
0,300743
0,288390
0,280021
0,282040
0,320261
0,348315
0,356307
0,355398
0,352824
0,354026
0,382026
0,421886
0,446922
0,459238
0,452050
0,430938
0,402455
0,403210
0,419309
0,445259
0,450840
0,447866
0,450077
0,441527
0,433508
0,425472
0,414287
0,406450
0,408917
0,422298
0,429628
0,427807
0,425645
0,417461
0,411131
0,402110
0,388910
0,370088
0,351647
0,314777
0,253572
0,236325
0,232765
0,233685
0,222490
0,210330
0,204787
0,199666
0,193280
0,182557
0,165694
0,132120
0,113351
0,119251
0,117870
0,113422
0,110353
0,114457
0,111752
0,100611
0,084100
0,070949
0,056694
0,047034
0,042531
0,063866
0,084292
0,095835
0,095781
0,093721
0,096352
0,104401
0,109112
0,108931
0,107013
0,091979
0,050848
0,032450
0,031365
0,031997
0,030142
0,024930
0,020571
0,017521
0,016832
0,018421
0,022687
0,030821
0,047458
0,074174
0,088972
0,088237
0,072806
0,059840
0,042825
0,031971
0,024083
0,021658
0,023356
0,027018
0,017192
0,011375
0,013947
0,015659
0,014540
0,015029
0,017385
0,018358
0,017077
0,015581
0,017791
0,025118
0,041931
0,078591
0,114134
0,135583
0,139442
0,141004
0,145421
0,142152
0,143725
0,144459
0,148291
0,127414
0,084149
0,067534
0,063275
0,062933
0,069600
0,075273
0,081206
0,086534
0,083758
0,081763
0,068449
0,060129
0,078211
0,120052
0,154461
0,169631
0,180255
0,166638
0,151730
0,155432
0,166910
0,186642
0,183608
0,151619
0,098622
0,066538
0,085022
0,111825
0,140882
0,150989
0,170227
0,180258
0,169274
0,195891
0,221605
0,218393
0,220338
0,199016
0,168318
0,146858
0,112569
0,096816
0,089536
0,084041
0,077951
0,076495
0,070917
0,059713
0,040440
0,034152
0,039892
0,043145
0,038726
0,032800
0,029115
0,024245
0,020762
0,016806
0,014948
0,014332
0,025104
0,054078
0,095003
0,131597
0,146942
0,147957
0,159293
0,164962
0,155236
0,148915
0,141587
0,109847
0,054032
0,025913
0,029147
0,019313
0,023826
0,038110
0,051816
0,060834
0,060532
0,048399
0,035473
0,027802
0,037931
0,063824
0,089119
0,104290
0,094965
0,087756
0,084214
0,079212
0,069066
0,059117
0,055492
0,053349
0,056054
0,040597
0,040980
0,054605
0,062680
0,061632
0,062025
0,059970
0,063674
0,060734
0,057767
0,057087
0,064307
0,091027
0,105328
0,105644
0,113025
0,121196
0,132359
0,134581
0,130273
0,130684
0,121091
0,111622
0,100099
0,095418
0,074832
0,076726
0,072094
0,076321
0,081714
0,101734
0,142731
0,184979
0,206989
0,195839
0,163221
0,141802
0,125744
0,102313
0,087773
0,080775
0,084787
0,081573
0,079885
0,080812
0,080818
0,066522
0,046658
0,035404
0,026749
0,019838
0,019916
0,023897
0,028491
0,033778
0,038713
0,045466
0,058771
0,072157
0,090352
0,122483
0,136987
0,131761
0,113857
0,099436
0,083068
0,079927
0,083827
0,081834
0,074487
0,056890
0,030356
0,016128
0,017026
0,023821
0,034958
0,040784
0,041555
0,040903
0,049554
0,070910
0,093612
0,106123
0,110786
0,123521
0,136799
0,135167
0,129458
0,125290
0,127744
0,115427
0,104970
0,096892
0,073026
0,050572
0,021988
0,008293
0,003947
0,011065
0,021024
0,033139
0,041944
0,057228
0,073601
0,089177
0,101746
0,107720
0,101645
0,113891
0,111011
0,107319
0,101113
0,092273
0,083059
0,074906
0,073886
0,070401
0,064279
0,052872
0,034352
0,027169
0,027147
0,031557
0,038743
0,045969
0,050896
0,057755
0,061869
0,071608
0,082404
0,088179
0,088655
0,106947
0,121971
0,123559
0,116363
0,119931
0,125115
0,125955
0,131901
0,140674
0,148395
0,132721
0,111761
0,106552
0,105092
0,104820
0,118720
0,139735
0,157633
0,175279
0,202729
0,232835
0,255182
0,249175
0,243457
0,259330
0,272286
0,294847
0,319811
0,321390
0,288341
0,259271
0,227971
0,209535
0,202246
0,178030
0,157633
0,142029
0,130663
0,140430
0,141997
0,144591
0,141298
0,130502
0,117311
0,119217
0,124705
0,129205
0,131775
0,139730
0,139079
0,120622
0,112273
0,083120
0,077764
0,078563
0,074892
0,061541
0,057868
0,052591
0,037660
0,029590
0,024110
0,023411
0,029284
0,033789
0,045058
0,049943
0,059278
0,068555
0,054949
0,060007
0,065535
0,066275
0,069624
0,071156
0,057798
0,046838
0,050261
0,053751
0,050211
0,044660
0,046670
0,050291
0,049140
0,051078
0,050243
0,055222
0,062248
0,064961
0,077458
0,090197
0,105758
0,118863
0,128218
0,138151
0,135896
0,123503
0,128125
0,132788
0,135414
0,127879
0,127787
0,122322
0,123042
0,105600
0,102586
0,093240
0,082337
0,078701
0,073131
0,074049
0,084687
0,103590
0,111842
0,122271
0,130085
0,139736
0,143783
0,155549
0,159435
0,163318
0,162347
0,157963
0,151640
0,148091
0,149881
0,148026
0,151829
0,150852
0,143964
0,133806
0,126721
0,117393
0,101711
0,092344
0,085750
0,079781
0,072115
0,066579
0,059601
0,047826
0,044751
0,043903
0,040742
0,034334
0,029757
0,027210
0,027735
0,031453
0,034628
0,036941
0,040013
0,038073
0,029133
0,021729
0,009693
0,004296
0,004699
0,008411
0,015072
0,014618
0,011258
0,012954
0,013874
0,019908
0,020783
0,017582
0,017425
0,019215
0,018588
0,015051
0,011513
0,009741
0,012161
0,017341
0,020841
0,018072
0,014456
0,009060
0,009247
0,004229
0,004188
0,016047
0,021070
0,018582
0,016019
0,015744
0,016636
0,021061
0,027084
0,032615
0,040800
0,054895
0,064408
0,071332
0,069939
0,062580
0,055456
0,050633
0,047484
0,045749
0,043743
0,040380
0,030378
0,017273
0,020099
0,029301
0,036445
0,036981
0,033462
0,025005
0,023155
0,026625
0,029157
0,035305
0,058428
0,094696
0,115487
0,123219
0,117646
0,111794
0,101678
0,089676
0,075244
0,065527
0,061166
0,061407
0,049837
0,026698
0,024989
0,043002
0,075502
0,089696
0,093322
0,097566
0,102970
0,116423
0,126993
0,128554
0,165846
0,220487
0,252226
0,264584
0,257312
0,243575
0,233855
0,221028
0,212507
0,215789
0,224837
0,211944
0,163826
0,139742
0,180027
0,273729
0,344812
0,364552
0,359673
0,349704
0,352048
0,336697
0,305856
0,258866
0,264700
0,299320
0,311236
0,307122
0,291284
0,276953
0,253680
0,220392
0,202078
0,183023
0,168929
0,163758
0,147829
0,131355
0,129044
0,145665
0,153058
0,173994
0,179579
0,196084
0,233760
0,249762
0,271886
0,301998
0,344727
0,372290
0,344402
0,340439
0,340500
0,338751
0,359704
0,375093
0,389594
0,388006
0,411229
0,427942
0,444022
0,464838
0,495045
0,508906
0,505317
0,492038
0,457939
0,408211
0,365368
0,335978
0,269089
0,192552
0,181876
0,211133
0,222530
0,238149
0,258478
0,278736
0,283614
0,292201
0,281335
0,268638
0,257584
0,247167
0,224353
0,202434
0,220324
0,218051
0,244134
0,261468
0,271074
0,270727
0,249033
0,218660
0,181550
0,166657
0,227231
0,294995
0,344124
0,351274
0,330867
0,295360
0,273824
0,272909
0,285737
0,295469
0,290387
0,289579
0,244114
0,217218
0,191721
0,181039
0,168318
0,154609
0,150954
0,138499
0,128069
0,115057
0,108166
0,112345
0,123758
0,145342
0,153895
0,132694
0,111184
0,102112
0,090514
0,081184
0,071247
0,068796
0,069029
0,070743
0,063153
0,062196
0,063374
0,067765
0,068753
0,070144
0,070725
0,066325
0,059153
0,048647
0,037433
0,026147
0,029771
0,035672
0,040074
0,041571
0,038989
0,035704
0,034396
0,032384
0,029771
0,025549
0,028973
0,033260
0,029000
0,017522
0,014315
0,016832
0,019767
0,022498
0,021807
0,018196
0,014282
0,010014
0,006558
0,009806
0,020118
0,033635
0,047002
0,054291
0,057873
0,053663
0,046544
0,045539
0,045288
0,048411
0,052210
0,056717
0,049835
0,033795
0,028954
0,031511
0,031787
0,035932
0,039940
0,040788
0,042139
0,043697
0,041899
0,044989
0,056342
0,070294
0,075423
0,077654
0,074031
0,070300
0,065233
0,055581
0,054330
0,065677
0,064681
0,057087
0,048104
0,044830
0,033987
0,032843
0,041225
0,066251
0,081620
0,098098
0,109969
0,106814
0,098849
0,110172
0,126860
0,143624
0,133773
0,134186
0,140757
0,145771
0,150621
0,155481
0,141163
0,135385
0,139478
0,133795
0,124147
0,120855
0,130783
0,139751
0,157157
0,176541
0,186232
0,221921
0,248662
0,256381
0,238068
0,222114
0,207003
0,214192
0,194416
0,196458
0,197496
0,180572
0,171923
0,174056
0,166791
0,166583
0,165849
0,156212
0,143385
0,152341
0,169714
0,174511
0,166950
0,158397
0,143231
0,128344
0,115048
0,104322
0,084478
0,066609
0,064756
0,071316
0,070180
0,069026
0,082794
0,081128
0,080546
0,075500
0,074914
0,077472
0,068396
0,066680
0,060107
0,044761
0,053148
0,068149
0,071882
0,077411
0,073269
0,080447
0,077501
0,075565
0,066299
0,058460
0,057187
0,067240
0,077157
0,081459
0,085608
0,089074
0,092648
0,095940
0,102424
0,112592
0,127338
0,129191
0,128970
0,129019
0,152565
0,182538
0,211593
0,233310
0,250910
0,274205
0,286636
0,275688
0,265808
0,239877
0,238976
0,264184
0,280150
0,282184
0,295889
0,324511
0,335318
0,324750
0,317342
0,314662
0,312910
0,305562
0,316029
0,343401
0,371734
0,404929
0,437905
0,460864
0,468091
0,467753
0,460287
0,446806
0,413845
0,393325
0,399302
0,403252
0,412043
0,421786
0,426710
0,441886
0,444304
0,450015
0,456458
0,466966
0,494796
0,499902
0,499287
0,504244
0,511434
0,523444
0,524966
0,525248
0,528174
0,527503
0,509556
0,480372
0,443197
0,388071
0,339733
0,308900
0,288231
0,269383
0,241522
0,225357
0,213133
0,200075
0,193629
0,172750
0,156904
0,148245
0,121416
0,107915
0,111884
0,112436
0,118624
0,110319
0,112676
0,117263
0,124167
0,118385
0,102558
0,078704
0,075074
0,074482
0,073157
0,073058
0,067788
0,060061
0,063495
0,069542
0,074028
0,072235
0,070415
0,070720
0,052498
0,038010
0,046665
0,058407
0,061872
0,062283
0,062500
0,067294
0,069660
0,067640
0,064941
0,062030
0,067558
0,075827
0,077948
0,074718
0,067615
0,059077
0,056380
0,062167
0,062453
0,060493
0,059342
0,062241
0,047268
0,029513
0,040025
0,067412
0,078394
0,085058
0,086016
0,083568
0,085571
0,089041
0,091452
0,099599
0,136617
0,166448
0,166939
0,160338
0,154412
0,137146
0,121099
0,107025
0,098606
0,098889
0,099553
0,094296
0,066208
0,040340
0,051257
0,087372
0,120765
0,141476
0,147005
0,144140
0,153733
0,156729
0,142342
0,151994
0,177257
0,181940
0,186442
0,180722
0,173387
0,164284
0,149575
0,135718
0,127444
0,122317
0,124805
0,121860
0,101396
0,075796
0,072455
0,068945
0,073589
0,083861
0,103895
0,111082
0,098399
0,086562
0,067800
0,062713
0,082183
0,097010
0,103449
0,106907
0,101004
0,092981
0,083403
0,077041
0,070345
0,065771
0,065252
0,072243
0,073572
0,061304
0,063217
0,065722
0,074893
0,085869
0,093796
0,095486
0,100345
0,102087
0,109816
0,147807
0,200043
0,225494
0,218051
0,197334
0,157779
0,128437
0,109527
0,103713
0,096412
0,086222
0,086205
0,082110
0,068486
0,053888
0,045024
0,039796
0,036396
0,040654
0,049637
0,060466
0,071084
0,089963
0,108385
0,153937
0,198805
0,222318
0,234279
0,239513
0,227025
0,218236
0,213499
0,199348
0,185438
0,176090
0,167069
0,153999
0,134250
0,109822
0,099627
0,109579
0,118752
0,124156
0,139181
0,154638
0,164750
0,183991
0,186847
0,229868
0,286073
0,308236
0,321108
0,339447
0,346012
0,338805
0,315706
0,310965
0,307406
0,294331
0,290538
0,284468
0,278427
0,262807
0,270829
0,308142
0,334425
0,341268
0,369720
0,366119
0,366166
0,341401
0,320374
0,291396
0,276825
0,278421
0,247864
0,232818
0,219502
0,203333
0,188169
0,181161
0,181729
0,206914
0,222188
0,219064
0,226020
0,234717
0,243974
0,256106
0,265594
0,267288
0,259332
0,261859
0,255192
0,259162
0,275137
0,299768
0,334074
0,375303
0,410785
0,427568
0,389931
0,392273
0,411965
0,421600
0,438410
0,439229
0,438510
0,443959
0,423550
0,375154
0,365100
0,381974
0,391026
0,391549
0,373884
0,372155
0,375091
0,379363
0,368526
0,377213
0,360230
0,368166
0,380866
0,373432
0,345562
0,307517
0,276486
0,259539
0,239428
0,226263
0,222583
0,213608
0,187409
0,159550
0,145686
0,142330
0,155321
0,157946
0,139972
0,134043
0,114476
0,088651
0,058709
0,065356
0,091746
0,118452
0,127199
0,134573
0,137193
0,134544
0,124923
0,117715
0,103682
0,092498
0,079235
0,072053
0,059095
0,034307
0,025816
0,033723
0,043549
0,053960
0,064646
0,070944
0,080757
0,072129
0,063184
0,058647
0,066498
0,077348
0,082033
0,080317
0,081860
0,080255
0,081787
0,087226
0,095713
0,102426
0,106266
0,108789
0,099034
0,093629
0,119735
0,161133
0,187573
0,193388
0,207327
0,218918
0,206643
0,175042
0,129458
0,120063
0,127211
0,131805
0,126194
0,112920
0,115324
0,109097
0,094518
0,086657
0,081388
0,075733
0,072973
0,067674
0,059139
0,044229
0,038187
0,040325
0,052291
0,059053
0,057734
0,052343
0,036646
0,030107
0,026983
0,037711
0,060025
0,090978
0,120497
0,141042
0,159975
0,165610
0,168451
0,175790
0,187892
0,197814
0,201272
0,213674
0,193267
0,177665
0,151024
0,147683
0,153968
0,143344
0,131541
0,125314
0,117633
0,114260
0,110981
0,113035
0,104260
0,108109
0,111793
0,100942
0,094766
0,095550
0,098538
0,095163
0,094459
0,092555
0,095439
0,087890
0,079533
0,062450
0,052557
0,049478
0,049613
0,054522
0,059607
0,068475
0,069292
0,061793
0,053376
0,054345
0,062766
0,078605
0,093303
0,104368
0,111424
0,115762
0,125434
0,139700
0,138929
0,146174
0,151561
0,158404
0,154125
0,138242
0,146068
0,159270
0,178896
0,203213
0,211436
0,211682
0,201071
0,179228
0,158547
0,155399
0,161226
0,157460
0,149000
0,132518
0,124068
0,113405
0,109999
0,099665
0,084034
0,072405
0,064994
0,063260
0,051416
0,038016
0,033387
0,035177
0,037608
0,042431
0,051822
0,050355
0,051006
0,039786
0,026976
0,028173
0,029497
0,034033
0,037911
0,042374
0,043623
0,042685
0,042962
0,042410
0,045531
0,044957
0,044034
0,041211
0,036648
0,020454
0,013507
0,022186
0,032067
0,043139
0,056197
0,066574
0,072585
0,070077
0,059612
0,070490
0,085580
0,095315
0,097179
0,091871
0,090665
0,084538
0,082641
0,079402
0,078724
0,081709
0,085721
0,087122
0,075523
0,047831
0,038635
0,057156
0,074653
0,080700
0,082991
0,085988
0,092216
0,091161
0,080606
0,086438
0,104728
0,112268
0,109791
0,105874
0,099398
0,086389
0,073245
0,063185
0,061624
0,061143
0,061778
0,061632
0,052007
0,032003
0,021314
0,031276
0,048966
0,060475
0,063854
0,069163
0,074879
0,081576
0,085253
0,115690
0,153805
0,176674
0,182931
0,174125
0,163714
0,151265
0,137155
0,131654
0,131470
0,138357
0,143063
0,140747
0,124868
0,083642
0,073948
0,114548
0,156811
0,182152
0,187218
0,191469
0,193251
0,184880
0,164290
0,184515
0,231497
0,261934
0,257502
0,242059
0,226456
0,211081
0,190938
0,172422
0,160606
0,153934
0,147623
0,138375
0,119785
0,083684
0,079008
0,107025
0,128288
0,134848
0,132783
0,139596
0,145153
0,143985
0,132354
0,147329
0,164751
0,173059
0,169452
0,162068
0,149387
0,131914
0,118612
0,109464
0,110226
0,110839
0,115427
0,112667
0,101967
0,080854
0,065432
0,081675
0,104566
0,115683
0,108282
0,102770
0,099037
0,085101
0,072031
0,081515
0,093134
0,094657
0,087844
0,076293
0,066118
0,062311
0,065129
0,062166
0,060015
0,059945
0,057597
0,060970
0,060609
0,044264
0,027610
0,022244
0,028202
0,029883
0,033635
0,043865
0,049498
0,047711
0,058513
0,097424
0,126288
0,140878
0,149896
0,147281
0,133682
0,122370
0,108954
0,097976
0,091341
0,080375
0,076106
0,074488
0,071595
0,056997
0,033016
0,024947
0,026787
0,031727
0,032868
0,033549
0,032756
0,031958
0,036300
0,048922
0,055375
0,051746
0,047183
0,045432
0,044528
0,043737
0,048972
0,053435
0,057185
0,061505
0,071403
0,078782
0,079234
0,064572
0,040163
0,035822
0,043812
0,051605
0,050987
0,047349
0,047796
0,040533
0,035846
0,042637
0,045254
0,048461
0,046781
0,038850
0,037779
0,036294
0,035377
0,035944
0,043673
0,053458
0,061298
0,065982
0,070063
0,060857
0,046253
0,041754
0,046001
0,057858
0,069097
0,081006
0,090930
0,109287
0,139777
0,203887
0,232888
0,242082
0,254578
0,255319
0,260596
0,264484
0,269746
0,269347
0,268300
0,272457
0,272752
0,266070
0,253378
0,249299
0,240393
0,234755
0,224771
0,208435
0,195577
0,178145
0,174823
0,186112
0,197871
0,219667
0,227425
0,221415
0,217892
0,219352
0,219844
0,209652
0,202502
0,190641
0,182300
0,174862
0,177691
0,179462
0,184899
0,182509
0,174336
0,166369
0,158473
0,146154
0,138797
0,133978
0,126361
0,127164
0,130662
0,136654
0,140522
0,133462
0,126586
0,112439
0,096982
0,081856
0,071762
0,065109
0,058962
0,053831
0,051161
0,051663
0,046215
0,036092
0,026507
0,021505
0,018464
0,014366
0,013036
0,011708
0,010855
0,008679
0,009178
0,012907
0,014686
0,018273
0,019842
0,017506
0,014693
0,013732
0,013844
0,014774
0,013976
0,015770
0,015784
0,015613
0,018247
0,014639
0,011220
0,010319
0,012988
0,016049
0,017181
0,020019
0,025906
0,033030
0,044811
0,061638
0,075497
0,082117
0,087954
0,089189
0,090198
0,092500
0,096720
0,096540
0,098008
0,099045
0,106169
0,108037
0,107999
0,087967
0,080623
0,102937
0,128888
0,139430
0,143464
0,159156
0,177923
0,176610
0,193601
0,241903
0,275955
0,289631
0,285839
0,276488
0,260047
0,254764
0,251896
0,254590
0,250816
0,251704
0,256819
0,260640
0,251892
0,206084
0,201644
0,280810
0,315834
0,303361
0,303894
0,315904
0,306874
0,270441
0,244302
0,281794
0,310561
0,314888
0,300207
0,286837
0,266040
0,248068
0,232314
0,218211
0,209689
0,206396
0,206167
0,201318
0,174206
0,119241
0,098012
0,128983
0,155097
0,142541
0,130206
0,139631
0,144864
0,137130
0,149470
0,182682
0,201852
0,210432
0,199643
0,185998
0,168079
0,151189
0,141293
0,133831
0,129051
0,127348
0,125853
0,116439
0,104346
0,080466
0,072041
0,066254
0,062703
0,058887
0,060687
0,059660
0,055277
0,053543
0,059785
0,062558
0,062729
0,058253
0,059227
0,063049
0,059375
0,058522
0,052724
0,049429
0,060051
0,066528
0,070939
0,078378
0,083340
0,080741
0,078467
0,075821
0,075483
0,084343
0,086475
0,087572
0,078903
0,078161
0,088058
0,082975
0,076002
0,080952
0,074374
0,057802
0,043837
0,040377
0,046184
0,054971
0,071500
0,091027
0,100369
0,116096
0,120495
0,127152
0,134312
0,143245
0,150706
0,156885
0,157262
0,153950
0,149729
0,152155
0,148580
0,140090
0,121704
0,097106
0,081211
0,067240
0,054733
0,047057
0,039290
0,035948
0,032284
0,032832
0,025360
0,030364
0,033555
0,028292
0,026605
0,022988
0,025920
0,031501
0,035055
0,037767
0,036462
0,037360
0,042769
0,042585
0,040769
0,037972
0,032370
0,030064
0,027157
0,022264
0,016603
0,014781
0,011453
0,009133
0,007210
0,009530
0,007869
0,003215
0,002258
0,002626
0,000774
0,000088
0,002752
0,004921
0,005713
0,005510
0,008487
0,010850
0,013358
0,013735
0,016044
0,017983
0,014462
0,015192
0,016716
0,018791
0,020755
0,020379
0,020489
0,021140
0,022234
0,019653
0,019206
0,019559
0,018362
0,018692
0,015152
0,011177
0,010706
0,008536
0,010540
0,013920
0,014922
0,018543
0,018799
0,015326
0,018049
0,020639
0,020374
0,019075
0,019872
0,021200
0,022098
0,023996
0,023061
0,019690
0,016398
0,014223
0,013678
0,013226
0,013944
0,013433
0,014536
0,014404
0,015604
0,015282
0,012139
0,013084
0,012706
0,011597
0,010766
0,010753
0,011899
0,011827
0,011840
0,014510
0,015993
0,017820
0,018930
0,020028
0,019610
0,017791
0,018839
0,024465
0,028867
0,029854
0,032832
0,033128
0,037819
0,042462
0,043030
0,039058
0,038345
0,037191
0,035166
0,035108
0,037755
0,043553
0,041404
0,038617
0,040680
0,050215
0,054634
0,052962
0,046184
0,050193
0,062412
0,077591
0,086489
0,088946
0,086422
0,085893
0,096448
0,117089
0,137924
0,145983
0,149533
0,149527
0,166470
0,171155
0,174238
0,175571
0,177379
0,190290
0,195726
0,200413
0,198004
0,189098
0,176683
0,174965
0,181275
0,188910
0,190211
0,198669
0,203774
0,218086
0,230141
0,233444
0,247984
0,244091
0,236588
0,225534
0,213854
0,210635
0,215675
0,208733
0,198574
0,202850
0,205566
0,204808
0,196960
0,175801
0,154960
0,164827
0,194688
0,193909
0,159049
0,124414
0,091672
0,065402
0,064273
0,067012
0,067519
0,064346
0,059045
0,055417
0,060855
0,062450
0,066269
0,069033
0,069871
0,074573
0,081325
0,090038
0,093940
0,088259
0,073833
0,065390
0,067026
0,066840
0,068105
0,068812
0,068789
0,078048
0,112379
0,138738
0,155946
0,165228
0,164759
0,151040
0,141082
0,148565
0,117773
0,140253
0,102107
0,099118
0,094059
0,093783
0,088752
0,085461
0,076477
0,079730
0,086632
0,095465
0,092369
0,076477
0,052355
0,032881
0,028663
0,027390
0,028960
0,031990
0,032944
0,033366
0,035825
0,040479
0,046185
0,052864
0,062089
0,076704
0,093500
0,105883
0,117980
0,118359
0,093029
0,073489
0,071470
0,070485
0,072360
0,073357
0,075643
0,091823
0,146850
0,198225
0,217887
0,223016
0,219863
0,213381
0,205997
0,188242
0,176473
0,172474
0,173278
0,171994
0,166281
0,161140
0,150644
0,118061
0,074589
0,052049
0,048581
0,050032
0,059321
0,062796
0,067537
0,093843
0,141035
0,177668
0,198485
0,192344
0,183285
0,174988
0,167802
0,164766
0,159472
0,162034
0,162469
0,166471
0,169667
0,168570
0,166047
0,138829
0,115773
0,098310
0,085366
0,079129
0,082650
0,092187
0,094356
0,102801
0,121329
0,125699
0,120684
0,111438
0,100608
0,084356
0,079800
0,074982
0,067137
0,058212
0,055645
0,051292
0,048336
0,040241
0,033471
0,027510
0,017584
0,012809
0,010454
0,008984
0,006964
0,006237
0,004538
0,004350
0,005626
0,008405
0,011912
0,013132
0,013487
0,013973
0,013198
0,012382
0,015174
0,019919
0,024472
0,031216
0,036724
0,039107
0,044475
0,049933
0,044321
0,035151
0,029955
0,028104
0,025483
0,022005
0,031161
0,058993
0,090234
0,105513
0,122934
0,126723
0,138307
0,139527
0,145404
0,149617
0,155009
0,150692
0,153713
0,164048
0,170913
0,181973
0,189240
0,185139
0,162306
0,134294
0,113504
0,096778
0,079347
0,069713
0,084750
0,121901
0,182104
0,220727
0,226009
0,211153
0,195373
0,181812
0,172308
0,171338
0,165985
0,162625
0,157663
0,142885
0,122705
0,113776
0,114438
0,099803
0,070213
0,042210
0,028309
0,021686
0,015447
0,014954
0,014871
0,022913
0,033842
0,045650
0,052567
0,065281
0,076783
0,074327
0,064219
0,051359
0,048385
0,044688
0,042845
0,038505
0,038418
0,039462
0,041247
0,039849
0,032114
0,017406
0,010859
0,006118
0,003828
0,003842
0,007162
0,013712
0,024154
0,034910
0,045857
0,054843
0,057607
0,055072
0,054415
0,051533
0,047742
0,043945
0,039197
0,034914
0,035692
0,036821
0,037402
0,035909
0,027959
0,015303
0,006533
0,004208
0,002836
0,002804
0,003312
0,005799
0,009784
0,013443
0,014644
0,015122
0,019749
0,028349
0,037192
0,044610
0,056735
0,063786
0,075932
0,079269
0,087747
0,097980
0,093091
0,091989
0,081660
0,059456
0,046444
0,039971
0,034983
0,035509
0,042547
0,063329
0,087047
0,107492
0,113707
0,112035
0,106386
0,097622
0,096139
0,079778
0,080052
0,077511
0,071634
0,068061
0,069212
0,072143
0,070945
0,066132
0,054021
0,043285
0,038766
0,036946
0,032774
0,029371
0,031679
0,047590
0,078221
0,103451
0,124014
0,139785
0,153518
0,174702
0,153303
0,145451
0,138953
0,136529
0,140829
0,147500
0,162867
0,167915
0,170136
0,180419
0,172095
0,159920
0,151356
0,142973
0,136258
0,135013
0,137746
0,144641
0,157337
0,181299
0,208410
0,234320
0,256850
0,278799
0,299352
0,304405
0,303160
0,296516
0,294417
0,265468
0,241285
0,219104
0,201245
0,174901
0,155508
0,144771
0,149151
0,163152
0,171460
0,180239
0,198219
0,239214
0,298604
0,361552
0,416168
0,478606
0,523164
0,545806
0,547643
0,546740
0,542764
0,522163
0,480629
0,434972
0,386291
0,341454
0,273636
0,220480
0,180517
0,154626
0,130781
0,098135
0,079113
0,062464
0,055573
0,072780
0,129518
0,188664
0,264774
0,311765
0,331507
0,362428
0,386750
0,405625
0,427106
0,434892
0,434673
0,444844
0,453152
0,447058
0,420849
0,403042
0,417504
0,471117
0,522397
0,536845
0,536575
0,538158
0,527262
0,515298
0,543274
0,582100
0,599347
0,607765
0,603528
0,589365
0,593808
0,589552
0,595663
0,603283
0,606797
0,604740
0,604273
0,618060
0,598197
0,563621
0,540505
0,530265
0,521859
0,515094
0,517322
0,502849
0,489057
0,465037
0,451426
0,441245
0,448922
0,448235
0,429786
0,417860
0,420322
0,416274
0,412710
0,400828
0,382554
0,368469
0,351157
0,340607
0,323699
0,307693
0,298040
0,296536
0,297319
0,300761
0,299421
0,296015
0,282482
0,273571
0,268414
0,279458
0,289261
0,291933
0,286447
0,277986
0,279603
0,283165
0,292816
0,300481
0,301547
0,308593
0,306097
0,296281
0,289624
0,272073
0,267168
0,269612
0,267180
0,247241
0,207795
0,156753
0,121045
0,100024
0,110969
0,127258
0,144626
0,162305
0,177425
0,184605
0,192316
0,190292
0,206878
0,220552
0,234887
0,261190
0,294238
0,315108
0,341745
0,363725
0,394907
0,398775
0,411834
0,417533
0,418335
0,404652
0,369239
0,378452
0,413373
0,460214
0,494899
0,523926
0,544565
0,572939
0,591326
0,586141
0,577841
0,588241
0,584549
0,591308
0,597043
0,609217
0,606763
0,594009
0,589674
0,602240
0,601478
0,582500
0,552117
0,512746
0,468667
0,422133
0,409736
0,414453
0,424508
0,422451
0,414275
0,398788
0,387832
0,377533
0,386646
0,396682
0,425990
0,453054
0,488055
0,532731
0,546391
0,567031
0,594835
0,616525
0,636175
0,644788
0,633729
0,621555
0,600777
0,568720
0,532481
0,510330
0,482600
0,463432
0,441495
0,406906
0,385640
0,382142
0,379171
0,379137
0,391663
0,392022
0,393919
0,397903
0,399392
0,394636
0,397420
0,400285
0,402535
0,391374
0,384107
0,375082
0,364878
0,366146
0,369433
0,372123
0,375964
0,369413
0,353622
0,335660
0,330470
0,329249
0,331426
0,344531
0,349948
0,338034
0,344147
0,358536
0,365786
0,372842
0,383656
0,386701
0,395477
0,409654
0,399107
0,404089
0,405705
0,414100
0,455938
0,480217
0,529544
0,579639
0,627821
0,654900
0,676628
0,676591
0,693902
0,694336
0,699843
0,702689
0,706138
0,716025
0,694624
0,671715
0,641885
0,641325
0,636775
0,626180
0,613886
0,569282
0,521199
0,469163
0,465217
0,518473
0,581861
0,617813
0,628217
0,634359
0,609005
0,649185
0,658547
0,660808
0,666196
0,661354
0,676858
0,693987
0,690833
0,677597
0,672963
0,693418
0,702805
0,685964
0,676933
0,647993
0,602728
0,563512
0,517617
0,510643
0,488393
0,452120
0,435080
0,429073
0,424803
0,406357
0,386565
0,387126
0,394789
0,376243
0,374708
0,373766
0,351308
0,325350
0,305908
0,290457
0,292585
0,275948
0,242761
0,222848
0,196792
0,182732
0,173064
0,175357
0,191152
0,200664
0,208406
0,215598
0,225949
0,234023
0,229729
0,226450
0,215593
0,199786
0,189990
0,188066
0,184970
0,158068
0,134184
0,114948
0,114341
0,115580
0,105016
0,107275
0,106336
0,111818
0,126738
0,134833
0,145895
0,161803
0,171058
0,172749
0,176900
0,184941
0,200743
0,207914
0,208973
0,224316
0,237713
0,249836
0,256562
0,258539
0,255307
0,244178
0,254846
0,276603
0,294740
0,299682
0,287582
0,262339
0,255400
0,260851
0,261672
0,239238
0,224774
0,208978
0,195431
0,173046
0,159361
0,146712
0,143488
0,134973
0,116870
0,090143
0,073430
0,069844
0,056877
0,052397
0,055032
0,062673
0,072799
0,087717
0,095895
0,114789
0,143861
0,163945
0,175990
0,175358
0,171085
0,173813
0,179032
0,189258
0,204302
0,221691
0,246629
0,262026
0,274685
0,297475
0,300937
0,311450
0,317815
0,328573
0,352157
0,373671
0,385594
0,394650
0,398977
0,416599
0,427727
0,422362
0,431327
0,423197
0,408729
0,375794
0,350874
0,330259
0,308548
0,266075
0,243721
0,220542
0,196936
0,190964
0,176188
0,169539
0,157090
0,146662
0,129423
0,119180
0,105679
0,093468
0,083784
0,083768
0,081136
0,084144
0,088287
0,100358
0,103414
0,114278
0,113898
0,116118
0,109145
0,098701
0,097318
0,101787
0,105923
0,102198
0,093857
0,083072
0,067983
0,052538
0,038836
0,038727
0,038028
0,036962
0,035853
0,040355
0,044722
0,052554
0,061466
0,079489
0,086320
0,087030
0,091206
0,100187
0,106984
0,118522
0,127383
0,134377
0,135848
0,142956
0,156124
0,156217
0,145638
0,132968
0,125061
0,126739
0,124649
0,123902
0,136674
0,172926
0,211078
0,246080
0,268617
0,285559
0,295406
0,294663
0,296705
0,312988
0,327929
0,346274
0,362457
0,370803
0,378469
0,393437
0,382796
0,381057
0,377445
0,379591
0,384300
0,401234
0,392457
0,378525
0,369125
0,374317
0,413638
0,464247
0,500612
0,535075
0,552727
0,565861
0,595089
0,615658
0,635385
0,642719
0,638339
0,629085
0,619446
0,619774
0,605874
0,603500
0,598008
0,588747
0,589280
0,596680
0,609035
0,606791
0,613333
0,640800
0,674084
0,688303
0,690392
0,714920
0,731999
0,694626
0,675094
0,632148
0,624622
0,636617
0,644158
0,642473
0,625264
0,608414
0,604521
0,580048
0,550626
0,524883
0,510261
0,514736
0,501541
0,468458
0,442399
0,425881
0,432220
0,449655
0,477025
0,494033
0,508815
0,503093
0,516208
0,517716
0,518450
0,502976
0,481313
0,458306
0,425499
0,398525
0,372896
0,355668
0,333047
0,321178
0,315852
0,303439
0,284650
0,257879
0,233786
0,221403
0,226322
0,239225
0,260679
0,277463
0,290278
0,285713
0,298737
0,313533
0,326002
0,330313
0,337322
0,353492
0,344077
0,332357
0,307130
0,292402
0,275349
0,258784
0,243000
0,219884
0,209497
0,207455
0,205161
0,207408
0,217979
0,231517
0,245043
0,240841
0,231455
0,224837
0,223311
0,221971
0,218161
0,208595
0,202681
0,193349
0,182188
0,190560
0,186574
0,180271
0,166902
0,160728
0,147466
0,128303
0,119267
0,117354
0,127212
0,161664
0,195371
0,221188
0,238250
0,244072
0,254739
0,264069
0,279530
0,296885
0,328132
0,369693
0,416925
0,453216
0,491532
0,535589
0,539853
0,532349
0,494491
0,452940
0,452981
0,446306
0,425469
0,386358
0,351612
0,327369
0,333707
0,359963
0,387103
0,393292
0,389480
0,383183
0,385542
0,394820
0,403519
0,412589
0,411777
0,429368
0,449627
0,481232
0,498917
0,513804
0,515282
0,507581
0,512289
0,521501
0,530084
0,516257
0,512310
0,529395
0,554884
0,554631
0,550072
0,548042
0,550268
0,549868
0,557358
0,556251
0,551869
0,545237
0,548759
0,549205
0,547460
0,560294
0,560910
0,563571
0,568858
0,573050
0,588547
0,580631
0,567893
0,559934
0,541189
0,536712
0,538845
0,535267
0,505992
0,487412
0,457228
0,422256
0,355382
0,318650
0,284260
0,242769
0,210658
0,177947
0,150663
0,123196
0,102763
0,090725
0,078448
0,059572
0,044849
0,031958
0,022020
0,018275
0,020844
0,028715
0,038119
0,049593
0,063159
0,074665
0,087093
0,096864
0,109993
0,114263
0,115831
0,116588
0,121622
0,128196
0,133962
0,151260
0,163126
0,167444
0,166440
0,154658
0,136027
0,117091
0,113905
0,118269
0,147665
0,192053
0,226959
0,247917
0,261059
0,264097
0,267013
0,257254
0,254809
0,255413
0,251575
0,248179
0,232743
0,230264
0,230068
0,233622
0,231788
0,230143
0,224516
0,209844
0,208927
0,221562
0,221820
0,207440
0,189766
0,183572
0,214340
0,245093
0,259380
0,261656
0,262736
0,253850
0,262856
0,268317
0,277949
0,289138
0,293721
0,302064
0,311800
0,327652
0,340088
0,352695
0,335204
0,319135
0,299234
0,282583
0,274097
0,272537
0,292154
0,326614
0,372221
0,395140
0,385905
0,366730
0,363047
0,351817
0,345329
0,366054
0,352146
0,354726
0,369985
0,364749
0,382967
0,402703
0,421386
0,436696
0,449183
0,464070
0,469533
0,470213
0,473882
0,476538
0,473364
0,456164
0,455860
0,459819
0,489157
0,493116
0,493879
0,479181
0,489328
0,477392
0,465558
0,449905
0,450133
0,452910
0,435213
0,416319
0,412500
0,396451
0,359867
0,346145
0,319776
0,299234
0,263199
0,214604
0,184761
0,183034
0,207331
0,237973
0,286084
0,330921
0,376321
0,416056
0,475331
0,509568
0,534064
0,547239
0,544209
0,537452
0,516347
0,472208
0,393851
0,342651
0,315151
0,291110
0,266874
0,215398
0,180053
0,140009
0,105362
0,084840
0,080569
0,076716
0,071380
0,067157
0,061853
0,056723
0,047430
0,040977
0,035212
0,034757
0,039783
0,045953
0,053545
0,065651
0,078303
0,087201
0,097426
0,104180
0,089744
0,077219
0,072535
0,069069
0,077668
0,099776
0,115278
0,123079
0,126657
0,126050
0,127381
0,123669
0,118542
0,113912
0,097609
0,092691
0,089572
0,083339
0,073462
0,065178
0,061916
0,060980
0,053638
0,041504
0,029018
0,023211
0,020338
0,019693
0,022975
0,033138
0,043350
0,052489
0,060861
0,064268
0,073849
0,076866
0,085437
0,090431
0,098015
0,105879
0,117325
0,133365
0,152531
0,166544
0,179680
0,194533
0,200062
0,198457
0,182636
0,167271
0,164328
0,170261
0,187154
0,212244
0,227690
0,231194
0,238629
0,248998
0,262634
0,262896
0,266485
0,269225
0,280924
0,281739
0,276338
0,265166
0,257339
0,244583
0,247547
0,249738
0,242427
0,238539
0,251291
0,258896
0,249826
0,225231
0,229477
0,255605
0,283965
0,310522
0,320106
0,326865
0,322388
0,314615
0,316532
0,325413
0,324180
0,317768
0,299835
0,302021
0,298011
0,300332
0,285366
0,275345
0,268614
0,268693
0,262525
0,248042
0,231818
0,212949
0,196976
0,195351
0,189145
0,179637
0,188923
0,196992
0,197930
0,205308
0,208551
0,215354
0,213082
0,215262
0,222235
0,228346
0,234391
0,241903
0,251413
0,252855
0,254447
0,242309
0,226072
0,202815
0,186321
0,167788
0,164988
0,188077
0,221539
0,237334
0,245719
0,247503
0,246268
0,245720
0,255244
0,252259
0,241082
0,240665
0,244820
0,275845
0,300591
0,309810
0,320357
0,327907
0,328187
0,310131
0,279497
0,267213
0,258139
0,254337
0,253875
0,268820
0,280848
0,287862
0,293658
0,288016
0,281263
0,279572
0,289697
0,294258
0,296816
0,301758
0,297337
0,307377
0,312298
0,328560
0,347497
0,370297
0,392540
0,429441
0,468167
0,508407
0,531280
0,527653
0,540757
0,555144
0,590938
0,641407
0,680462
0,708427
0,721121
0,719228
0,707764
0,677798
0,631254
0,595045
0,567387
0,531156
0,483292
0,465889
0,462918
0,486635
0,505264
0,540275
0,570561
0,592897
0,601235
0,594064
0,592334
0,582664
0,579320
0,577407
0,580403
0,568721
0,543944
0,548646
0,557836
0,561122
0,543866
0,546860
0,559110
0,575504
0,592673
0,599513
0,593930
0,597249
0,587599
0,592391
0,600271
0,575593
0,545929
0,507745
0,450224
0,394279
0,375128
0,358387
0,339242
0,317010
0,287326
0,249691
0,226609
0,207360
0,209594
0,207345
0,220310
0,242118
0,258527
0,270793
0,284958
0,306402
0,311582
0,314533
0,312806
0,307392
0,307619
0,325056
0,367094
0,424828
0,481293
0,522152
0,541409
0,554194
0,550096
0,522569
0,499733
0,481015
0,461378
0,445563
0,411531
0,383956
0,356096
0,337566
0,316634
0,313568
0,302232
0,296250
0,292672
0,278992
0,255005
0,231472
0,220711
0,229919
0,246859
0,280242
0,318179
0,357686
0,400245
0,435325
0,484968
0,537922
0,573695
0,592167
0,610282
0,611353
0,603228
0,591277
0,589781
0,593170
0,589140
0,588178
0,579076
0,575846
0,557799
0,528034
0,511744
0,511911
0,516304
0,516013
0,503465
0,485559
0,458620
0,434809
0,422840
0,406321
0,405461
0,394287
0,389066
0,387148
0,401106
0,423924
0,437690
0,448357
0,455197
0,451046
0,446609
0,440613
0,430130
0,414815
0,406324
0,390715
0,401940
0,363317
0,320801
0,284250
0,253097
0,213744
0,184706
0,163600
0,143817
0,119757
0,095316
0,077388
0,072128
0,067772
0,062986
0,065981
0,075308
0,069649
0,061799
0,060292
0,069505
0,096557
0,131914
0,168548
0,199275
0,231416
0,252690
0,272924
0,292596
0,290738
0,291362
0,281963
0,276747
0,280694
0,281880
0,284604
0,295680
0,324944
0,321699
0,311925
0,296731
0,271816
0,239161
0,211774
0,181512
0,150065
0,145487
0,151293
0,162458
0,169413
0,167394
0,165593
0,174018
0,160500
0,157209
0,149468
0,143560
0,151329
0,157522
0,166603
0,184737
0,205707
0,219739
0,235241
0,230937
0,230536
0,228186
0,234764
0,243027
0,253323
0,289308
0,346541
0,393444
0,421643
0,426157
0,426690
0,419815
0,414695
0,414208
0,413936
0,408503
0,412881
0,421784
0,430758
0,430664
0,430728
0,419707
0,400552
0,369727
0,326658
0,278252
0,252278
0,230206
0,194933
0,167381
0,159033
0,156087
0,157371
0,161361
0,159501
0,163263
0,155670
0,149082
0,220270
0,224395
0,230178
0,230639
0,233031
0,234713
0,245765
0,261346
0,258486
0,254188
0,266794
0,287249
0,304584
0,314352
0,300074
0,298391
0,330682
0,361772
0,382619
0,396370
0,410888
0,425376
0,526306
0,546275