0,000000
0,000000
0,000000
0,000000
0,000000
0,000000
0,000000
0,000000
0,001462
0,021283
0,058271
0,092614
0,115573
0,096364
0,062739
0,020523
0,001371
0,000000
0,000000
0,000000
0,000000
0,000000
0,000000
0,000000
0,000000
0,000000
0,000000
0,000000
0,000000
0,000000
0,000000
0,000000
0,001047
0,006948
0,018356
0,034748
0,047515
0,052281
0,037225
0,014206
0,001244
0,000000
0,000000
0,000000
0,000000
0,000000
0,000000
0,000000
0,000000
0,000000
0,000000
0,000000
0,000000
0,000000
0,000000
0,000000
0,002030
0,016735
0,035198
0,046797
0,044529
0,031788
0,016150
0,005358
0,000590
0,000000
0,000000
0,000000
0,000000
0,000000
0,000000
0,000000
0,000000
0,000000
0,000000
0,000000
0,000000
0,000000
0,000000
0,000000
0,001600
0,026815
0,076278
0,114269
0,126061
0,109908
0,066658
0,026206
0,002306
0,000000
0,000000
0,000000
0,000000
0,000000
0,000000
0,000000
0,000000
0,000000
0,000000
0,000000
0,000000
0,000000
0,000000
0,000000
0,002564
0,029109
0,082208
0,131312
0,161584
0,155992
0,112731
0,049209
0,005436
0,000000
0,000000
0,000000
0,000000
0,000000
0,000000
0,000000
0,000000
0,000000
0,000000
0,000000
0,000000
0,000000
0,000000
0,000000
0,005034
0,056580
0,129220
0,183296
0,200205
0,174827
0,108966
0,042771
0,004483
0,000000
0,000000
0,000000
0,000000
0,000000
0,000000
0,000000
0,000000
0,000000
0,000000
0,000000
0,000000
0,000000
0,000000
0,000000
0,001387
0,016758
0,049895
0,084247
0,103983
0,102267
0,077091
0,031840
0,003683
0,000000
0,000000
0,000000
0,000000
0,000000
0,000000
0,000000
0,000000
0,000000
0,000000
0,000000
0,000000
0,000000
0,000000
0,000000
0,001566
0,012285
0,029802
0,047854
0,056758
0,046864
0,028594
0,011390
0,001588
0,000000
0,000000
0,000000
0,000000
0,000000
0,000000
0,000000
0,000000
0,000000
0,000000
0,000000
0,000000
0,000000
0,000000
0,000000
0,001492
0,011583
0,026804
0,038499
0,040562
0,033992
0,023950
0,009676
0,001270
0,000000
0,000000
0,000000
0,000000
0,000000
0,000000
0,000000
0,000000
0,000000
0,000000
0,000000
0,000000
0,000000
0,000000
0,000000
0,001489
0,015120
0,055534
0,116478
0,145286
0,124984
0,075927
0,026461
0,002348
0,000000
0,000000
0,000000
0,000000
0,000000
0,000000
0,000000
0,000000
0,000000
0,000000
0,000000
0,000000
0,000000
0,000000
0,000000
0,003412
0,029575
0,067960
0,093874
0,113444
0,109592
0,083260
0,039214
0,004944
0,000118
0,000000
0,000000
0,000000
0,000000
0,000000
0,000000
0,000000
0,000000
0,000000
0,000000
0,000000
0,000000
0,000000
0,000000
0,002249
0,015314
0,039027
0,058167
0,064699
0,061621
0,040903
0,017619
0,003851
0,000060
0,000000
0,000000
0,000000
0,000000
0,000000
0,000000
0,000000
0,000000
0,000000
0,000000
0,000000
0,000000
0,000000
0,000000
0,014185
0,094452
0,190690
0,262714
0,292444
0,259689
0,181377
0,079794
0,008816
0,000087
0,000000
0,000000
0,000000
0,000000
0,000000
0,000000
0,000000
0,000000
0,000000
0,000000
0,000000
0,000000
0,000000
0,000000
0,004544
0,036909
0,083326
0,102198
0,095863
0,086718
0,060413
0,024628
0,003754
0,000078
0,000000
0,000000
0,000000
0,000000
0,000000
0,000000
0,000000
0,000000
0,000000
0,000000
0,000000
0,000000
0,000000
0,000000
0,004285
0,026566
0,065092
0,095505
0,098799
0,087934
0,061419
0,027791
0,004720
0,000149
0,000000
0,000000
0,000000
0,000000
0,000000
0,000000
0,000000
0,000000
0,000000
0,000000
0,000000
0,000000
0,000000
0,000000
0,008047
0,047829
0,096037
0,129111
0,129956
0,106045
0,072734
0,033442
0,004835
0,000120
0,000000
0,000000
0,000000
0,000000
0,000000
0,000000
0,000000
0,000000
0,000000
0,000000
0,000000
0,000000
0,000000
0,000000
0,002513
0,025232
0,068667
0,110482
0,129245
0,119524
0,085819
0,040689
0,006976
0,000125
0,000000
0,000000
0,000000
0,000000
0,000000
0,000000
0,000000
0,000000
0,000000
0,000000
0,000000
0,000000
0,000000
0,000000
0,006860
0,052035
0,113338
0,161324
0,181616
0,164650
0,118286
0,054689
0,007581
0,000157
0,000000
0,000000
0,000000
0,000000
0,000000
0,000000
0,000000
0,000000
0,000000
0,000000
0,000000
0,000000
0,000000
0,000000
0,008063
0,042724
0,087494
0,123134
0,134179
0,123516
0,086598
0,039541
0,006555
0,000150
0,000000
0,000000
0,000000
0,000000
0,000000
0,000000
0,000000
0,000000
0,000000
0,000000
0,000000
0,000000
0,000000
0,000000
0,002572
0,017286
0,033847
0,049006
0,060861
0,060090
0,045520
0,023200
0,004505
0,000151
0,000000
0,000000
0,000000
0,000000
0,000000
0,000000
0,000000
0,000000
0,000000
0,000000
0,000000
0,000000
0,000000
0,000000
0,004884
0,035928
0,073274
0,108386
0,129945
0,120297
0,084817
0,042994
0,008259
0,000162
0,000000
0,000000
0,000000
0,000000
0,000000
0,000000
0,000000
0,000000
0,000000
0,000000
0,000000
0,000000
0,000000
0,000000
0,004172
0,023559
0,048130
0,067004
0,068049
0,058437
0,041841
0,018802
0,003448
0,000177
0,000000
0,000000
0,000000
0,000000
0,000000
0,000000
0,000000
0,000000
0,000000
0,000000
0,000000
0,000000
0,000000
0,000000
0,001288
0,009633
0,022528
0,035094
0,040867
0,038565
0,028179
0,013980
0,002741
0,000195
0,000000
0,000000
0,000000
0,000000
0,000000
0,000000
0,000000
0,000000
0,000000
0,000000
0,000000
0,000000
0,000000
0,000001
0,004310
0,020289
0,033598
0,047633
0,055529
0,052854
0,036442
0,017469
0,002481
0,000111
0,000000
0,000000
0,000000
0,000000
0,000000
0,000000
0,000000
0,000000
0,000000
0,000000
0,000000
0,000000
0,000000
0,000000
0,003465
0,020005
0,038187
0,055492
0,063788
0,061727
0,046590
0,024146
0,004879
0,000242
0,000000
0,000000
0,000000
0,000000
0,000000
0,000000
0,000000
0,000000
0,000000
0,000000
0,000000
0,000000
0,000000
0,000015
0,003877
0,014925
0,030354
0,048782
0,061953
0,061904
0,043603
0,021758
0,004324
0,000180
0,000000
0,000000
0,000000
0,000000
0,000000
0,000000
0,000000
0,000000
0,000000
0,000000
0,000000
0,000000
0,000000
0,000000
0,003836
0,028440
0,061201
0,091124
0,102487
0,088342
0,064367
0,035618
0,008051
0,000338
0,000000
0,000000
0,000000
0,000000
0,000000
0,000000
0,000000
0,000000
0,000000
0,000000
0,000000
0,000000
0,000000
0,000008
0,003933
0,024762
0,052185
0,078387
0,094840
0,090891
0,067114
0,035762
0,008238
0,000329
0,000000
0,000000
0,000000
0,000000
0,000000
0,000000
0,000000
0,000000
0,000000
0,000000
0,000000
0,000000
0,000000
0,000028
0,010325
0,064433
0,115484
0,145402
0,151454
0,129863
0,091330
0,046554
0,009605
0,000347
0,000000
0,000000
0,000000
0,000000
0,000000
0,000000
0,000000
0,000000
0,000000
0,000000
0,000000
0,000000
0,000000
0,000021
0,003760
0,020358
0,042649
0,061557
0,074296
0,071772
0,057842
0,030655
0,007354
0,000334
0,000000
0,000000
0,000000
0,000000
0,000000
0,000000
0,000000
0,000000
0,000000
0,000000
0,000000
0,000000
0,000000
0,000036
0,004182
0,020951
0,050836
0,087212
0,108346
0,115721
0,098131
0,055972
0,014433
0,000573
0,000000
0,000000
0,000000
0,000000
0,000000
0,000000
0,000000
0,000000
0,000000
0,000000
0,000000
0,000000
0,000000
0,000065
0,009443
0,047713
0,093121
0,119757
0,129640
0,120972
0,092658
0,052952
0,012487
0,000454
0,000000
0,000000
0,000000
0,000000
0,000000
0,000000
0,000000
0,000000
0,000000
0,000000
0,000000
0,000000
0,000000
0,000065
0,007338
0,036275
0,070896
0,092590
0,107233
0,104458
0,078494
0,045476
0,014422
0,000566
0,000007
0,000000
0,000000
0,000000
0,000000
0,000000
0,000000
0,000000
0,000000
0,000000
0,000000
0,000000
0,000000
0,000093
0,008676
0,037579
0,074923
0,115460
0,141842
0,142168
0,122581
0,082228
0,030401
0,001728
0,000007
0,000000
0,000000
0,000000
0,000000
0,000000
0,000000
0,000000
0,000000
0,000000
0,000000
0,000000
0,000000
0,000178
0,011617
0,048533
0,097485
0,142261
0,166841
0,165791
0,135973
0,083098
0,026507
0,001090
0,000000
0,000000
0,000000
0,000000
0,000000
0,000000
0,000000
0,000000
0,000000
0,000000
0,000000
0,000000
0,000000
0,000198
0,012487
0,046057
0,093153
0,133137
0,158370
0,154273
0,114034
0,066373
0,020059
0,001104
0,000000
0,000000
0,000000
0,000000
0,000000
0,000000
0,000000
0,000000
0,000000
0,000000
0,000000
0,000000
0,000000
0,000260
0,014461
0,063733
0,131678
0,199354
0,239617
0,242902
0,205941
0,131806
0,043653
0,002061
0,000000
0,000000
0,000000
0,000000
0,000000
0,000000
0,000000
0,000000
0,000000
0,000000
0,000000
0,000000
0,000000
0,000673
0,027658
0,113884
0,199093
0,266967
0,292025
0,265487
0,205349
0,123347
0,042302
0,002384
0,000000
0,000000
0,000000
0,000000
0,000000
0,000000
0,000000
0,000000
0,000000
0,000000
0,000000
0,000000
0,000000
0,000383
0,025187
0,089129
0,168288
0,224131
0,256200
0,257859
0,221841
0,145866
0,050687
0,003427
0,000000
0,000000
0,000000
0,000000
0,000000
0,000000
0,000000
0,000000
0,000000
0,000000
0,000000
0,000000
0,000000
0,000186
0,006943
0,026112
0,050863
0,071195
0,079349
0,073569
0,058335
0,034156
0,012117
0,001356
0,000000
0,000000
0,000000
0,000000
0,000000
0,000000
0,000000
0,000000
0,000000
0,000000
0,000000
0,000000
0,000000
0,000413
0,011002
0,042523
0,078386
0,107030
0,123723
0,116457
0,094377
0,062243
0,025535
0,002388
0,000000
0,000000
0,000000
0,000000
0,000000
0,000000
0,000000
0,000000
0,000000
0,000000
0,000000
0,000000
0,000000
0,000626
0,013073
0,042812
0,076287
0,105620
0,127370
0,138812
0,128567
0,093124
0,040473
0,004128
0,000000
0,000000
0,000000
0,000000
0,000000
0,000000
0,000000
0,000000
0,000000
0,000000
0,000000
0,000000
0,000000
0,000929
0,018929
0,069509
0,129028
0,174496
0,198765
0,197024
0,167540
0,113299
0,043982
0,003619
0,000000
0,000000
0,000000
0,000000
0,000000
0,000000
0,000000
0,000000
0,000000
0,000000
0,000000
0,000000
0,000000
0,001541
0,030592
0,112569
0,206712
0,276407
0,312263
0,313577
0,268886
0,178370
0,069062
0,006124
0,000000
0,000000
0,000000
0,000000
0,000000
0,000000
0,000000
0,000000
0,000000
0,000000
0,000000
0,000000
0,000000
0,002133
0,046025
0,135881
0,229405
0,296994
0,318703
0,305822
0,264035
0,175047
0,068581
0,006523
0,000000
0,000000
0,000000
0,000000
0,000000
0,000000
0,000000
0,000000
0,000000
0,000000
0,000000
0,000000
0,000000
0,002312
0,044333
0,125381
0,202460
0,260306
0,288235
0,287361
0,245217
0,158319
0,058548
0,004775
0,000000
0,000000
0,000000
0,000000
0,000000
0,000000
0,000000
0,000000
0,000000
0,000000
0,000000
0,000000
0,000000
0,002628
0,035993
0,110863
0,193872
0,249173
0,284595
0,294001
0,255366
0,172184
0,069620
0,006819
0,000000
0,000000
0,000000
0,000000
0,000000
0,000000
0,000000
0,000000
0,000000
0,000000
0,000000
0,000000
0,000000
0,003654
0,043005
0,107422
0,161705
0,191120
0,191891
0,171475
0,132124
0,078179
0,026518
0,002374
0,000000
0,000000
0,000000
0,000000
0,000000
0,000000
0,000000
0,000000
0,000000
0,000000
0,000000
0,000000
0,000000
0,001521
0,016135
0,050202
0,098766
0,153517
0,195324
0,209622
0,188037
0,128677
0,054709
0,006688
0,000007
0,000000
0,000000
0,000000
0,000000
0,000000
0,000000
0,000000
0,000000
0,000000
0,000000
0,000000
0,000000
0,003138
0,037307
0,110250
0,183758
0,242217
0,285999
0,304756
0,276799
0,194092
0,082927
0,010865
0,000103
0,000000
0,000000
0,000000
0,000000
0,000000
0,000000
0,000000
0,000000
0,000000
0,000000
0,000000
0,000000
0,004576
0,063200
0,172631
0,276510
0,346921
0,379006
0,358832
0,294214
0,201324
0,086182
0,011388
0,000069
0,000000
0,000000
0,000000
0,000000
0,000000
0,000000
0,000000
0,000000
0,000000
0,000000
0,000000
0,000000
0,004872
0,049665
0,120523
0,182099
0,220762
0,232769
0,217872
0,172556
0,108916
0,048275
0,007218
0,000124
0,000000
0,000000
0,000000
0,000000
0,000000
0,000000
0,000000
0,000000
0,000000
0,000000
0,000000
0,000000
0,003606
0,039571
0,109301
0,191987
0,241804
0,240407
0,220969
0,184927
0,130342
0,062546
0,009640
0,000131
0,000000
0,000000
0,000000
0,000000
0,000000
0,000000
0,000000
0,000000
0,000000
0,000000
0,000000
0,000000
0,005511
0,040686
0,077395
0,105117
0,129833
0,132909
0,101994
0,081021
0,059381
0,032140
0,005766
0,000138
0,000000
0,000000
0,000000
0,000000
0,000000
0,000000
0,000000
0,000000
0,000000
0,000000
0,000000
0,000000
0,006145
0,057186
0,137478
0,193122
0,226976
0,229556
0,206402
0,169494
0,111606
0,050457
0,009771
0,000158
0,000000
0,000000
0,000000
0,000000
0,000000
0,000000
0,000000
0,000000
0,000000
0,000000
0,000000
0,000000
0,007197
0,060427
0,161691
0,255201
0,306221
0,325556
0,307687
0,264173
0,191237
0,092333
0,016596
0,000151
0,000000
0,000000
0,000000
0,000000
0,000000
0,000000
0,000000
0,000000
0,000000
0,000000
0,000000
0,000000
0,014718
0,107319
0,245306
0,360290
0,448619
0,489711
0,465793
0,386437
0,264944
0,123138
0,018227
0,000186
0,000000
0,000000
0,000000
0,000000
0,000000
0,000000
0,000000
0,000000
0,000000
0,000000
0,000000
0,000000
0,015970
0,093840
0,176670
0,243035
0,282813
0,290609
0,265707
0,218189
0,146423
0,066833
0,011917
0,000206
0,000000
0,000000
0,000000
0,000000
0,000000
0,000000
0,000000
0,000000
0,000000
0,000000
0,000000
0,000000
0,008800
0,068422
0,178260
0,288896
0,347678
0,357111
0,348180
0,303132
0,230072
0,118301
0,024131
0,000220
0,000000
0,000000
0,000000
0,000000
0,000000
0,000000
0,000000
0,000000
0,000000
0,000000
0,000000
0,000007
0,005302
0,024528
0,053704
0,094022
0,141852
0,167606
0,172358
0,159550
0,117194
0,060515
0,013435
0,000482
0,000000
0,000000
0,000000
0,000000
0,000000
0,000000
0,000000
0,000000
0,000000
0,000000
0,000000
0,000021
0,008993
0,061176
0,148298
0,227900
0,275056
0,294130
0,273527
0,239276
0,175980
0,083356
0,018764
0,000441
0,000000
0,000000
0,000000
0,000000
0,000000
0,000000
0,000000
0,000000
0,000000
0,000000
0,000000
0,000048
0,025836
0,140744
0,294943
0,388765
0,426728
0,435549
0,397807
0,323596
0,227129
0,104799
0,019639
0,000413
0,000000
0,000000
0,000000
0,000000
0,000000
0,000000
0,000000
0,000000
0,000000
0,000000
0,000000
0,000069
0,019873
0,101555
0,207187
0,276144
0,297828
0,293001
0,263143
0,214225
0,158654
0,086179
0,022359
0,000592
0,000000
0,000000
0,000000
0,000000
0,000000
0,000000
0,000000
0,000000
0,000000
0,000000
0,000000
0,000062
0,012925
0,068750
0,146769
0,216380
0,275662
0,310753
0,305121
0,254529
0,180586
0,095489
0,023302
0,000627
0,000000
0,000000
0,000000
0,000000
0,000000
0,000000
0,000000
0,000000
0,000000
0,000000
0,000000
0,000131
0,022090
0,092397
0,176503
0,243126
0,277845
0,281570
0,249151
0,206182
0,151052
0,083700
0,022318
0,000647
0,000000
0,000000
0,000000
0,000000
0,000000
0,000000
0,000000
0,000000
0,000000
0,000000
0,000000
0,000275
0,039140
0,159990
0,296926
0,391864
0,448095
0,483180
0,464291
0,397676
0,289441
0,150281
0,033411
0,000764
0,000000
0,000000
0,000000
0,000000
0,000000
0,000000
0,000000
0,000000
0,000000
0,000000
0,000000
0,000448
0,044573
0,191948
0,356291
0,476576
0,550222
0,572148
0,540596
0,459519
0,324732
0,161732
0,037777
0,001005
0,000000
0,000000
0,000000
0,000000
0,000000
0,000000
0,000000
0,000000
0,000000
0,000000
0,000000
0,000496
0,030347
0,134512
0,285695
0,398433
0,470234
0,494273
0,483462
0,429200
0,320711
0,177598
0,046391
0,001219
0,000000
0,000000
0,000000
0,000000
0,000000
0,000000
0,000000
0,000000
0,000000
0,000000
0,000000
0,001150
0,050495
0,165616
0,277625
0,364946
0,402007
0,391850
0,360064
0,303750
0,215581
0,109881
0,028563
0,001047
0,000000
0,000000
0,000000
0,000000
0,000000
0,000000
0,000000
0,000000
0,000000
0,000000
0,000000
0,000668
0,030106
0,118564
0,234428
0,342705
0,423519
0,479964
0,498515
0,449170
0,335736
0,189359
0,053567
0,001701
0,000000
0,000000
0,000000
0,000000
0,000000
0,000000
0,000000
0,000000
0,000000
0,000000
0,000000
0,001060
0,032798
0,137005
0,271351
0,369980
0,416771
0,430901
0,410057
0,349591
0,260093
0,153400
0,047961
0,001983
0,000000
0,000000
0,000000
0,000000
0,000000
0,000000
0,000000
0,000000
0,000000
0,000000
0,000000
0,001315
0,038720
0,137693
0,247409
0,331129
0,375930
0,339351
0,297236
0,249254
0,183141
0,106031
0,033921
0,001570
0,000000
0,000000
0,000000
0,000000
0,000000
0,000000
0,000000
0,000000
0,000000
0,000000
0,000000
0,000833
0,018923
0,059179
0,104606
0,144683
0,174575
0,182652
0,163289
0,134774
0,094910
0,049311
0,014103
0,000785
0,000000
0,000000
0,000000
0,000000
0,000000
0,000000
0,000000
0,000000
0,000000
0,000000
0,000000
0,001315
0,023295
0,070472
0,131365
0,192320
0,234360
0,259094
0,261270
0,241659
0,187445
0,109385
0,032296
0,001288
0,000000
0,000000
0,000000
0,000000
0,000000
0,000000
0,000000
0,000000
0,000000
0,000000
0,000000
0,002871
0,052244
0,158062
0,289896
0,400988
0,465042
0,483696
0,463079
0,399783
0,290329
0,168839
0,052768
0,002699
0,000000
0,000000
0,000000
0,000000
0,000000
0,000000
0,000000
0,000000
0,000000
0,000000
0,000000
0,003801
0,066547
0,188409
0,326330
0,435618
0,505918
0,528759
0,509650
0,449968
0,343042
0,193691
0,062911
0,006280
0,000000
0,000000
0,000000
0,000000
0,000000
0,000000
0,000000
0,000000
0,000000
0,000000
0,000000
0,006494
0,090118
0,237906
0,391726
0,509347
0,576582
0,596655
0,571652
0,495768
0,371688
0,210004
0,065534
0,003629
0,000000
0,000000
0,000000
0,000000
0,000000
0,000000
0,000000
0,000000
0,000000
0,000000
0,000000
0,006976
0,083872
0,209308
0,333677
0,435363
0,507791
0,542496
0,528208
0,463224
0,353929
0,206981
0,066719
0,004228
0,000000
0,000000
0,000000
0,000000
0,000000
0,000000
0,000000
0,000000
0,000000
0,000000
0,000000
0,008311
0,090937
0,220147
0,332837
0,201437
0,409210
0,536939
0,511530
0,453818
0,349653
0,208771
0,069136
0,004173
0,000000
0,000000
0,000000
0,000000
0,000000
0,000000
0,000000
0,000000
0,000000
0,000000
0,000000
0,006659
0,064343
0,151720
0,236329
0,292526
0,318018
0,315016
0,265409
0,196789
0,131758
0,070382
0,023316
0,002018
0,000000
0,000000
0,000000
0,000000
0,000000
0,000000
0,000000
0,000000
0,000000
0,000000
0,000000
0,005233
0,048629
0,109860
0,184746
0,252862
0,303509
0,327576
0,333147
0,319526
0,272371
0,174451
0,061010
0,005612
0,000000
0,000000
0,000000
0,000000
0,000000
0,000000
0,000000
0,000000
0,000000
0,000000
0,000000
0,008263
0,070623
0,169941
0,265202
0,350899
0,413417
0,437815
0,434743
0,397731
0,312117
0,183086
0,067483
0,006356
0,000000
0,000000
0,000000
0,000000
0,000000
0,000000
0,000000
0,000000
0,000000
0,000000
0,000000
0,009854
0,074245
0,180931
0,305603
0,414443
0,477981
0,477285
0,435101
0,360057
0,265305
0,156327
0,059819
0,005901
0,000000
0,000000
0,000000
0,000000
0,000000
0,000000
0,000000
0,000000
0,000000
0,000000
0,000000
0,013676
0,095489
0,223796
0,350238
0,440906
0,483882
0,471735
0,416895
0,325448
0,218763
0,116815
0,038651
0,003829
0,000000
0,000000
0,000000
0,000000
0,000000
0,000000
0,000000
0,000000
0,000000
0,000000
0,000000
0,003243
0,023805
0,052141
0,088334
0,120554
0,147733
0,167455
0,160589
0,133135
0,092604
0,050475
0,018400
0,002307
0,000000
0,000000
0,000000
0,000000
0,000000
0,000000
0,000000
0,000000
0,000000
0,000000
0,000007
0,005591
0,043492
0,111155
0,200033
0,277363
0,328691
0,304060
0,275235
0,235640
0,170395
0,102333
0,041110
0,005006
0,000000
0,000000
0,000000
0,000000
0,000000
0,000000
0,000000
0,000000
0,000000
0,000000
0,000014
0,012064
0,082584
0,193016
0,321867
0,409575
0,442566
0,450602
0,437973
0,367680
0,264507
0,143560
0,047762
0,005357
0,000000
0,000000
0,000000
0,000000
0,000000
0,000000
0,000000
0,000000
0,000000
0,000000
0,000014
0,004779
0,030188
0,072999
0,111561
0,146322
0,153690
0,150247
0,128356
0,106135
0,080443
0,041213
0,015053
0,002073
0,000000
0,000000
0,000000
0,000000
0,000000
0,000000
0,000000
0,000000
0,000000
0,000000
0,000062
0,007871
0,051632
0,125133
0,194889
0,255851
0,308584
0,348358
0,364100
0,324732
0,259597
0,169355
0,070059
0,009813
0,000000
0,000000
0,000000
0,000000
0,000000
0,000000
0,000000
0,000000
0,000000
0,000000
0,000014
0,003354
0,023061
0,077668
0,136027
0,200983
0,263226
0,292113
0,275035
0,241011
0,192616
0,136419
0,062133
0,008222
0,000151
0,000000
0,000000
0,000000
0,000000
0,000000
0,000000
0,000000
0,000000
0,000000
0,000071
0,013856
0,071314
0,147478
0,229248
0,304500
0,357541
0,386341
0,393983
0,357265
0,272774
0,171471
0,075803
0,009508
0,000148
0,000000
0,000000
0,000000
0,000000
0,000000
0,000000
0,000000
0,000000
0,000000
0,000078
0,007366
0,032497
0,076984
0,140176
0,205849
0,271445
0,317147
0,339698
0,336305
0,287350
0,192474
0,088775
0,013509
0,000219
0,000000
0,000000
0,000000
0,000000
0,000000
0,000000
0,000000
0,000000
0,000000
0,000170
0,023703
0,121499
0,255362
0,378020
0,442082
0,495631
0,538895
0,531706
0,478672
0,367600
0,227149
0,091752
0,012852
0,000205
0,000000
0,000000
0,000000
0,000000
0,000000
0,000000
0,000000
0,000000
0,000000
0,000346
0,021335
0,081409
0,167096
0,255638
0,319169
0,346053
0,346520
0,338532
0,320031
0,262127
0,182676
0,083254
0,014188
0,000233
0,000000
0,000000
0,000000
0,000000
0,000000
0,000000
0,000000
0,000000
0,000000
0,000488
0,043596
0,183383
0,352479
0,498926
0,561467
0,549230
0,518253
0,484773
0,422818
0,332226
0,215492
0,100327
0,017143
0,000247
0,000000
0,000000
0,000000
0,000000
0,000000
0,000000
0,000000
0,000000
0,000000
0,000523
0,027245
0,113419
0,211738
0,276711
0,326394
0,351277
0,378042
0,399447
0,376776
0,327419
0,234904
0,110061
0,020550
0,000332
0,000000
0,000000
0,000000
0,000000
0,000000
0,000000
0,000000
0,000000
0,000000
0,000990
0,047131
0,185044
0,339769
0,459189
0,528701
0,579381
0,585078
0,555451
0,488336
0,383725
0,242404
0,104257
0,018748
0,000283
0,000000
0,000000
0,000000
0,000000
0,000000
0,000000
0,000000
0,000000
0,000000
0,000622
0,029253
0,111291
0,209271
0,303772
0,373319
0,434652
0,470514
0,464145
0,431711
0,353943
0,239789
0,113779
0,021413
0,000438
0,000000
0,000000
0,000000
0,000000
0,000000
0,000000
0,000000
0,000000
0,000000
0,001428
0,046643
0,162882
0,315783
0,459182
0,569378
0,640996
0,664402
0,634634
0,564062
0,447645
0,294137
0,133531
0,025958
0,000495
0,000000
0,000000
0,000000
0,000000
0,000000
0,000000
0,000000
0,000000
0,000000
0,001979
0,055161
0,192092
0,360277
0,507988
0,605162
0,657262
0,673649
0,641908
0,561361
0,431740
0,274555
0,122376
0,024764
0,000481
0,000000
0,000000
0,000000
0,000000
0,000000
0,000000
0,000000
0,000000
0,000000
0,002206
0,046721
0,139603
0,251962
0,357520
0,431669
0,452205
0,414222
0,370951
0,301185
0,222377
0,131050
0,056625
0,012237
0,000452
0,000000
0,000000
0,000000
0,000000
0,000000
0,000000
0,000000
0,000000
0,000000
0,002495
0,046155
0,138988
0,278549
0,426961
0,536046
0,578172
0,570417
0,547428
0,499116
0,419538
0,286163
0,137673
0,031197
0,000912
0,000000
0,000000
0,000000
0,000000
0,000000
0,000000
0,000000
0,000000
0,000000
0,002849
0,048714
0,155601
0,297813
0,416237
0,493532
0,514513
0,514633
0,488484
0,430665
0,348110
0,239124
0,119930
0,027704
0,001046
0,000000
0,000000
0,000000
0,000000
0,000000
0,000000
0,000000
0,000000
0,000000
0,003372
0,056116
0,178682
0,333329
0,478722
0,580533
0,629360
0,628625
0,582703
0,500926
0,380848
0,248908
0,122015
0,030680
0,001138
0,000000
0,000000
0,000000
0,000000
0,000000
0,000000
0,000000
0,000000
0,000000
0,004588
0,066394
0,202413
0,375921
0,532137
0,638239
0,693245
0,706662
0,677615
0,607665
0,483550
0,316794
0,142438
0,030419
0,001131
0,000000
0,000000
0,000000
0,000000
0,000000
0,000000
0,000000
0,000000
0,000000
0,005351
0,066677
0,194970
0,324040
0,423836
0,496253
0,533551
0,532702
0,493249
0,425660
0,327482
0,213795
0,102864
0,024255
0,001131
0,000000
0,000000
0,000000
0,000000
0,000000
0,000000
0,000000
0,000000
0,000000
0,003846
0,045123
0,123408
0,216693
0,293946
0,341861
0,384644
0,385231
0,347877
0,296816
0,236805
0,159878
0,087029
0,025485
0,001527
0,000000
0,000000
0,000000
0,000000
0,000000
0,000000
0,000000
0,000000
0,000000
0,007288
0,077889
0,224484
0,385768
0,495681
0,523937
0,523152
0,546756
0,552376
0,519144
0,434907
0,307696
0,160450
0,042274
0,001951
0,000000
0,000000
0,000000
0,000000
0,000000
0,000000
0,000000
0,000000
0,000000
0,008653
0,083014
0,232769
0,392166
0,532766
0,634323
0,693888
0,711695
0,681778
0,605516
0,493617
0,339203
0,166707
0,045406
0,002241
0,000000
0,000000
0,000000
0,000000
0,000000
0,000000
0,000000
0,000000
0,000000
0,009904
0,090479
0,243924
0,418619
0,565044
0,663504
0,715463
0,728287
0,698257
0,625847
0,503881
0,335966
0,164169
0,045031
0,002425
0,000000
0,000000
0,000000
0,000000
0,000000
0,000000
0,000000
0,000000
0,000000
0,011275
0,095873
0,255461
0,426940
0,569081
0,665745
0,716276
0,729885
0,699197
0,624447
0,503407
0,339203
0,167378
0,046014
0,002877
0,000000
0,000000
0,000000
0,000000
0,000000
0,000000
0,000000
0,000000
0,000000
0,008787
0,068381
0,177763
0,296540
0,408446
0,493306
0,539849
0,558477
0,546289
0,505309
0,422550
0,299227
0,152724
0,046169
0,003202
0,000000
0,000000
0,000000
0,000000
0,000000
0,000000
0,000000
0,000000
0,000014
0,010837
0,081989
0,205630
0,333435
0,446260
0,536647
0,598453
0,624376
0,606251
0,552864
0,448755
0,314362
0,163405
0,048297
0,003358
0,000000
0,000000
0,000000
0,000000
0,000000
0,000000
0,000000
0,000000
0,000028
0,012513
0,091532
0,233716
0,394046
0,543511
0,647295
0,697783
0,711604
0,681793
0,604992
0,487240
0,332629
0,155389
0,045872
0,003238
0,000000
0,000000
0,000000
0,000000
0,000000
0,000000
0,000000
0,000000
0,000042
0,013128
0,075287
0,157078
0,234381
0,293833
0,331512
0,345071
0,338107
0,301369
0,235469
0,162776
0,105565
0,056250
0,018861
0,001789
0,000000
0,000000
0,000000
0,000000
0,000000
0,000000
0,000000
0,000000
0,000042
0,008511
0,056936
0,146531
0,255807
0,355052
0,416873
0,448013
0,457203
0,433811
0,398147
0,311393
0,206938
0,110110
0,034399
0,002842
0,000000
0,000000
0,000000
0,000000
0,000000
0,000000
0,000000
0,000000
0,000042
0,009989
0,060385
0,142594
0,227629
0,317585
0,382990
0,413593
0,410560
0,389091
0,333901
0,269585
0,183942
0,091773
0,026693
0,002637
0,000000
0,000000
0,000000
0,000000
0,000000
0,000000
0,000000
0,000000
0,000049
0,007522
0,044960
0,110634
0,191958
0,272639
0,334757
0,367841
0,365635
0,340561
0,311817
0,275509
0,210762
0,130731
0,048113
0,005196
0,000000
0,000000
0,000000
0,000000
0,000000
0,000000
0,000000
0,000000
0,000148
0,020465
0,117533
0,269755
0,428325
0,559636
0,639165
0,656259
0,646489
0,605791
0,522381
0,411825
0,270370
0,137709
0,046353
0,004178
0,000000
0,000000
0,000000
0,000000
0,000000
0,000000
0,000000
0,000000
0,000141
0,013658
0,073294
0,159751
0,268949
0,372888
0,443595
0,454142
0,448027
0,433903
0,403031
0,311944
0,202428
0,101896
0,030999
0,003209
0,000000
0,000000
0,000000
0,000000
0,000000
0,000000
0,000000
0,000000
0,000198
0,012749
0,066420
0,150927
0,229560
0,279603
0,305270
0,320977
0,336380
0,336698
0,303223
0,254302
0,178719
0,098985
0,037322
0,005019
0,000000
0,000000
0,000000
0,000000
0,000000
0,000000
0,000000
0,000000
0,000282
0,017916
0,087556
0,196911
0,311602
0,405646
0,456077
0,483495
0,477403
0,450168
0,401375
0,329236
0,236781
0,142089
0,052295
0,005944
0,000000
0,000000
0,000000
0,000000
0,000000
0,000000
0,000000
0,000000
0,000367
0,015375
0,070028
0,148985
0,224647
0,280139
0,334234
0,344181
0,316784
0,267814
0,209815
0,139060
0,086991
0,045264
0,015770
0,002217
0,000000
0,000000
0,000000
0,000000
0,000000
0,000000
0,000000
0,000000
0,000311
0,017599
0,082593
0,179863
0,277944
0,375051
0,445975
0,480989
0,479055
0,426965
0,393327
0,327634
0,238398
0,130328
0,047346
0,004673
0,000000
0,000000
0,000000
0,000000
0,000000
0,000000
0,000000
0,000000
0,000247
0,015177
0,070120
0,136215
0,201019
0,265477
0,341343
0,399596
0,397789
0,331622
0,277513
0,232856
0,192456
0,114593
0,045179
0,006233
0,000000
0,000000
0,000000
0,000000
0,000000
0,000000
0,000000
0,000000
0,000551
0,019971
0,080864
0,169930
0,268294
0,355073
0,432309
0,468459
0,476909
0,488634
0,453670
0,379054
0,285674
0,154231
0,060667
0,008351
0,000000
0,000000
0,000000
0,000000
0,000000
0,000000
0,000000
0,000000
0,000762
0,026656
0,109362
0,226581
0,347802
0,421120
0,460771
0,494995
0,512071
0,516490
0,490251
0,427296
0,311666
0,179573
0,067119
0,008902
0,000000
0,000000
0,000000
0,000000
0,000000
0,000000
0,000000
0,000000
0,000762
0,027736
0,108578
0,228960
0,369587
0,488761
0,570500
0,605472
0,606912
0,577178
0,511252
0,406260
0,267426
0,144122
0,053156
0,006629
0,000007
0,000000
0,000000
0,000000
0,000000
0,000000
0,000000
0,000000
0,000579
0,017676
0,069703
0,143211
0,217841
0,271040
0,323250
0,359944
0,377324
0,376964
0,352588
0,286648
0,205678
0,138093
0,060251
0,009219
0,000007
0,000000
0,000000
0,000000
0,000000
0,000000
0,000000
0,000000
0,000918
0,027037
0,101632
0,200857
0,319862
0,442883
0,531569
0,585904
0,611571
0,608698
0,570578
0,483241
0,353951
0,197659
0,074136
0,011718
0,000021
0,000000
0,000000
0,000000
0,000000
0,000000
0,000000
0,000000
0,001518
0,037562
0,137987
0,273292
0,404156
0,521827
0,595088
0,627278
0,626276
0,585494
0,523225
0,428412
0,310141
0,179531
0,074659
0,011457
0,000028
0,000000
0,000000
0,000000
0,000000
0,000000
0,000000
0,000000
0,001539
0,035212
0,122492
0,231946
0,342847
0,438217
0,516412
0,558577
0,557716
0,514019
0,443363
0,348198
0,241815
0,135982
0,054921
0,009008
0,000042
0,000000
0,000000
0,000000
0,000000
0,000000
0,000000
0,000000
0,001934
0,033418
0,125281
0,258524
0,402293
0,512247
0,583016
0,617021
0,602091
0,566230
0,470160
0,355250
0,255121
0,154393
0,065122
0,010045
0,000155
0,000000
0,000000
0,000000
0,000000
0,000000
0,000000
0,000000
0,001694
0,030122
0,104491
0,204492
0,305927
0,376858
0,438514
0,470407
0,489390
0,476217
0,421317
0,334764
0,241892
0,142187
0,057956
0,009678
0,000162
0,000000
0,000000
0,000000
0,000000
0,000000
0,000000
0,000000
0,002090
0,027446
0,086638
0,162850
0,240459
0,320314
0,389988
0,452780
0,497458
0,506762
0,472207
0,401813
0,294900
0,173651
0,074066
0,015255
0,000191
0,000000
0,000000
0,000000
0,000000
0,000000
0,000000
0,000000
0,003085
0,041699
0,134302
0,247194
0,352744
0,427522
0,469207
0,484519
0,463263
0,406839
0,325813
0,242401
0,162405
0,093182
0,040513
0,006967
0,000155
0,000000
0,000000
0,000000
0,000000
0,000000
0,000000
0,000000
0,002351
0,030545
0,098364
0,195689
0,310063
0,393080
0,426965
0,446067
0,470266
0,469977
0,444719
0,382188
0,282476
0,173968
0,078697
0,015072
0,000268
0,000000
0,000000
0,000000
0,000000
0,000000
0,000000
0,000000
0,003035
0,041078
0,130991
0,250455
0,382237
0,496957
0,552513
0,585480
0,600460
0,583144
0,530206
0,432478
0,303590
0,168653
0,067797
0,012608
0,000184
0,000000
0,000000
0,000000
0,000000
0,000000
0,000000
0,000000
0,002266
0,028604
0,082389
0,150193
0,236160
0,314871
0,371084
0,406747
0,424155
0,419807
0,372277
0,299079
0,215935
0,133914
0,060830
0,013801
0,000339
0,000000
0,000000
0,000000
0,000000
0,000000
0,000000
0,000000
0,002195
0,024933
0,076663
0,142830
0,214771
0,260211
0,297286
0,317370
0,331686
0,330846
0,308652
0,259773
0,200532
0,132417
0,063978
0,014196
0,000431
0,000000
0,000000
0,000000
0,000000
0,000000
0,000000
0,000000
0,003720
0,038148
0,120254
0,227110
0,327090
0,389826
0,421755
0,426435
0,416340
0,405582
0,378411
0,328072
0,241412
0,150673
0,070748
0,016229
0,000374
0,000000
0,000000
0,000000
0,000000
0,000000
0,000000
0,000000
0,004871
0,046577
0,146070
0,279398
0,416228
0,524305
0,578343
0,581739
0,563865
0,514669
0,446928
0,369121
0,272558
0,165299
0,071990
0,015417
0,000318
0,000000
0,000000
0,000000
0,000000
0,000000
0,000000
0,000000
0,003466
0,033856
0,089377
0,157287
0,245224
0,337002
0,407820
0,428299
0,411314
0,367293
0,312449
0,248401
0,177053
0,105451
0,047375
0,010617
0,000459
0,000000
0,000000
0,000000
0,000000
0,000000
0,000000
0,000000
0,003897
0,034477
0,102592
0,189287
0,291667
0,382018
0,447768
0,482232
0,475426
0,445552
0,390384
0,326377
0,242139
0,148018
0,067501
0,015636
0,000522
0,000000
0,000000
0,000000
0,000000
0,000000
0,000000
0,000000
0,003219
0,029494
0,081365
0,147171
0,227393
0,310381
0,373823
0,410792
0,392861
0,349143
0,302065
0,237085
0,170770
0,106256
0,049005
0,010638
0,000508
0,000000
0,000000
0,000000
0,000000
0,000000
0,000000
0,000014
0,004341
0,036277
0,105522
0,194631
0,292902
0,366763
0,393631
0,384757
0,357558
0,329801
0,289387
0,231190
0,167516
0,110407
0,055020
0,013413
0,000664
0,000000
0,000000
0,000000
0,000000
0,000000
0,000000
0,000007
0,004638
0,037534
0,101526
0,181225
0,265364
0,310748
0,313558
0,323278
0,340341
0,361589
0,337418
0,282963
0,222239
0,153518
0,074729
0,018093
0,000741
0,000000
0,000000
0,000000
0,000000
0,000000
0,000000
0,000007
0,004659
0,044734
0,126812
0,230174
0,336529
0,428652
0,496625
0,541388
0,546908
0,526662
0,470668
0,386988
0,277549
0,165144
0,074546
0,018439
0,000889
0,000000
0,000000
0,000000
0,000000
0,000000
0,000000
0,000014
0,006050
0,048546
0,140416
0,259569
0,369566
0,433523
0,443787
0,444690
0,438739
0,432549
0,392854
0,313120
0,222458
0,141489
0,065729
0,013928
0,000544
0,000000
0,000000
0,000000
0,000000
0,000000
0,000000
0,000007
0,004221
0,033440
0,095907
0,193275
0,289034
0,345056
0,381842
0,423181
0,445559
0,437081
0,417738
0,355179
0,269332
0,172359
0,085495
0,024319
0,001433
0,000000
0,000000
0,000000
0,000000
0,000000
0,000000
0,000021
0,006883
0,054074
0,147432
0,259710
0,374719
0,451785
0,488655
0,500275
0,485641
0,444775
0,392360
0,319749
0,234184
0,146515
0,067889
0,014966
0,000445
0,000000
0,000000
0,000000
0,000000
0,000000
0,000000
0,000007
0,003495
0,032858
0,095921
0,179849
0,275183
0,356026
0,399455
0,416902
0,410513
0,399235
0,355375
0,305267
0,240223
0,163448
0,079449
0,023320
0,001274
0,000000
0,000000
0,000000
0,000000
0,000000
0,000000
0,000014
0,005490
0,047355
0,128970
0,227728
0,317161
0,400360
0,441419
0,461470
0,467498
0,482187
0,457706
0,383570
0,282583
0,168790
0,075176
0,020122
0,000891
0,000000
0,000000
0,000000
0,000000
0,000000
0,000000
0,000028
0,006531
0,049747
0,138055
0,259645
0,374224
0,455640
0,509286
0,540099
0,553662
0,546877
0,509073
0,431096
0,327668
0,204606
0,095185
0,026172
0,001663
0,000000
0,000000
0,000000
0,000000
0,000000
0,000000
0,000035
0,008115
0,056306
0,168514
0,320500
0,464881
0,578844
0,644906
0,680651
0,691406
0,672776
0,617857
0,522609
0,384327
0,231591
0,103499
0,029589
0,001748
0,000000
0,000000
0,000000
0,000000
0,000000
0,000000
0,000035
0,008568
0,056497
0,169116
0,315640
0,459602
0,574506
0,651826
0,695729
0,699259
0,669918
0,605957
0,504545
0,371719
0,221771
0,093388
0,025585
0,001351
0,000000
0,000000
0,000000
0,000000
0,000000
0,000000
0,000042
0,007500
0,049726
0,128050
0,227551
0,341274
0,455286
0,535825
0,578525
0,604018
0,583853
0,530243
0,446562
0,324519
0,192542
0,088796
0,026243
0,002292
0,000000
0,000000
0,000000
0,000000
0,000000
0,000000
0,000028
0,005929
0,042254
0,122093
0,239049
0,364205
0,469041
0,543290
0,600975
0,614744
0,596044
0,542207
0,456100
0,341536
0,210811
0,098850
0,031252
0,002370
0,000000
0,000000
0,000000
0,000000
0,000000
0,000000
0,000050
0,007472
0,044872
0,108020
0,184965
0,247504
0,315689
0,374818
0,391141
0,370134
0,353380
0,318130
0,257678
0,189118
0,122807
0,061902
0,019443
0,001755
0,000000
0,000000
0,000000
0,000000
0,000000
0,000000
0,000050
0,004854
0,029405
0,078431
0,144493
0,209573
0,256475
0,282032
0,296105
0,302034
0,292468
0,265044
0,230311
0,180479
0,116730
0,060792
0,019061
0,001698
0,000000
0,000000
0,000000
0,000000
0,000000
0,000000
0,000064
0,007302
0,043613
0,112824
0,207924
0,306519
0,390731
0,434888
0,447461
0,441638
0,425916
0,388240
0,328375
0,249195
0,162741
0,082633
0,026108
0,002278
0,000000
0,000000
0,000000
0,000000
0,000000
0,000000
0,000064
0,007528
0,046917
0,127053
0,239339
0,367042
0,455817
0,501736
0,526153
0,535783
0,520606
0,479279
0,411157
0,317189
0,205957
0,100867
0,031606
0,002774
0,000000
0,000000
0,000000
0,000000
0,000000
0,000000
0,000042
0,008123
0,051530
0,145328
0,284147
0,431513
0,545158
0,620985
0,664314
0,663401
0,629348
0,558764
0,444482
0,314776
0,183472
0,083383
0,024304
0,002009
0,000000
0,000000
0,000000
0,000000
0,000000
0,000000
0,000078
0,008398
0,052188
0,127703
0,208391
0,291329
0,365811
0,405440
0,425379
0,419124
0,413542
0,403275
0,357774
0,278310
0,179134
0,090657
0,028188
0,002130
0,000000
0,000000
0,000000
0,000000
0,000000
0,000000
0,000064
0,008052
0,048459
0,129147
0,238136
0,352785
0,444907
0,509816
0,542405
0,546120
0,506180
0,437860
0,368578
0,275459
0,177132
0,088272
0,026794
0,002052
0,000000
0,000000
0,000000
0,000000
0,000000
0,000000
0,000064
0,006679
0,038094
0,092136
0,164255
0,238391
0,317154
0,383599
0,425025
0,432723
0,418742
0,386641
0,330738
0,253270
0,162451
0,084508
0,029462
0,002858
0,000000
0,000000
0,000000
0,000000
0,000000
0,000000
0,000064
0,007627
0,048098
0,125192
0,221679
0,321802
0,394870
0,416711
0,410542
0,396249
0,379983
0,356351
0,304305
0,235221
0,161269
0,090190
0,030198
0,002958
0,000000
0,000000
0,000000
0,000000
0,000000
0,000000
0,000071
0,008915
0,054268
0,152899
0,286171
0,415233
0,523585
0,591162
0,622761
0,632206
0,606381
0,536130
0,429638
0,303067
0,181059
0,086617
0,026384
0,001741
0,000000
0,000000
0,000000
0,000000
0,000000
0,000000
0,000014
0,003509
0,024714
0,066049
0,119935
0,177358
0,225669
0,253900
0,267952
0,275777
0,272621
0,251777
0,206891
0,156861
0,104602
0,054268
0,018608
0,001854
0,000000
0,000000
0,000000
0,000000
0,000000
0,000000
0,000050
0,005674
0,034174
0,081827
0,142194
0,209247
0,280447
0,334835
0,356733
0,355814
0,321923
0,272961
0,226603
0,169788
0,104348
0,049973
0,014144
0,001479
0,000000
0,000000
0,000000
0,000000
0,000000
0,000000
0,000042
0,004592
0,028195
0,069134
0,125411
0,193922
0,252265
0,291003
0,332047
0,344061
0,344026
0,329267
0,281558
0,212120
0,140934
0,072558
0,021509
0,001634
0,000000
0,000000
0,000000
0,000000
0,000000
0,000000
0,000050
0,005901
0,033566
0,082372
0,149000
0,225287
0,288145
0,308805
0,305423
0,300696
0,304418
0,296564
0,265581
0,224502
0,151279
0,079478
0,023037
0,002200
0,000000
0,000000
0,000000
0,000000
0,000000
0,000000
0,000028
0,005689
0,039523
0,097357
0,169045
0,239650
0,284685
0,303569
0,299196
0,272862
0,233098
0,198868
0,165790
0,124265
0,081388
0,043988
0,014519
0,001514
0,000000
0,000000
0,000000
0,000000
0,000000
0,000000
0,000021
0,004436
0,032688
0,093084
0,176969
0,262249
0,321845
0,357929
0,382000
0,395160
0,395606
0,363851
0,309972
0,224863
0,154463
0,079704
0,024028
0,001868
0,000000
0,000000
0,000000
0,000000
0,000000
0,000000
0,000021
0,003856
0,029978
0,084091
0,151781
0,224572
0,278267
0,318788
0,354745
0,398492
0,432497
0,432850
0,389216
0,311833
0,208992
0,104362
0,032483
0,002568
0,000000
0,000000
0,000000
0,000000
0,000000
0,000000
0,000042
0,007769
0,053914
0,140340
0,252265
0,365196
0,458711
0,523083
0,556436
0,555403
0,522361
0,477779
0,403304
0,313559
0,204691
0,106520
0,035320
0,003120
0,000000
0,000000
0,000000
0,000000
0,000000
0,000000
0,000042
0,006693
0,048056
0,126897
0,229787
0,348441
0,444878
0,498276
0,518554
0,508260
0,492984
0,436204
0,338585
0,238185
0,142802
0,068567
0,019960
0,001939
0,000000
0,000000
0,000000
0,000000
0,000000
0,000000
0,000021
0,003962
0,027665
0,069558
0,124010
0,180719
0,232638
0,274702
0,313835
0,352000
0,377231
0,371790
0,331913
0,236247
0,161021
0,092284
0,031209
0,003184
0,000000
0,000000
0,000000
0,000000
0,000000
0,000000
0,000021
0,006884
0,048339
0,138600
0,261265
0,396391
0,503979
0,573707
0,609947
0,613584
0,582664
0,522686
0,415119
0,295411
0,184816
0,088088
0,024622
0,001854
0,000000
0,000000
0,000000
0,000000
0,000000
0,000000
0,000014
0,004295
0,035540
0,100393
0,199809
0,328672
0,461081
0,567856
0,611242
0,607902
0,584242
0,526613
0,442466
0,331729
0,211794
0,105805
0,032922
0,002866
0,000000
0,000000
0,000000
0,000000
0,000000
0,000000
0,000028
0,007762
0,051516
0,144232
0,280468
0,429617
0,548653
0,624699
0,656241
0,655187
0,635461
0,585098
0,500930
0,380945
0,236332
0,109697
0,035610
0,003792
0,000000
0,000000
0,000000
0,000000
0,000000
0,000000
0,000035
0,008219
0,054475
0,159419
0,305898
0,449070
0,566347
0,644828
0,689258
0,697137
0,672544
0,615059
0,520430
0,392832
0,242545
0,111825
0,035163
0,003256
0,000000
0,000000
0,000000
0,000000
0,000000
0,000000
0,000028
0,007901
0,052437
0,154768
0,296695
0,440554
0,555749
0,634386
0,676133
0,685032
0,659978
0,602373
0,508027
0,379898
0,233653
0,106997
0,033174
0,002711
0,000000
0,000000
0,000000
0,000000
0,000000
0,000000
0,000028
0,007632
0,049272
0,138295
0,255167
0,371566
0,474627
0,551197
0,605998
0,627668
0,610345
0,549993
0,453283
0,335185
0,203559
0,096555
0,031949
0,002895
0,000000
0,000000
0,000000
0,000000
0,000000
0,000000
0,000021
0,007122
0,050221
0,145523
0,274006
0,406757
0,517081
0,596561
0,639426
0,640382
0,614585
0,555324
0,459965
0,328382
0,198476
0,091571
0,029400
0,002761
0,000000
0,000000
0,000000
0,000000
0,000000
0,000000
0,000014
0,005777
0,043545
0,127407
0,245936
0,363283
0,466068
0,533413
0,565709
0,571890
0,548068
0,487405
0,398573
0,294713
0,182746
0,084088
0,023539
0,001791
0,000000
0,000000
0,000000
0,000000
0,000000
0,000000
0,000007
0,005189
0,034937
0,101645
0,210072
0,351956
0,477742
0,559444
0,609014
0,624029
0,611640
0,567904
0,488792
0,373336
0,234503
0,109553
0,035652
0,003157
0,000000
0,000000
0,000000
0,000000
0,000000
0,000000
0,000014
0,006421
0,048465
0,147066
0,284525
0,419252
0,527941
0,595981
0,630570
0,615541
0,553795
0,477444
0,385378
0,279669
0,159965
0,070907
0,017989
0,001770
0,000000
0,000000
0,000000
0,000000
0,000000
0,000000
0,000007
0,003235
0,029535
0,083359
0,148716
0,226928
0,308305
0,358214
0,375877
0,401979
0,410077
0,391990
0,331447
0,258594
0,167313
0,081809
0,022859
0,001600
0,000000
0,000000
0,000000
0,000000
0,000000
0,000000
0,000007
0,003264
0,030370
0,088704
0,161480
0,250205
0,333635
0,398156
0,422452
0,427308
0,417992
0,397420
0,358625
0,285368
0,191199
0,097935
0,032445
0,002541
0,000000
0,000000
0,000000
0,000000
0,000000
0,000000
0,000000
0,005076
0,044649
0,141240
0,280058
0,408109
0,503779
0,574268
0,615739
0,629784
0,620043
0,582863
0,504402
0,387650
0,243218
0,110834
0,036055
0,003150
0,000000
0,000000
0,000000
0,000000
0,000000
0,000000
0,000000
0,005671
0,046823
0,143760
0,274310
0,402828
0,507878
0,578311
0,602048
0,622457
0,609212
0,552337
0,462648
0,342449
0,208713
0,097907
0,032119
0,002683
0,000000
0,000000
0,000000
0,000000
0,000000
0,000000
0,000000
0,004184
0,040303
0,120073
0,229788
0,337281
0,424024
0,480970
0,485897
0,464248
0,421687
0,352763
0,277418
0,189938
0,100293
0,049605
0,011752
0,000757
0,000000
0,000000
0,000000
0,000000
0,000000
0,000000
0,000000
0,001911
0,016226
0,050192
0,102834
0,166010
0,220967
0,255472
0,269751
0,249681
0,222971
0,182859
0,151469
0,123541
0,079444
0,039701
0,009614
0,000531
0,000000
0,000000
0,000000
0,000000
0,000000
0,000000
0,000000
0,001402
0,017882
0,061753
0,115705
0,173224
0,230730
0,278345
0,314464
0,350682
0,370150
0,353690
0,307448
0,245186
0,155922
0,076067
0,020912
0,001246
0,000000
0,000000
0,000000
0,000000
0,000000
0,000000
0,000000
0,002973
0,032678
0,104512
0,212160
0,332488
0,435867
0,488233
0,509230
0,522554
0,514144
0,471236
0,392811
0,291789
0,182229
0,086403
0,024530
0,001168
0,000000
0,000000
0,000000
0,000000
0,000000
0,000000
0,000000
0,002350
0,031340
0,106509
0,221243
0,347857
0,456603
0,541335
0,587931
0,602274
0,581135
0,541788
0,464801
0,354207
0,222695
0,102395
0,030108
0,002053
0,000000
0,000000
0,000000
0,000000
0,000000
0,000000
0,000000
0,003249
0,038172
0,110926
0,217045
0,338130
0,436200
0,512140
0,559041
0,559742
0,525697
0,477664
0,407458
0,297155
0,179043
0,084605
0,023086
0,001409
0,000000
0,000000
0,000000
0,000000
0,000000
0,000000
0,000000
0,002513
0,031630
0,102020
0,202922
0,313020
0,403090
0,461870
0,476765
0,449700
0,435697
0,400138
0,349719
0,272505
0,189110
0,090559
0,025096
0,001572
0,000000
0,000000
0,000000
0,000000
0,000000
0,000000
0,000000
0,002039
0,023525
0,079232
0,148085
0,193075
0,257412
0,324835
0,367516
0,356133
0,315292
0,297105
0,272724
0,222390
0,136808
0,065116
0,018180
0,000892
0,000000
0,000000
0,000000
0,000000
0,000000
0,000000
0,000000
0,002294
0,030356
0,098849
0,203927
0,317982
0,402212
0,443633
0,455987
0,450458
0,425355
0,399961
0,350519
0,268342
0,170407
0,080025
0,019978
0,000821
0,000000
0,000000
0,000000
0,000000
0,000000
0,000000
0,000000
0,001437
0,025379
0,090863
0,196607
0,323108
0,427117
0,500941
0,546956
0,564640
0,556145
0,522646
0,451796
0,346038
0,214015
0,095479
0,025804
0,001239
0,000000
0,000000
0,000000
0,000000
0,000000
0,000000
0,000000
0,001834
0,033075
0,112427
0,230701
0,351892
0,455010
0,533498
0,576180
0,572711
0,529492
0,458861
0,360834
0,243133
0,141261
0,069307
0,018158
0,000984
0,000000
0,000000
0,000000
0,000000
0,000000
0,000000
0,000000
0,001253
0,021259
0,075317
0,160050
0,250417
0,336679
0,407699
0,428937
0,413886
0,406524
0,387714
0,346031
0,264611
0,164177
0,078779
0,019921
0,000934
0,000000
0,000000
0,000000
0,000000
0,000000
0,000000
0,000000
0,001508
0,028820
0,103556
0,214709
0,345464
0,467108
0,543466
0,579365
0,570899
0,526936
0,466344
0,386206
0,284370
0,175716
0,078906
0,016644
0,000524
0,000000
0,000000
0,000000
0,000000
0,000000
0,000000
0,000000
0,000821
0,019100
0,076237
0,168715
0,270105
0,361357
0,431669
0,453799
0,465756
0,456688
0,393767
0,315880
0,221845
0,128547
0,060996
0,013932
0,000361
0,000000
0,000000
0,000000
0,000000
0,000000
0,000000
0,000000
0,001041
0,027638
0,106218
0,241688
0,382673
0,498095
0,576541
0,616567
0,613226
0,580965
0,509245
0,397030
0,268137
0,140843
0,052408
0,009302
0,000368
0,000000
0,000000
0,000000
0,000000
0,000000
0,000000
0,000000
0,000488
0,011284
0,049803
0,116526
0,194986
0,272519
0,325840
0,365626
0,373265
0,372918
0,353039
0,299937
0,239791
0,158924
0,074333
0,015532
0,000418
0,000000
0,000000
0,000000
0,000000
0,000000
0,000000
0,000000
0,000715
0,019433
0,078743
0,158294
0,242276
0,311703
0,355106
0,382440
0,414424
0,421227
0,393788
0,315972
0,214454
0,115181
0,050334
0,009685
0,000311
0,000000
0,000000
0,000000
0,000000
0,000000
0,000000
0,000000
0,000757
0,018286
0,077320
0,164757
0,260123
0,325253
0,359170
0,350781
0,332955
0,337691
0,333373
0,307731
0,243706
0,158294
0,074333
0,017097
0,000326
0,000000
0,000000
0,000000
0,000000
0,000000
0,000000
0,000000
0,000715
0,024820
0,103018
0,218496
0,337174
0,427939
0,469416
0,473544
0,480064
0,467845
0,412484
0,358887
0,264583
0,162329
0,073236
0,015575
0,000304
0,000000
0,000000
0,000000
0,000000
0,000000
0,000000
0,000000
0,000743
0,024997
0,112951
0,255621
0,407040
0,508586
0,556761
0,587634
0,595506
0,586721
0,546220
0,474053
0,354972
0,211495
0,087437
0,020204
0,000375
0,000000
0,000000
0,000000
0,000000
0,000000
0,000000
0,000000
0,000581
0,023765
0,100334
0,210637
0,321308
0,421004
0,493597
0,529685
0,553620
0,541227
0,459890
0,351692
0,244584
0,140928
0,061901
0,014575
0,000298
0,000000
0,000000
0,000000
0,000000
0,000000
0,000000
0,000000
0,000588
0,020138
0,092107
0,216043
0,349942
0,459529
0,540986
0,612269
0,646776
0,626405
0,563037
0,462874
0,334048
0,190846
0,077248
0,017225
0,000326
0,000000
0,000000
0,000000
0,000000
0,000000
0,000000
0,000000
0,000560
0,024049
0,109325
0,254370
0,408165
0,540150
0,629210
0,679065
0,689786
0,664348
0,601116
0,501363
0,363745
0,206031
0,078807
0,014901
0,000198
0,000000
0,000000
0,000000
0,000000
0,000000
0,000000
0,000000
0,000468
0,023156
0,106959
0,229881
0,352811
0,449623
0,499167
0,496573
0,456666
0,397650
0,326771
0,257636
0,191626
0,115199
0,051300
0,009537
0,000128
0,000000
0,000000
0,000000
0,000000
0,000000
0,000000
0,000000
0,000283
0,019422
0,092702
0,211494
0,354753
0,498777
0,606005
0,658545
0,670570
0,657164
0,598799
0,498175
0,363107
0,203905
0,074506
0,013031
0,000198
0,000000
0,000000
0,000000
0,000000
0,000000
0,000000
0,000000
0,000347
0,021675
0,106647
0,237229
0,382741
0,508031
0,599996
0,649242
0,657844
0,626440
0,557021
0,459565
0,327034
0,185142
0,071105
0,011982
0,000149
0,000000
0,000000
0,000000
0,000000
0,000000
0,000000
0,000000
0,000255
0,019358
0,093205
0,198471
0,323611
0,439087
0,539201
0,588205
0,615570
0,600747
0,545812
0,452146
0,321882
0,181026
0,069008
0,011061
0,000014
0,000000
0,000000
0,000000
0,000000
0,000000
0,000000
0,000000
0,000184
0,016418
0,080550
0,182166
0,305153
0,422634
0,506692
0,546506
0,543778
0,516201
0,465637
0,376612
0,269165
0,153320
0,058670
0,008467
0,000021
0,000000
0,000000
0,000000
0,000000
0,000000
0,000000
0,000000
0,000149
0,016602
0,088004
0,200915
0,335395
0,454130
0,541029
0,591366
0,608733
0,585322
0,523081
0,416781
0,285306
0,160477
0,054574
0,007348
0,000007
0,000000
0,000000
0,000000
0,000000
0,000000
0,000000
0,000000
0,000135
0,015163
0,079657
0,175074
0,284881
0,391903
0,472489
0,524711
0,534397
0,512750
0,451629
0,356007
0,244414
0,134076
0,046192
0,004960
0,000000
0,000000
0,000000
0,000000
0,000000
0,000000
0,000000
0,000000
0,000113
0,013619
0,079353
0,182492
0,308972
0,431385
0,525667
0,579915
0,591550
0,561067
0,503383
0,416880
0,293993
0,164098
0,060136
0,006639
0,000000
0,000000
0,000000
0,000000
0,000000
0,000000
0,000000
0,000000
0,000092
0,013229
0,078602
0,184023
0,302815
0,413628
0,499889
0,551034
0,547817
0,519772
0,457503
0,371248
0,255036
0,138015
0,051456
0,006760
0,000000
0,000000
0,000000
0,000000
0,000000
0,000000
0,000000
0,000000
0,000064
0,012910
0,083944
0,204430
0,347688
0,488332
0,591607
0,647825
0,657164
0,623152
0,555285
0,441730
0,304593
0,164034
0,053922
0,005612
0,000000
0,000000
0,000000
0,000000
0,000000
0,000000
0,000000
0,000000
0,000064
0,012613
0,076547
0,175428
0,293008
0,407952
0,491762
0,541270
0,549744
0,521253
0,440738
0,316972
0,193085
0,097436
0,030809
0,003458
0,000000
0,000000
0,000000
0,000000
0,000000
0,000000
0,000000
0,000000
0,000035
0,008942
0,059031
0,142812
0,249792
0,346966
0,412480
0,442318
0,434460
0,398812
0,347731
0,277434
0,186149
0,101907
0,034040
0,003309
0,000000
0,000000
0,000000
0,000000
0,000000
0,000000
0,000000
0,000000
0,000028
0,004889
0,026571
0,056480
0,089365
0,130745
0,170588
0,201744
0,210275
0,198874
0,183725
0,146490
0,103565
0,055722
0,017502
0,001594
0,000000
0,000000
0,000000
0,000000
0,000000
0,000000
0,000000
0,000000
0,000014
0,003309
0,020825
0,049621
0,086502
0,124687
0,153179
0,170553
0,177376
0,174904
0,154716
0,128131
0,094828
0,054822
0,017488
0,001240
0,000000
0,000000
0,000000
0,000000
0,000000
0,000000
0,000000
0,000000
0,000007
0,004336
0,036754
0,095352
0,171616
0,245583
0,302687
0,338392
0,349148
0,327969
0,285178
0,227316
0,161476
0,094027
0,031312
0,002317
0,000000
0,000000
0,000000
0,000000
0,000000
0,000000
0,000000
0,000000
0,000014
0,006845
0,051917
0,130342
0,229449
0,310000
0,352096
0,366678
0,364900
0,338909
0,290521
0,233474
0,164445
0,089372
0,030816
0,002756
0,000000
0,000000
0,000000
0,000000
0,000000
0,000000
0,000000
0,000000
0,000000
0,006391
0,053122
0,128343
0,238512
0,345343
0,414868
0,444394
0,442665
0,406542
0,358388
0,297174
0,209893
0,114944
0,037448
0,003089
0,000000
0,000000
0,000000
0,000000
0,000000
0,000000
0,000000
0,000000
0,000000
0,007327
0,067144
0,184398
0,331923
0,476471
0,587001
0,639003
0,628133
0,582650
0,514025
0,416462
0,286199
0,148410
0,044470
0,002962
0,000000
0,000000
0,000000
0,000000
0,000000
0,000000
0,000000
0,000000
0,000000
0,008283
0,081089
0,224440
0,385561
0,522386
0,616598
0,661394
0,658652
0,621310
0,549709
0,445039
0,306230
0,155241
0,043109
0,002523
0,000000
0,000000
0,000000
0,000000
0,000000
0,000000
0,000000
0,000000
0,000000
0,007475
0,077050
0,216518
0,378646
0,518326
0,613813
0,654910
0,644586
0,591515
0,483295
0,344146
0,208086
0,092539
0,023333
0,001396
0,000000
0,000000
0,000000
0,000000
0,000000
0,000000
0,000000
0,000000
0,000000
0,003118
0,040063
0,130710
0,254015
0,351373
0,399095
0,417745
0,445705
0,447519
0,384166
0,268328
0,162801
0,077298
0,020286
0,001311
0,000000
0,000000
0,000000
0,000000
0,000000
0,000000
0,000000
0,000000
0,000000
0,003068
0,033714
0,098661
0,191527
0,295672
0,380297
0,447342
0,475734
0,468004
0,435856
0,363312
0,251202
0,128669
0,033813
0,001283
0,000000
0,000000
0,000000
0,000000
0,000000
0,000000
0,000000
0,000000
0,000000
0,005378
0,062914
0,185461
0,343557
0,490076
0,594710
0,651941
0,666354
0,640406
0,563887
0,437160
0,289026
0,142557
0,033976
0,001155
0,000000
0,000000
0,000000
0,000000
0,000000
0,000000
0,000000
0,000000
0,000000
0,004882
0,053887
0,143032
0,252251
0,348312
0,418106
0,446378
0,445776
0,412197
0,344996
0,262844
0,165961
0,076901
0,017813
0,000376
0,000000
0,000000
0,000000
0,000000
0,000000
0,000000
0,000000
0,000000
0,000000
0,002515
0,030029
0,081967
0,162886
0,267301
0,349750
0,381671
0,394057
0,387354
0,352946
0,292399
0,204911
0,102658
0,024871
0,000999
0,000000
0,000000
0,000000
0,000000
0,000000
0,000000
0,000000
0,000000
0,000000
0,004287
0,059300
0,173826
0,324865
0,470257
0,576202
0,628481
0,637812
0,605197
0,534361
0,425723
0,281678
0,129846
0,027804
0,000808
0,000000
0,000000
0,000000
0,000000
0,000000
0,000000
0,000000
0,000000
0,000000
0,003607
0,056799
0,170397
0,305876
0,428883
0,525100
0,588418
0,610525
0,587667
0,519340
0,406294
0,261066
0,114710
0,023369
0,000694
0,000000
0,000000
0,000000
0,000000
0,000000
0,000000
0,000000
0,000000
0,000000
0,003515
0,054865
0,170057
0,322740
0,459047
0,554279
0,611688
0,626723
0,594831
0,522783
0,408668
0,259330
0,114271
0,021944
0,000496
0,000000
0,000000
0,000000
0,000000
0,000000
0,000000
0,000000
0,000000
0,000000
0,002823
0,044927
0,139965
0,244251
0,321900
0,370777
0,378692
0,347459
0,298199
0,228025
0,156865
0,093400
0,043494
0,012319
0,000340
0,000000
0,000000
0,000000
0,000000
0,000000
0,000000
0,000000
0,000000
0,000000
0,002482
0,044303
0,142731
0,266576
0,375819
0,435313
0,451036
0,438724
0,403712
0,333580
0,251620
0,165758
0,079237
0,015914
0,000284
0,000000
0,000000
0,000000
0,000000
0,000000
0,000000
0,000000
0,000000
0,000000
0,001489
0,030410
0,098726
0,182757
0,268675
0,327219
0,338403
0,327900
0,308291
0,274037
0,216501
0,140469
0,067054
0,014510
0,000227
0,000000
0,000000
0,000000
0,000000
0,000000
0,000000
0,000000
0,000000
0,000000
0,001716
0,042757
0,138334
0,256953
0,378124
0,438107
0,450461
0,433462
0,411236
0,363919
0,291291
0,190729
0,083911
0,013701
0,000191
0,000000
0,000000
0,000000
0,000000
0,000000
0,000000
0,000000
0,000000
0,000000
0,001000
0,028566
0,102492
0,208338
0,303404
0,354523
0,366855
0,355253
0,322595
0,263704
0,206728
0,131880
0,058288
0,009432
0,000156
0,000000
0,000000
0,000000
0,000000
0,000000
0,000000
0,000000
0,000000
0,000000
0,000582
0,024304
0,097464
0,189466
0,268590
0,335034
0,350785
0,341821
0,338949
0,309844
0,255095
0,169638
0,075933
0,010971
0,000177
0,000000
0,000000
0,000000
0,000000
0,000000
0,000000
0,000000
0,000000
0,000000
0,000759
0,022623
0,083840
0,161907
0,245549
0,307801
0,338701
0,341495
0,326027
0,274526
0,213976
0,140384
0,059735
0,008184
0,000163
0,000000
0,000000
0,000000
0,000000
0,000000
0,000000
0,000000
0,000000
0,000000
0,000993
0,034232
0,120725
0,230514
0,350445
0,434178
0,449156
0,429434
0,399251
0,349764
0,278583
0,183268
0,075692
0,010035
0,000000
0,000000
0,000000
0,000000
0,000000
0,000000
0,000000
0,000000
0,000000
0,000000
0,000816
0,039097
0,157099
0,307383
0,429746
0,489367
0,496629
0,496190
0,478588
0,447873
0,359380
0,227720
0,095024
0,011999
0,000000
0,000000
0,000000
0,000000
0,000000
0,000000
0,000000
0,000000
0,000000
0,000000
0,000738
0,039055
0,150036
0,284639
0,418981
0,509707
0,548740
0,535216
0,489899
0,420917
0,325460
0,201544
0,081748
0,009929
0,000000
0,000000
0,000000
0,000000
0,000000
0,000000
0,000000
0,000000
0,000000
0,000000
0,000411
0,029850
0,133618
0,265832
0,391053
0,487566
0,544351
0,541946
0,497516
0,419122
0,319950
0,197452
0,077869
0,008773
0,000000
0,000000
0,000000
0,000000
0,000000
0,000000
0,000000
0,000000
0,000000
0,000000
0,000454
0,030396
0,103272
0,204338
0,338424
0,457929
0,534507
0,560201
0,535500
0,441015
0,303291
0,162461
0,052849
0,003964
0,000000
0,000000
0,000000
0,000000
0,000000
0,000000
0,000000
0,000000
0,000000
0,000000
0,000248
0,022524
0,096613
0,209387
0,308823
0,377004
0,397357
0,378181
0,339098
0,264654
0,190594
0,111257
0,044870
0,004986
0,000000
0,000000
0,000000
0,000000
0,000000
0,000000
0,000000
0,000000
0,000000
0,000000
0,000255
0,015177
0,056707
0,116165
0,167439
0,207239
0,254690
0,271321
0,267229
0,247457
0,193409
0,140142
0,063366
0,005893
0,000000
0,000000
0,000000
0,000000
0,000000
0,000000
0,000000
0,000000
0,000000
0,000000
0,000241
0,021978
0,102492
0,194665
0,286994
0,340346
0,353785
0,360395
0,352147
0,301908
0,215096
0,120718
0,040544
0,003688
0,000000
0,000000
0,000000
0,000000
0,000000
0,000000
0,000000
0,000000
0,000000
0,000000
0,000113
0,013545
0,056168
0,117789
0,200005
0,258903
0,303830
0,297163
0,239251
0,205771
0,156553
0,111505
0,032722
0,001574
0,000000
0,000000
0,000000
0,000000
0,000000
0,000000
0,000000
0,000000
0,000000
0,000000
0,000106
0,021971
0,102499
0,202175
0,277803
0,336360
0,349565
0,307525
0,244747
0,158532
0,091584
0,045494
0,018893
0,001681
0,000000
0,000000
0,000000
0,000000
0,000000
0,000000
0,000000
0,000000
0,000000
0,000000
0,000121
0,020311
0,110158
0,237322
0,349778
0,419697
0,453823
0,438703
0,385783
0,321155
0,238422
0,137228
0,048416
0,002879
0,000000
0,000000
0,000000
0,000000
0,000000
0,000000
0,000000
0,000000
0,000000
0,000000
0,000113
0,022637
0,115761
0,232216
0,325871
0,393436
0,419151
0,407364
0,360203
0,308794
0,231734
0,136561
0,043984
0,002198
0,000000
0,000000
0,000000
0,000000
0,000000
0,000000
0,000000
0,000000
0,000000
0,000000
0,000050
0,013957
0,077089
0,162907
0,246194
0,322035
0,370515
0,356551
0,328588
0,294724
0,225727
0,136916
0,043785
0,001745
0,000000
0,000000
0,000000
0,000000
0,000000
0,000000
0,000000
0,000000
0,000000
0,000000
0,000028
0,020425
0,119158
0,264520
0,401471
0,506771
0,551556
0,535869
0,483254
0,401095
0,295993
0,164978
0,044707
0,001234
0,000000
0,000000
0,000000
0,000000
0,000000
0,000000
0,000000
0,000000
0,000000
0,000000
0,000021
0,013964
0,085322
0,161851
0,223366
0,270058
0,278803
0,255804
0,216614
0,164546
0,123519
0,070614
0,020304
0,000908
0,000000
0,000000
0,000000
0,000000
0,000000
0,000000
0,000000
0,000000
0,000000
0,000000
0,000007
0,005376
0,039168
0,091357
0,150468
0,203976
0,249946
0,276370
0,284044
0,234840
0,161886
0,096095
0,026885
0,000957
0,000000
0,000000
0,000000
0,000000
0,000000
0,000000
0,000000
0,000000
0,000000
0,000000
0,000007
0,013198
0,090081
0,198870
0,305539
0,372373
0,390507
0,388074
0,373472
0,319971
0,222422
0,121994
0,032772
0,001000
0,000000
0,000000
0,000000
0,000000
0,000000
0,000000
0,000000
0,000000
0,000000
0,000000
0,000007
0,012560
0,086173
0,203381
0,331665
0,433625
0,476871
0,440866
0,368132
0,286065
0,200005
0,101719
0,025183
0,000660
0,000000
0,000000
0,000000
0,000000
0,000000
0,000000
0,000000
0,000000
0,000000
0,000000
0,000000
0,010539
0,070826
0,179282
0,302809
0,398187
0,439902
0,403712
0,331254
0,257243
0,178020
0,096286
0,022240
0,000596
0,000000
0,000000
0,000000
0,000000
0,000000
0,000000
0,000000
0,000000
0,000000
0,000000
0,000000
0,014496
0,112229
0,276916
0,438434
0,545705
0,552187
0,493757
0,438207
0,368437
0,272533
0,146312
0,033211
0,000574
0,000000
0,000000
0,000000
0,000000
0,000000
0,000000
0,000000
0,000000
0,000000
0,000000
0,000000
0,013780
0,112484
0,263413
0,410435
0,512104
0,542783
0,501424
0,457936
0,397492
0,297518
0,163496
0,036708
0,000504
0,000000
0,000000
0,000000
0,000000
0,000000
0,000000
0,000000
0,000000
0,000000
0,000000
0,000000
0,015113
0,137320
0,319985
0,489304
0,587732
0,577434
0,532486
0,480985
0,405939
0,297114
0,153121
0,031204
0,000418
0,000000
0,000000
0,000000
0,000000
0,000000
0,000000
0,000000
0,000000
0,000000
0,000000
0,000014
0,015389
0,138008
0,326304
0,493282
0,606426
0,658537
0,643935
0,597738
0,497296
0,353579
0,169794
0,031701
0,000255
0,000000
0,000000
0,000000
0,000000
0,000000
0,000000
0,000000
0,000000
0,000000
0,000000
0,000014
0,015033
0,141917
0,334767
0,514454
0,634728
0,692669
0,701795
0,654246
0,545763
0,378600
0,181776
0,031707
0,000227
0,000000
0,000000
0,000000
0,000000
0,000000
0,000000
0,000000
0,000000
0,000000
0,000000
0,000007
0,012794
0,130197
0,318931
0,487161
0,604400
0,670046
0,676713
0,609603
0,497353
0,362252
0,171200
0,026220
0,000192
0,000000
0,000000
0,000000
0,000000
0,000000
0,000000
0,000000
0,000000
0,000000
0,000000
0,000014
0,009737
0,099719
0,255255
0,415047
0,524412
0,581770
0,584378
0,513331
0,411508
0,270991
0,127474
0,019034
0,000156
0,000000
0,000000
0,000000
0,000000
0,000000
0,000000
0,000000
0,000000
0,000000
0,000000
0,000007
0,005075
0,052411
0,130410
0,204002
0,252575
0,295093
0,316124
0,285106
0,240407
0,167291
0,086314
0,015111
0,000121
0,000000
0,000000
0,000000
0,000000
0,000000
0,000000
0,000000
0,000000
0,000000
0,000000
0,000021
0,004670
0,060869
0,193319
0,307211
0,382232
0,430698
0,448176
0,411756
0,336054
0,215850
0,087708
0,008501
0,000114
0,000000
0,000000
0,000000
0,000000
0,000000
0,000000
0,000000
0,000000
0,000000
0,000000
0,000007
0,002651
0,038111
0,114539
0,190917
0,243186
0,264146
0,252035
0,205239
0,152884
0,092619
0,035851
0,004229
0,000135
0,000000
0,000000
0,000000
0,000000
0,000000
0,000000
0,000000
0,000000
0,000000
0,000000
0,000000
0,001329
0,018203
0,060087
0,109435
0,149593
0,168450
0,164754
0,147560
0,121540
0,080479
0,037642
0,005885
0,000000
0,000000
0,000000
0,000000
0,000000
0,000000
0,000000
0,000000
0,000000
0,000000
0,000000
0,000007
0,001365
0,023412
0,071339
0,131810
0,183106
0,213014
0,202907
0,177896
0,138321
0,089037
0,035716
0,003184
0,000000
0,000000
0,000000
0,000000
0,000000
0,000000
0,000000
0,000000
0,000000
0,000000
0,000000
0,000000
0,001727
0,026810
0,085945
0,161385
0,230705
0,277110
0,286066
0,258396
0,202332
0,130445
0,052660
0,004655
0,000000
0,000000
0,000000
0,000000
0,000000
0,000000
0,000000
0,000000
0,000000
0,000000
0,000000
0,000000
0,001791
0,033626
0,107566
0,199545
0,281816
0,327297
0,332791
0,308512
0,251935
0,157746
0,057863
0,005274
0,000000
0,000000
0,000000
0,000000
0,000000
0,000000
0,000000
0,000000
0,000000
0,000000
0,000000
0,000000
0,002004
0,054814
0,182686
0,318498
0,421664
0,481496
0,503252
0,471190
0,380995
0,244046
0,092136
0,006837
0,000000
0,000000
0,000000
0,000000
0,000000
0,000000
0,000000
0,000000
0,000000
0,000000
0,000000
0,000007
0,003142
0,084850
0,251772
0,399261
0,506174
0,547845
0,531477
0,465504
0,350454
0,198963
0,064146
0,004343
0,000000
0,000000
0,000000
0,000000
0,000000
0,000000
0,000000
0,000000
0,000000
0,000000
0,000000
0,000007
0,001599
0,035531
0,102115
0,161847
0,203078
0,217762
0,200832
0,158691
0,104951
0,055738
0,016511
0,001102
0,000000
0,000000
0,000000
0,000000
0,000000
0,000000
0,000000
0,000000
0,000000
0,000000
0,000000
0,000007
0,000455
0,010526
0,033846
0,072860
0,100252
0,108867
0,104943
0,092455
0,072526
0,041089
0,013099
0,000924
0,000000
0,000000
0,000000
0,000000
0,000000
0,000000
0,000000
0,000000
0,000000
0,000000
0,000000
0,000000
0,000220
0,005530
0,023988
0,045297
0,061537
0,065873
0,063791
0,054252
0,041210
0,021344
0,005629
0,000327
0,000000
0,000000
0,000000
0,000000
0,000000
0,000000
0,000000
0,000000
0,000000
0,000000
0,000000
0,000000
0,000270
0,006944
0,024877
0,048133
0,068801
0,081595
0,083258
0,072611
0,050243
0,027556
0,008565
0,000618
0,000000
0,000000
0,000000
0,000000
0,000000
0,000000
0,000000
0,000000
0,000000
0,000000
0,000000
0,000000
0,000284
0,012367
0,044991
0,089506
0,124560
0,147688
0,136068
0,099677
0,066392
0,037308
0,010363
0,000640
0,000000
0,000000
0,000000
0,000000
0,000000
0,000000
0,000000
0,000000
0,000000
0,000000
0,000000
0,000000
0,000327
0,011450
0,043612
0,091652
0,134028
0,153303
0,140503
0,115996
0,080692
0,044700
0,013931
0,000704
0,000000
0,000000
0,000000
0,000000
0,000000
0,000000
0,000000
0,000000
0,000000
0,000000
0,000000
0,000000
0,000227
0,011791
0,049853
0,098781
0,142884
0,175650
0,184399
0,168542
0,127418
0,072753
0,023455
0,001301
0,000000
0,000000
0,000000
0,000000
0,000000
0,000000
0,000000
0,000000
0,000000
0,000000
0,000000
0,000000
0,000142
0,012680
0,055873
0,111994
0,155116
0,182146
0,178180
0,142948
0,095945
0,052248
0,012836
0,000561
0,000000
0,000000
0,000000
0,000000
0,000000
0,000000
0,000000
0,000000
0,000000
0,000000
0,000000
0,000000
0,000291
0,013177
0,057280
0,117829
0,165919
0,195132
0,211642
0,186716
0,142415
0,083678
0,023398
0,000839
0,000000
0,000000
0,000000
0,000000
0,000000
0,000000
0,000000
0,000000
0,000000
0,000000
0,000000
0,000000
0,000142
0,014094
0,064516
0,127119
0,184349
0,205054
0,171200
0,135499
0,087430
0,044685
0,011010
0,000370
0,000000
0,000000
0,000000
0,000000
0,000000
0,000000
0,000000
0,000000
0,000000
0,000000
0,000000
0,000000
0,000092
0,017911
0,092846
0,194762
0,286073
0,321710
0,300494
0,248367
0,181798
0,096763
0,023931
0,000725
0,000000
0,000000
0,000000
0,000000
0,000000
0,000000
0,000000
0,000000
0,000000
0,000000
0,000000
0,000000
0,000100
0,022766
0,093728
0,176602
0,265269
0,328711
0,326330
0,288099
0,218651
0,113856
0,021365
0,000554
0,000000
0,000000
0,000000
0,000000
0,000000
0,000000
0,000000
0,000000
0,000000
0,000000
0,000000
0,000000
0,000220
0,014002
0,057543
0,115868
0,165706
0,199986
0,202701
0,174505
0,128199
0,070820
0,017705
0,000647
0,000000
0,000000
0,000000
0,000000
0,000000
0,000000
0,000000
0,000000
0,000000
0,000000
0,000000
0,000000
0,000199
0,021955
0,095803
0,195665
0,292228
0,362956
0,388763
0,366268
0,286812
0,160283
0,036178
0,000682
0,000000
0,000000
0,000000
0,000000
0,000000
0,000000
0,000000
0,000000
0,000000
0,000000
0,000000
0,000000
0,000142
0,019212
0,087843
0,177995
0,254579
0,304659
0,317254
0,294588
0,228253
0,122442
0,024727
0,000561
0,000000
0,000000
0,000000
0,000000
0,000000
0,000000
0,000000
0,000000
0,000000
0,000000
0,000000
0,000000
0,000121
0,014691
0,064707
0,135222
0,199858
0,241430
0,256079
0,235872
0,174910
0,094865
0,020050
0,000384
0,000000
0,000000
0,000000
0,000000
0,000000
0,000000
0,000000
0,000000
0,000000
0,000000
0,000000
0,000000
0,000057
0,008273
0,039276
0,088681
0,129784
0,152365
0,150638
0,132592
0,097210
0,051366
0,011294
0,000263
0,000000
0,000000
0,000000
0,000000
0,000000
0,000000
0,000000
0,000000
0,000000
0,000000
0,000000
0,000000
0,000057
0,007001
0,040336
0,088788
0,133559
0,168343
0,182651
0,168961
0,122982
0,060187
0,011415
0,000711
0,000000
0,000000
0,000000
0,000000
0,000000
0,000000
0,000000
0,000000
0,000000
0,000000
0,000000
0,000000
0,000043
0,014372
0,076989
0,170959
0,273223
0,351292
0,379204
0,353083
0,267195
0,137212
0,024045
0,000263
0,000000
0,000000
0,000000
0,000000
0,000000
0,000000
0,000000
0,000000
0,000000
0,000000
0,000000
0,000000
0,000043
0,023273
0,126240
0,252956
0,353154
0,411256
0,421413
0,386946
0,299651
0,165079
0,032082
0,000554
0,000000
0,000000
0,000000
0,000000
0,000000
0,000000
0,000000
0,000000
0,000000
0,000000
0,000000
0,000000
0,000021
0,020228
0,115963
0,241095
0,335495
0,384774
0,400510
0,362402
0,273276
0,141273
0,022720
0,000121
0,000000
0,000000
0,000000
0,000000
0,000000
0,000000
0,000000
0,000000
0,000000
0,000000
0,000000
0,000000
0,000014
0,017624
0,112712
0,242969
0,353055
0,404378
0,403498
0,345730
0,244254
0,117332
0,015076
0,000085
0,000000
0,000000
0,000000
0,000000
0,000000
0,000000
0,000000
0,000000
0,000000
0,000000
0,000000
0,000000
0,000021
0,009511
0,068607
0,159734
0,251515
0,331442
0,345808
0,276208
0,178280
0,081049
0,012691
0,000092
0,000000
0,000000
0,000000
0,000000
0,000000
0,000000
0,000000
0,000000
0,000000
0,000000
0,000000
0,000000
0,000035
0,008077
0,062623
0,161530
0,290715
0,364376
0,366938
0,316771
0,224778
0,107715
0,013443
0,000099
0,000000
0,000000
0,000000
0,000000
0,000000
0,000000
0,000000
0,000000
0,000000
0,000000
0,000000
0,000000
0,000043
0,004926
0,037064
0,101015
0,175477
0,220313
0,222464
0,197451
0,132827
0,049443
0,005316
0,000078
0,000000
0,000000
0,000000
0,000000
0,000000
0,000000
0,000000
0,000000
0,000000
0,000000
0,000000
0,000000
0,000021
0,001845
0,018454
0,058343
0,110909
0,154446
0,165632
0,142849
0,105614
0,051899
0,006984
0,000078
0,000000
0,000000
0,000000
0,000000
0,000000
0,000000
0,000000
0,000000
0,000000
0,000000
0,000000
0,000000
0,000028
0,006849
0,076812
0,195336
0,307189
0,362069
0,368826
0,310050
0,210249
0,087536
0,010164
0,000071
0,000000
0,000000
0,000000
0,000000
0,000000
0,000000
0,000000
0,000000
0,000000
0,000000
0,000000
0,000000
0,000028
0,005203
0,039683
0,098893
0,160806
0,187976
0,180523
0,144062
0,091518
0,037448
0,006175
0,000099
0,000000
0,000000
0,000000
0,000000
0,000000
0,000000
0,000000
0,000000
0,000000
0,000000
0,000000
0,000000
0,000021
0,004124
0,040940
0,104486
0,155951
0,178337
0,172113
0,146809
0,101228
0,044389
0,004876
0,000121
0,000000
0,000000
0,000000
0,000000
0,000000
0,000000
0,000000
0,000000
0,000000
0,000000
0,000000
0,000000
0,000014
0,003599
0,041948
0,110625
0,172162
0,213726
0,232301
0,227567
0,178302
0,082177
0,008744
0,000000
0,000000
0,000000
0,000000
0,000000
0,000000
0,000000
0,000000
0,000000
0,000000
0,000000
0,000000
0,000000
0,000014
0,003208
0,039187
0,112293
0,190467
0,245049
0,260032
0,237454
0,166292
0,074370
0,008539
0,000000
0,000000
0,000000
0,000000
0,000000
0,000000
0,000000
0,000000
0,000000
0,000000
0,000000
0,000000
0,000000
0,000014
0,003890
0,046362
0,117233
0,174100
0,205493
0,201724
0,160352
0,092306
0,035276
0,003194
0,000000
0,000000
0,000000
0,000000
0,000000
0,000000
0,000000
0,000000
0,000000
0,000000
0,000000
0,000000
0,000000
0,000007
0,003797
0,055476
0,152906
0,222663
0,222606
0,215267
0,163347
0,097949
0,038072
0,003031
0,000000
0,000000
0,000000
0,000000
0,000000
0,000000
0,000000
0,000000
0,000000
0,000000
0,000000
0,000000
0,000000
0,000007
0,000958
0,013755
0,035694
0,063006
0,087877
0,120690
0,123841
0,102264
0,050408
0,005614
0,000000
0,000000
0,000000
0,000000
0,000000
0,000000
0,000000
0,000000
0,000000
0,000000
0,000000
0,000000
0,000000
0,000007
0,003776
0,059110
0,141685
0,206863
0,243721
0,242926
0,206068
0,135985
0,055383
0,004436
0,000000
0,000000
0,000000
0,000000
0,000000
0,000000
0,000000
0,000000
0,000000
0,000000
0,000000
0,000000
0,000000
0,000007
0,000958
0,013287
0,035694
0,059841
0,081177
0,085946
0,083334
0,054596
0,016907
0,001789
0,000000
0,000000
0,000000
0,000000
0,000000
0,000000
0,000000
0,000000
0,000000
0,000000
0,000000
0,000000
0,000000
0,000000
0,001760
0,034133
0,093484
0,158393
0,221733
0,245766
0,223067
0,158499
0,069480
0,006438
0,000000
0,000000
0,000000
0,000000
0,000000
0,000000
0,000000
0,000000
0,000000
0,000000
0,000000
0,000000
0,000000
0,000000
0,001711
0,032266
0,095308
0,152012
0,169948
0,166917
0,138271
0,081972
0,025381
0,001668
0,000000
0,000000
0,000000
0,000000
0,000000
0,000000
0,000000
0,000000
0,000000
0,000000
0,000000
0,000000
0,000000
0,000000
0,000383
0,010718
0,036922
0,064823
0,073390
0,069806
0,048555
0,027234
0,008404
0,001015
0,000000
0,000000
0,000000
0,000000
0,000000
0,000000
0,000000
0,000000
0,000000
0,000000
0,000000
0,000000
0,000000
0,000000
0,000667
0,027163
0,093150
0,151558
0,165888
0,148846
0,117212
0,070275
0,022862
0,001065
0,000000
0,000000
0,000000
0,000000
0,000000
0,000000
0,000000
0,000000
0,000000
0,000000
0,000000
0,000000
0,000000
0,000000
0,000419
0,021364
0,061310
0,103258
0,125395
0,123309
0,100851
0,069643
0,026183
0,001760
0,000000
0,000000
0,000000
0,000000
0,000000
0,000000
0,000000
0,000000
0,000000
0,000000
0,000000
0,000000
0,000000
0,000000
0,000298
0,015097
0,059763
0,110157
0,142125
0,153289
0,139378
0,099616
0,037554
0,003499
0,000000
0,000000
0,000000
0,000000
0,000000
0,000000
0,000000
0,000000
0,000000
0,000000
0,000000
0,000000
0,000000
0,000000
0,000618
0,028192
0,101433
0,174441
0,210930
0,214678
0,178032
0,112939
0,036624
0,001845
0,000000
0,000000
0,000000
0,000000
0,000000
0,000000
0,000000
0,000000
0,000000
0,000000
0,000000
0,000000
0,000000
0,000000
0,000135
0,006203
0,023359
0,045880
0,066449
0,069274
0,060856
0,038796
0,013074
0,001455
0,000000
0,000000
0,000000
0,000000
0,000000
0,000000
0,000000
0,000000
0,000000
0,000000
0,000000
0,000000
0,000000
0,000000
0,000213
0,009816
0,049386
0,094854
0,130158
0,142352
0,124430
0,081673
0,028504
0,001909
0,000000
0,000000
0,000000
0,000000
0,000000
0,000000
0,000000
0,000000
0,000000
0,000000
0,000000
0,000000
0,000000
0,000000
0,000170
0,017141
0,069210
0,127461
0,175037
0,198935
0,175150
0,110043
0,036312
0,001952
0,000000
0,000000
0,000000
0,000000
0,000000
0,000000
0,000000
0,000000
0,000000
0,000000
0,000000
0,000000
0,000000
0,000000
0,000170
0,016502
0,046852
0,068237
0,089772
0,104045
0,095095
0,064639
0,023572
0,001703
0,000000
0,000000
0,000000
0,000000
0,000000
0,000000
0,000000
0,000000
0,000000
0,000000
0,000000
0,000000
0,000000
0,000000
0,000085
0,005728
0,019072
0,034502
0,047512
0,049024
0,036134
0,019121
0,005969
0,000561
0,000000
0,000000
0,000000
0,000000
0,000000
0,000000
0,000000
0,000000
0,000000
0,000000
0,000000
0,000000
0,000000
0,000000
0,000043
0,011065
0,035183
0,069075
0,078820
0,063503
0,045617
0,025857
0,008766
0,000717
0,000000
0,000000
0,000000
0,000000
0,000000
0,000000
0,000000
0,000000
0,000000
0,000000
0,000000
0,000000
0,000000
0,000000
0,000021
0,008327
0,035229
0,067253
0,094099
0,087796
0,063635
0,037573
0,010684
0,000776
0,000000
0,000000
0,000000
0,000000
0,000000
0,000000
0,000000
0,000000
0,000000
0,000000
0,000000
0,000000
0,000000
0,000000
0,000043
0,007621
0,026190
0,047117
0,063393
0,066441
0,056391
0,037202
0,014117
0,001011
0,000000
0,000000
0,000000
0,000000
0,000000
0,000000
0,000000
0,000000
0,000000
0,000000
0,000000
0,000000
0,000000
0,000000
0,000313
0,010577
0,057574
0,124407
0,177999
0,201575
0,178818
0,118993
0,041504
0,001681
0,000000
0,000000
0,000000
0,000000
0,000000
0,000000
0,000000
0,000000
0,000000
0,000000
0,000000
0,000000
0,000000
0,000000
0,000150
0,017273
0,062189
0,097283
0,112483
0,098779
0,072396
0,046619
0,015435
0,000506
0,000000
0,000000
0,000000
0,000000
0,000000
0,000000
0,000000
0,000000
0,000000
0,000000
0,000000
0,000000
0,000000
0,000000
0,000285
0,022807
0,098444
0,170983
0,222473
0,220493
0,177365
0,109570
0,034097
0,001303
0,000000
0,000000
0,000000
0,000000
0,000000
0,000000
0,000000
0,000000
0,000000
0,000000
0,000000
0,000000
0,000000
0,000000
0,000192
0,026447
0,104100
0,176902
0,223919
0,233578
0,193149
0,117576
0,036084
0,001097
0,000000
0,000000
0,000000
0,000000
0,000000
0,000000
0,000000
0,000000
0,000000
0,000000
0,000000
0,000000
0,000000
0,000000
0,000014
0,015620
0,078137
0,154080
0,214189
0,233528
0,201482
0,133673
0,045700
0,001880
0,000000
0,000000
0,000000
0,000000
0,000000
0,000000
0,000000
0,000000
0,000000
0,000000
0,000000
0,000000
0,000000
0,000000
0,000000
0,016874
0,097511
0,185606
0,247232
0,266585
0,225215
0,137470
0,039004
0,001225
0,000000
0,000000
0,000000
0,000000
0,000000
0,000000
0,000000
0,000000
0,000000
0,000000
0,000000
0,000000
0,000000
0,000000
0,000000
0,005121
0,031981
0,077332
0,115475
0,136109
0,126308
0,088714
0,032793
0,001709
0,000000
0,000000
0,000000
0,000000
0,000000
0,000000
0,000000
0,000000
0,000000
0,000000
0,000000
0,000000
0,000000
0,000000
0,000000
0,013868
0,083144
0,162250
0,221576
0,242930
0,208221
0,130112
0,037423
0,001190
0,000000
0,000000
0,000000
0,000000
0,000000
0,000000
0,000000
0,000000
0,000000
0,000000
0,000000
0,000000
0,000000
0,000000
0,000000
0,014830
0,068884
0,101058
0,124043
0,133802
0,101671
0,056505
0,014345
0,000591
0,000000
0,000000
0,000000
0,000000
0,000000
0,000000
0,000000
0,000000
0,000000
0,000000
0,000000
0,000000
0,000000
0,000000
0,000000
0,007664
0,048008
0,101927
0,151274
0,165199
0,138859
0,078921
0,021119
0,000734
0,000000
0,000000
0,000000
0,000000
0,000000
0,000000
0,000000
0,000000
0,000000
0,000000
0,000000
0,000000
0,000000
0,000000
0,000000
0,009751
0,050394
0,090531
0,130012
0,149614
0,126949
0,080082
0,025115
0,000990
0,000000
0,000000
0,000000
0,000000
0,000000
0,000000
0,000000
0,000000
0,000000
0,000000
0,000000
0,000000
0,000000
0,000000
0,000000
0,008946
0,056334
0,116607
0,161395
0,172913
0,146801
0,090203
0,026867
0,000855
0,000000
0,000000
0,000000
0,000000
0,000000
0,000000
0,000000
0,000000
0,000000
0,000000
0,000000
0,000000
0,000000
0,000000
0,000000
0,007194
0,036618
0,075359
0,109905
0,121828
0,103053
0,062054
0,020977
0,001246
0,000000
0,000000
0,000000
0,000000
0,000000
0,000000
0,000000
0,000000
0,000000
0,000000
0,000000
0,000000
0,000000
0,000000
0,000000
0,004359
0,024645
0,055707
0,077510
0,077745
0,059319
0,031518
0,007963
0,000378
0,000000
0,000000
0,000000
0,000000
0,000000
0,000000
0,000000
0,000000
0,000000
0,000000
0,000000
0,000000
0,000000
0,000000
0,000000
0,002849
0,018120
0,045315
0,077218
0,094797
0,093280
0,067317
0,024410
0,001061
0,000000
0,000000
0,000000
0,000000
0,000000
0,000000
0,000000
0,000000
0,000000
0,000000
0,000000
0,000000
0,000000
0,000000
0,000000
0,007479
0,022415
0,042893
0,066669
0,079597
0,082154
0,054425
0,014808
0,000499
0,000000
0,000000
0,000000
0,000000
0,000000
0,000000
0,000000
0,000000
0,000000
0,000000
0,000000
0,000000
0,000000
0,000000
0,000000
0,008305
0,049767
0,103601
0,155077
0,186019
0,167507
0,105866
0,034161
0,001439
0,000000
0,000000
0,000000
0,000000
0,000000
0,000000
0,000000
0,000000
0,000000
0,000000
0,000000
0,000000
0,000000
0,000000
0,000000
0,009580
0,069782
0,141295
0,188312
0,200229
0,165804
0,100054
0,029246
0,000833
0,000000
0,000000
0,000000
0,000000
0,000000
0,000000
0,000000
0,000000
0,000000
0,000000
0,000000
0,000000
0,000000
0,000000
0,000000
0,002792
0,017764
0,048093
0,073571
0,081492
0,084056
0,063144
0,022195
0,001147
0,000000
0,000000
0,000000
0,000000
0,000000
0,000000
0,000000
0,000000
0,000000
0,000000
0,000000
0,000000
0,000000
0,000000
0,000000
0,006916
0,046797
0,103423
0,154094
0,173796
0,149465
0,090089
0,030379
0,001147
0,000000
0,000000
0,000000
0,000000
0,000000
0,000000
0,000000
0,000000
0,000000
0,000000
0,000000
0,000000
0,000000
0,000000
0,000000
0,009395
0,059411
0,115247
0,156573
0,160519
0,129336
0,077703
0,027658
0,001859
0,000000
0,000000
0,000000
0,000000
0,000000
0,000000
0,000000
0,000000
0,000000
0,000000
0,000000
0,000000
0,000000
0,000000
0,000000
0,011083
0,077346
0,156502
0,211433
0,223791
0,194032
0,130468
0,044140
0,001667
0,000000
0,000000
0,000000
0,000000
0,000000
0,000000
0,000000
0,000000
0,000000
0,000000
0,000000
0,000000
0,000000
0,000000
0,000000
0,010143
0,067196
0,136658
0,186496
0,202643
0,168675
0,104812
0,034980
0,001667
0,000000
0,000000
0,000000
0,000000
0,000000
0,000000
0,000000
0,000000
0,000000
0,000000
0,000000
0,000000
0,000000
0,000000
0,000000
0,012052
0,084939
0,176795
0,243913
0,273686
0,240444
0,158133
0,056555
0,002436
0,000000
0,000000
0,000000
0,000000
0,000000
0,000000
0,000000
0,000000
0,000000
0,000000
0,000000
0,000000
0,000000
0,000000
0,000000
0,012807
0,086186
0,168732
0,224318
0,238528
0,198968
0,122398
0,046070
0,002443
0,000000
0,000000
0,000000
0,000000
0,000000
0,000000
0,000000
0,000000
0,000000
0,000000
0,000000
0,000000
0,000000
0,000000
0,000000
0,010820
0,081114
0,168255
0,235743
0,262532
0,227894
0,146509
0,052445
0,002664
0,000000
0,000000
0,000000
0,000000
0,000000
0,000000
0,000000
0,000000
0,000000
0,000000
0,000000
0,000000
0,000000
0,000000
0,000000
0,007878
0,062766
0,137413
0,194103
0,210692
0,176296
0,105674
0,033320
0,001325
0,000000
0,000000
0,000000
0,000000
0,000000
0,000000
0,000000
0,000000
0,000000
0,000000
0,000000
0,000000
0,000000
0,000000
0,000000
0,005378
0,041163
0,094712
0,154422
0,184188
0,160498
0,102582
0,032523
0,001496
0,000000
0,000000
0,000000
0,000000
0,000000
0,000000
0,000000
0,000000
0,000000
0,000000
0,000000
0,000000
0,000000
0,000000
0,000000
0,008362
0,052965
0,091385
0,117939
0,114185
0,099883
0,066306
0,023505
0,001681
0,000000
0,000000
0,000000
0,000000
0,000000
0,000000
0,000000
0,000000
0,000000
0,000000
0,000000
0,000000
0,000000
0,000000
0,000000
0,001462
0,021283
0,058271
0,092614
0,115573
0,096364
0,062739
0,020523
0,001371
0,000000
0,000000
0,000000
0,000000
0,000000
0,000000
0,000000