0,084368
0,084894
0,083738
0,082582
0,081742
0,081637
0,081847
0,081006
0,079535
0,078064
0,078169
0,081111
0,084578
0,085839
0,086995
0,085419
0,082792
0,082057
0,082372
0,082792
0,083948
0,083948
0,080166
0,079115
0,079325
0,078379
0,077119
0,076909
0,076488
0,077014
0,077644
0,078064
0,078485
0,077119
0,077434
0,078800
0,080166
0,078800
0,078274
0,077644
0,076383
0,075648
0,075648
0,075017
0,077329
0,077224
0,077224
0,078800
0,209397
0,213285
0,215701
0,215701
0,213810
0,213495
0,214966
0,218748
0,223056
0,225577
0,229360
0,233352
0,234928
0,238290
0,240602
0,243859
0,248272
0,254681
0,260459
0,266028
0,274328
0,278951
0,284520
0,292505
0,300069
0,312152
0,326861
0,347034
0,362059
0,380130
0,393158
0,402824
0,410599
0,412595
0,411440
0,408603
0,406607
0,405661
0,403139
0,402299
0,404085
0,404400
0,403350
0,401143
0,395890
0,390742
0,384438
0,377608
0,614638
0,603291
0,593625
0,585114
0,576499
0,567568
0,559688
0,554960
0,550442
0,546345
0,542352
0,539305
0,534683
0,533527
0,529534
0,524701
0,518502
0,513459
0,508836
0,508101
0,507786
0,507470
0,508311
0,511358
0,331064
0,330329
0,328227
0,325916
0,318351
0,316880
0,322343
0,322028
0,324235
0,324340
0,323499
0,320557
0,318561
0,316145
0,316040
0,314674
0,312888
0,313623
0,312677
0,311732
0,311837
0,311837
0,312782
0,313728
0,466494
0,461556
0,457564
0,452626
0,449789
0,449474
0,447372
0,446742
0,447688
0,451050
0,451680
0,452521
0,454517
0,459140
0,459350
0,458509
0,455883
0,453046
0,450840
0,448843
0,447057
0,446742
0,448318
0,450314
0,451575
0,452731
0,454412
0,452941
0,451890
0,449684
0,446847
0,446427
0,444431
0,443065
0,440753
0,438337
0,441699
0,443380
0,445901
0,446427
0,449264
0,448318
0,449684
0,447898
0,447583
0,446427
0,448738
0,425098
0,450945
0,448948
0,446532
0,442014
0,442119
0,444641
0,447477
0,453256
0,458089
0,462712
0,468806
0,469962
0,467440
0,470592
0,472063
0,472904
0,470697
0,471853
0,472693
0,472588
0,469857
0,470592
0,475740
0,478367
0,490765
0,512724
0,532371
0,569880
0,597197
0,631554
0,662758
0,686713
0,704575
0,702789
0,691126
0,676627
0,665490
0,660657
0,658556
0,656559
0,656665
0,658346
0,656665
0,658346
0,662233
0,664965
0,665805
0,657085
0,614533
0,613377
0,611801
0,611171
0,610330
0,611591
0,621677
0,610540
0,612432
0,657190
0,664544
0,669903
0,671479
0,668747
0,666856
0,663704
0,660447
0,658556
0,656875
0,654983
0,654353
0,653197
0,653407
0,653618
0,652252
0,649625
0,646053
0,641535
0,635756
0,626931
0,620837
0,615899
0,615058
0,611906
0,610961
0,608754
0,607704
0,609385
0,606653
0,602450
0,598668
0,594780
0,594780
0,591628
0,591208
0,590368
0,588371
0,587006
0,586270
0,583118
0,579441
0,573032
0,565782
0,561790
0,564837
0,560949
0,568094
0,567673
0,566202
0,566097
0,565257
0,569565
0,571876
0,572822
0,571035
0,567253
0,560844
0,556536
0,554435
0,553700
0,552859
0,551073
0,547396
0,542037
0,539516
0,537309
0,535208
0,532896
0,530585
0,528063
0,521969
0,521759
0,526487
0,523756
0,520604
0,522915
0,525542
0,527328
0,524911
0,527433
0,533842
0,540146
0,536364
0,538990
0,541197
0,542878
0,545820
0,547185
0,545294
0,539200
0,531110
0,522495
0,518502
0,521969
0,517136
0,509046
0,510832
0,511043
0,510097
0,510202
0,512408
0,517557
0,523651
0,525752
0,528168
0,533212
0,533947
0,531636
0,530060
0,526487
0,504423
0,492761
0,489084
0,488663
0,486037
0,482465
0,477526
0,474374
0,473639
0,473954
0,474374
0,472063
0,468911
0,473744
0,479838
0,484671
0,487823
0,490029
0,491080
0,492866
0,494442
0,494547
0,495808
0,494967
0,508836
0,507365
0,503898
0,500011
0,498119
0,499275
0,500326
0,502637
0,503058
0,503793
0,506735
0,508521
0,508731
0,508521
0,511043
0,515666
0,523230
0,528273
0,529534
0,529534
0,528063
0,523966
0,521969
0,519343
0,515666
0,513984
0,510622
0,507680
0,506840
0,506104
0,505789
0,504739
0,505054
0,501376
0,494337
0,492026
0,489504
0,487298
0,486457
0,488769
0,489189
0,489609
0,489399
0,492131
0,494232
0,494757
0,495388
0,493076
0,494862
0,497804
0,495913
0,491710
0,486142
0,481309
0,478157
0,477316
0,476161
0,474690
0,477421
0,477526
0,478997
0,479943
0,481624
0,485511
0,490660
0,499065
0,505159
0,510517
0,515350
0,520709
0,527118
0,536679
0,543613
0,547501
0,549077
0,548656
0,545504
0,541932
0,537519
0,536679
0,536679
0,534262
0,532056
0,531741
0,531320
0,532476
0,533947
0,534052
0,536889
0,539095
0,546030
0,552859
0,561264
0,567463
0,569565
0,571666
0,572822
0,571456
0,565572
0,563050
0,559268
0,555801
0,551703
0,546450
0,542773
0,539516
0,537414
0,535838
0,533527
0,535943
0,538045
0,539305
0,546345
0,550863
0,557272
0,561369
0,564731
0,568304
0,573347
0,574293
0,573032
0,570720
0,563155
0,551178
0,542457
0,535943
0,527118
0,524176
0,521339
0,520394
0,520078
0,521864
0,521654
0,522705
0,522285
0,522915
0,523545
0,527538
0,530795
0,532371
0,535628
0,537835
0,538255
0,537519
0,534157
0,532581
0,525752
0,521864
0,517347
0,518292
0,515455
0,505369
0,504949
0,502427
0,498330
0,491605
0,490975
0,492761
0,493181
0,499906
0,505159
0,508521
0,513249
0,515771
0,517662
0,523440
0,533107
0,535418
0,531741
0,526172
0,517557
0,507891
0,501692
0,496228
0,492131
0,490975
0,485406
0,482359
0,478052
0,474480
0,472378
0,469857
0,467860
0,468806
0,467125
0,467125
0,465969
0,469331
0,470697
0,469436
0,467860
0,464918
0,460611
0,453887
0,443695
0,435500
0,428040
0,421631
0,418059
0,415117
0,414382
0,409759
0,406291
0,406712
0,406817
0,405661
0,400513
0,394734
0,390426
0,393263
0,391897
0,393263
0,394839
0,397676
0,402509
0,403875
0,405031
0,405976
0,406607
0,406186
0,404085
0,402719
0,400933
0,405871
0,410809
0,411125
0,409864
0,409443
0,408288
0,405556
0,405346
0,405346
0,400408
0,400198
0,404400
0,407867
0,416693
0,418584
0,418374
0,420580
0,427830
0,434239
0,437601
0,438652
0,440858
0,443695
0,444115
0,445166
0,443800
0,439703
0,438757
0,435500
0,443380
0,443065
0,446007
0,449579
0,451155
0,454832
0,455568
0,456093
0,461346
0,468176
0,469436
0,469436
0,466179
0,461872
0,456093
0,452416
0,445166
0,442014
0,440333
0,443275
0,440963
0,437601
0,432768
0,430457
0,433083
0,430877
0,431928
0,434134
0,439597
0,447372
0,452731
0,459455
0,460401
0,459980
0,459140
0,459140
0,452836
0,448213
0,442960
0,437076
0,430562
0,429511
0,429301
0,428776
0,431612
0,432348
0,432663
0,438337
0,444851
0,449159
0,456723
0,464708
0,467020
0,469016
0,471222
0,473429
0,478262
0,484251
0,484881
0,486982
0,482254
0,484041
0,481834
0,477947
0,469121
0,468386
0,463342
0,454937
0,448738
0,445901
0,451785
0,453046
0,440333
0,459770
0,464288
0,463027
0,464288
0,467755
0,471222
0,475110
0,476266
0,480573
0,482885
0,482885
0,491500
0,493391
0,495703
0,490870
0,491395
0,487087
0,482675
0,480889
0,473639
0,470172
0,469646
0,469331
0,468176
0,469752
0,473324
0,476896
0,480994
0,479838
0,479523
0,475635
0,476371
0,475530
0,474480
0,466810
0,459875
0,449159
0,441384
0,432978
0,426464
0,418374
0,411019
0,405451
0,404821
0,401563
0,401669
0,396836
0,398306
0,400933
0,401984
0,402089
0,399882
0,393894
0,387169
0,382546
0,378029
0,379920
0,385909
0,390637
0,391792
0,395260
0,402404
0,412175
0,410179
0,405976
0,404400
0,400513
0,396625
0,395680
0,394944
0,390532
0,389376
0,386119
0,385909
0,385068
0,385383
0,384122
0,384648
0,386224
0,392528
0,394524
0,399462
0,404610
0,405556
0,410389
0,414487
0,416483
0,419004
0,419004
0,423522
0,423838
0,426569
0,428881
0,430142
0,431297
0,428355
0,426990
0,421001
0,420580
0,419740
0,420160
0,424363
0,428460
0,428250
0,434449
0,434870
0,435185
0,431297
0,426674
0,427305
0,425203
0,424573
0,427935
0,430877
0,436446
0,436866
0,441173
0,446532
0,453046
0,455252
0,456723
0,455778
0,457564
0,461977
0,461766
0,458720
0,453466
0,451575
0,453256
0,452521
0,447162
0,435605
0,426464
0,422367
0,421841
0,420896
0,418584
0,417849
0,420370
0,424888
0,426990
0,428250
0,434659
0,442434
0,438127
0,438757
0,438022
0,436446
0,433399
0,429406
0,423522
0,419740
0,416483
0,412280
0,410389
0,400093
0,395154
0,390111
0,383702
0,381391
0,378134
0,378764
0,379394
0,380025
0,382757
0,384543
0,387380
0,387695
0,395049
0,401353
0,402719
0,404400
0,408603
0,414171
0,419425
0,416063
0,413541
0,414171
0,417008
0,415747
0,407973
0,405451
0,401669
0,395365
0,394104
0,389586
0,387800
0,386854
0,384333
0,386749
0,386434
0,386119
0,382862
0,383072
0,382441
0,376663
0,376873
0,379710
0,380550
0,379605
0,382336
0,379394
0,377398
0,377608
0,376558
0,380760
0,382231
0,382231
0,382652
0,374982
0,368468
0,365526
0,358696
0,349661
0,347139
0,343567
0,342831
0,339574
0,342726
0,340730
0,346088
0,348400
0,350396
0,353863
0,357856
0,363529
0,362059
0,360903
0,356385
0,354494
0,351762
0,348505
0,344512
0,343462
0,341571
0,340520
0,340310
0,342516
0,342201
0,341781
0,335267
0,330854
0,323079
0,316565
0,315829
0,315619
0,316670
0,319822
0,324550
0,327597
0,333796
0,336002
0,341045
0,347559
0,350291
0,350186
0,350922
0,349871
0,352918
0,353863
0,358696
0,358066
0,361638
0,370989
0,380130
0,391057
0,391582
0,392318
0,394209
0,396415
0,396415
0,397781
0,399987
0,399042
0,393684
0,392002
0,394314
0,391582
0,384017
0,379920
0,375087
0,372040
0,373511
0,363109
0,360693
0,369413
0,369728
0,373826
0,376243
0,378869
0,372985
0,377503
0,383492
0,386224
0,390742
0,390847
0,391687
0,390952
0,392002
0,381601
0,381811
0,377503
0,375087
0,371304
0,369518
0,371199
0,374246
0,374036
0,374772
0,375507
0,378344
0,379079
0,379289
0,380550
0,382126
0,389586
0,394734
0,396625
0,400303
0,408918
0,413121
0,413961
0,411965
0,415747
0,417429
0,418374
0,418689
0,421631
0,415958
0,414487
0,415432
0,409969
0,406817
0,401143
0,398622
0,396205
0,389901
0,384543
0,383702
0,385173
0,383597
0,380550
0,378134
0,377398
0,373511
0,372670
0,371304
0,366681
0,363635
0,360062
0,355229
0,352182
0,351972
0,352813
0,354389
0,360903
0,365421
0,364055
0,364370
0,363109
0,364160
0,365526
0,367312
0,368888
0,370569
0,372040
0,371830
0,373406
0,370884
0,369203
0,367102
0,376453
0,371725
0,358381
0,348190
0,343777
0,341571
0,337998
0,337683
0,336527
0,333901
0,328227
0,325285
0,318456
0,315934
0,313413
0,315514
0,314464
0,314989
0,313623
0,314884
0,316880
0,318666
0,320557
0,315724
0,318666
0,325180
0,327807
0,330329
0,335267
0,338944
0,334741
0,329803
0,326336
0,323604
0,322343
0,319612
0,321398
0,328963
0,334531
0,339469
0,350606
0,352813
0,356280
0,362269
0,370569
0,369098
0,368678
0,371304
0,371304
0,373721
0,375297
0,374667
0,372565
0,372355
0,368152
0,368573
0,370359
0,371409
0,369518
0,370359
0,368783
0,371094
0,375297
0,375507
0,375297
0,373826
0,373931
0,373616
0,380235
0,385909
0,391687
0,399042
0,399882
0,403034
0,404821
0,402719
0,403455
0,400303
0,397886
0,398517
0,398622
0,399672
0,404715
0,405346
0,413226
0,421736
0,423522
0,428671
0,434029
0,434554
0,440648
0,445586
0,446322
0,446532
0,450945
0,450629
0,448843
0,446427
0,444536
0,441804
0,438022
0,431823
0,426044
0,421316
0,420475
0,416378
0,418479
0,416168
0,416798
0,415853
0,415222
0,417429
0,415642
0,418584
0,421631
0,418269
0,415222
0,411440
0,413331
0,414382
0,411650
0,410599
0,410389
0,405661
0,397781
0,393684
0,392423
0,388640
0,388430
0,387064
0,392213
0,394944
0,394209
0,386224
0,378239
0,376558
0,372985
0,363950
0,353863
0,349976
0,345353
0,341991
0,345038
0,348190
0,351342
0,354074
0,352708
0,347664
0,344197
0,337368
0,331379
0,327492
0,322028
0,317300
0,320452
0,319717
0,319822
0,322238
0,318456
0,320137
0,324970
0,333796
0,335372
0,338103
0,342621
0,347875
0,349135
0,352918
0,352392
0,350501
0,347980
0,343567
0,335057
0,327807
0,324025
0,328963
0,331484
0,331694
0,334111
0,337788
0,335792
0,337578
0,338103
0,334531
0,337998
0,339679
0,338839
0,340940
0,347244
0,356595
0,357541
0,359852
0,354179
0,351972
0,352392
0,352498
0,345983
0,339364
0,340205
0,335582
0,332850
0,335687
0,333375
0,330118
0,335792
0,335372
0,329173
0,331589
0,333586
0,342201
0,346299
0,345038
0,348400
0,346404
0,350501
0,358591
0,362899
0,366787
0,370989
0,377503
0,381601
0,385068
0,389166
0,394629
0,404400
0,410074
0,415432
0,422156
0,429196
0,427725
0,427095
0,434449
0,437811
0,440753
0,440963
0,440123
0,440753
0,442329
0,439387
0,436340
0,432033
0,422262
0,413751
0,403980
0,397256
0,397466
0,397991
0,398306
0,399462
0,400513
0,404400
0,408288
0,408813
0,411019
0,412490
0,413961
0,411860
0,412070
0,409759
0,410284
0,411125
0,407762
0,407132
0,407342
0,409969
0,410809
0,410284
0,407552
0,405556
0,403034
0,404400
0,405766
0,405346
0,402509
0,400723
0,399672
0,398727
0,399987
0,399042
0,396836
0,397361
0,397256
0,397781
0,397571
0,396205
0,393158
0,395470
0,395154
0,341360
0,341781
0,340100
0,333796
0,328332
0,326441
0,323814
0,322869
0,322869
0,325495
0,326126
0,326231
0,324025
0,325075
0,327177
0,332220
0,334741
0,340205
0,339995
0,339784
0,343672
0,346299
0,351447
0,355334
0,404926
0,403139
0,402824
0,403245
0,402614
0,400828
0,403770
0,403245
0,411440
0,410179
0,407447
0,410494
0,408393
0,405346
0,401458
0,400093
0,401353
0,399672
0,397466
0,397676
0,398832
0,396520
0,394944
0,397781
0,394524
0,384543
0,378659
0,373721
0,368888
0,358276
0,359852
0,359642
0,357751
0,361323
0,365211
0,366261
0,364055
0,362689
0,358591
0,355544
0,353128
0,351657
0,350606
0,352813
0,354074
0,356070
0,354704
0,351027
0,348085
0,346719
0,345563
0,342726
0,343567
0,345458
0,350606
0,353548
0,360167
0,369203
0,376243
0,376873
0,380655
0,387274
0,399357
0,406607
0,419110
0,437286
0,458299
0,474690
0,488138
0,503163
0,512198
0,520814
0,526592
0,526592
0,527958
0,523440
0,518607
0,512724
0,506840
0,502217
0,498855
0,493076
0,485196
0,487298
0,485511
0,485617
0,481624
0,479733
0,475740
0,467755
0,463658
0,461451
0,459245
0,457984
0,457879
0,459455
0,458194
0,455568
0,453151
0,451155
0,448738
0,445901
0,435710
0,431612
0,430247
0,429196
0,427725
0,425624
0,427305
0,430457
0,432663
0,437916
0,443695
0,446532
0,448528
0,447898
0,446952
0,445481
0,445271
0,443275
0,433504
0,427200
0,423312
0,420791
0,417954
0,415958
0,416063
0,418689
0,426359
0,426884
0,426884
0,427095
0,426884
0,430772
0,436551
0,435290
0,439072
0,438757
0,438547
0,434554
0,432348
0,435710
0,442119
0,443800
0,448003
0,450629
0,450629
0,451260
0,454517
0,457984
0,459350
0,459665
0,464708
0,465129
0,459245
0,453676
0,449159
0,451995
0,450419
0,449894
0,447898
0,446847
0,448213
0,451995
0,453781
0,455883
0,456513
0,454517
0,455357
0,453781
0,449894
0,448948
0,446532
0,444536
0,443065
0,442224
0,441699
0,442329
0,443485
0,441173
0,434870
0,427200
0,423312
0,421106
0,418584
0,418059
0,420265
0,424888
0,423522
0,424468
0,422682
0,422156
0,425203
0,425729
0,421736
0,415432
0,407447
0,395470
0,389166
0,380970
0,377503
0,376348
0,375717
0,379605
0,382126
0,381916
0,378449
0,375927
0,373196
0,368363
0,361743
0,363635
0,364895
0,360167
0,357646
0,362164
0,365736
0,365421
0,369518
0,370569
0,365526
0,365316
0,363950
0,360693
0,360272
0,358801
0,354809
0,359327
0,363950
0,359747
0,363004
0,365631
0,364895
0,364055
0,363214
0,361848
0,363214
0,365211
0,369833
0,370359
0,371935
0,376348
0,373931
0,373091
0,372775
0,375612
0,383597
0,385698
0,386854
0,388745
0,393684
0,394734
0,395049
0,396100
0,392108
0,392108
0,396310
0,399672
0,400303
0,397886
0,396730
0,395995
0,404926
0,409128
0,402404
0,400828
0,400303
0,394629
0,388956
0,386119
0,385068
0,385173
0,383807
0,388535
0,394419
0,401563
0,401984
0,400408
0,395890
0,394419
0,388535
0,387380
0,388640
0,388430
0,388535
0,391582
0,396415
0,401143
0,397991
0,398727
0,397466
0,392633
0,388325
0,386749
0,385593
0,386644
0,391372
0,396520
0,397256
0,402089
0,401458
0,402719
0,402299
0,399462
0,393999
0,394104
0,392002
0,390742
0,389796
0,393053
0,397046
0,399252
0,402299
0,400303
0,394209
0,397046
0,394209
0,386959
0,384122
0,383597
0,382757
0,381181
0,382862
0,384753
0,389376
0,387274
0,384648
0,381076
0,383702
0,387485
0,393053
0,394314
0,394944
0,394419
0,392843
0,397256
0,405241
0,404821
0,404295
0,403350
0,401353
0,398937
0,383387
0,393368
0,391267
0,389271
0,384438
0,380130
0,376768
0,375927
0,375192
0,368993
0,371935
0,376663
0,379289
0,383177
0,387380
0,391687
0,392633
0,392002
0,395995
0,399147
0,397151
0,395260
0,394314
0,393158
0,395995
0,397151
0,391372
0,381916
0,372250
0,367312
0,371620
0,371304
0,362794
0,366366
0,369939
0,371094
0,373616
0,376137
0,373616
0,365421
0,365211
0,362269
0,360167
0,363635
0,365631
0,370569
0,373196
0,371409
0,369518
0,373721
0,368993
0,365000
0,364370
0,368783
0,373196
0,377819
0,379184
0,376032
0,375822
0,372460
0,370359
0,363109
0,363424
0,367312
0,373511
0,375402
0,370779
0,366787
0,371199
0,372880
0,373091
0,376663
0,376348
0,374351
0,376032
0,378239
0,384122
0,385278
0,389376
0,400723
0,398517
0,399567
0,405451
0,410284
0,420896
0,428460
0,429196
0,428671
0,421946
0,419004
0,418479
0,415432
0,411125
0,411019
0,408813
0,411860
0,417954
0,424468
0,430562
0,432138
0,435080
0,437601
0,434344
0,433504
0,434449
0,429616
0,430982
0,424783
0,416378
0,408813
0,405661
0,407552
0,411125
0,411230
0,410599
0,409654
0,412175
0,412175
0,413961
0,414487
0,414592
0,412701
0,413541
0,413226
0,414487
0,413856
0,411125
0,407027
0,408078
0,406397
0,407762
0,407027
0,409759
0,412280
0,415432
0,418899
0,421001
0,421211
0,423732
0,420896
0,416588
0,413016
0,408708
0,404085
0,403455
0,403770
0,400618
0,399042
0,401353
0,400723
0,399987
0,398727
0,399147
0,395575
0,394209
0,394839
0,398727
0,399042
0,399462
0,406291
0,412280
0,413961
0,408498
0,403875
0,401458
0,397886
0,393684
0,390216
0,393789
0,394419
0,392843
0,387064
0,383492
0,383072
0,382967
0,380235
0,381391
0,378659
0,375927
0,377819
0,381916
0,391477
0,394314
0,397466
0,402719
0,404926
0,405871
0,403245
0,400198
0,407027
0,404610
0,404821
0,408288
0,415642
0,423102
0,426674
0,432558
0,436446
0,438547
0,437391
0,438337
0,440333
0,441279
0,441279
0,440963
0,437076
0,436761
0,435605
0,438652
0,438862
0,436971
0,431507
0,428040
0,420791
0,414802
0,411545
0,409443
0,407867
0,405871
0,402404
0,399672
0,399882
0,398096
0,396730
0,395785
0,394209
0,391897
0,392108
0,395470
0,398411
0,401774
0,404926
0,412070
0,417744
0,423732
0,426149
0,426044
0,426359
0,424993
0,423312
0,423627
0,429616
0,434554
0,435815
0,437601
0,436761
0,429826
0,421526
0,420686
0,419740
0,420686
0,421526
0,428986
0,431402
0,434344
0,438232
0,440753
0,441699
0,444956
0,448318
0,447372
0,443485
0,441489
0,438862
0,435290
0,431718
0,427620
0,425308
0,425624
0,426149
0,427620
0,430562
0,428881
0,426569
0,426884
0,426569
0,426464
0,427095
0,425308
0,422682
0,424363
0,425203
0,425308
0,424993
0,423207
0,421736
0,420370
0,417323
0,413436
0,410914
0,407237
0,407447
0,405556
0,402614
0,406397
0,407552
0,410389
0,410494
0,416168
0,421421
0,421736
0,423522
0,427725
0,432033
0,435920
0,439703
0,430352
0,435815
0,441489
0,445271
0,445901
0,446007
0,448738
0,449474
0,446637
0,448948
0,449159
0,447372
0,445376
0,441804
0,442329
0,440228
0,437916
0,435605
0,432978
0,436761
0,439072
0,434554
0,432978
0,430877
0,427725
0,423838
0,422156
0,416273
0,410809
0,407342
0,400513
0,395365
0,393053
0,390532
0,387169
0,383492
0,380760
0,379710
0,378974
0,379710
0,378764
0,375927
0,376137
0,378659
0,379500
0,383807
0,388956
0,391582
0,405031
0,404190
0,401353
0,398149
0,394944
0,392423
0,391477
0,391372
0,390742
0,389376
0,386959
0,385278
0,377293
0,370569
0,367417
0,369413
0,375822
0,380760
0,387380
0,394209
0,401353
0,407762
0,395575
0,408813
0,409654
0,411650
0,413436
0,416378
0,418164
0,429091
0,445061
0,462712
0,478787
0,492551
0,510412
0,522390
0,536469
0,553174
0,566202
0,595096
0,618210
0,640169
0,651516
0,657190
0,652042
0,644792
0,621047
0,621047
0,646578
0,634496
0,626826
0,619576
0,614428
0,606443
0,604972
0,600454
0,604236
0,589632
0,610751
0,613482
0,595936
0,582803
0,587531
0,578285
0,557167
0,566623
0,565782
0,565887
0,567253
0,571771
0,583538
0,575238
0,603186
0,604341
0,606443
0,608439
0,609700
0,610435
0,614218
0,614113
0,616109
0,610645
0,613692
0,614953
0,614533
0,611276
0,609910
0,604972
0,601610
0,597512
0,595726
0,594570
0,587006
0,580807
0,571876
0,549287
0,564942
0,564416
0,563366
0,563155
0,558533
0,558743
0,560949
0,562210
0,560844
0,556852
0,559688
0,564626
0,566728
0,565257
0,567043
0,564626
0,567673
0,568934
0,561474
0,565467
0,566307
0,567043
0,569880
0,555170
0,575448
0,573557
0,572611
0,571771
0,570090
0,567883
0,565152
0,562210
0,560214
0,558007
0,552229
0,548446
0,544874
0,542773
0,542247
0,542562
0,540776
0,541092
0,542878
0,543508
0,538045
0,539516
0,537940
0,533422
0,552859
0,549392
0,545609
0,540566
0,537099
0,534683
0,532791
0,529429
0,527118
0,525227
0,522390
0,519973
0,516821
0,514825
0,512198
0,508836
0,508311
0,512514
0,517662
0,518923
0,519973
0,522915
0,523966
0,495703
0,505474
0,498014
0,490975
0,482465
0,478367
0,473639
0,474900
0,475740
0,474900
0,474374
0,473114
0,471853
0,468596
0,466705
0,463448
0,460716
0,460506
0,454622
0,451890
0,452941
0,454412
0,455988
0,455883
0,450945
0,468596
0,463973
0,460506
0,459770
0,457459
0,455778
0,455883
0,456408
0,456513
0,455883
0,456093
0,453571
0,451155
0,447688
0,446007
0,438967
0,436235
0,432453
0,432663
0,434029
0,436130
0,437916
0,438967
0,424048
0,433609
0,427935
0,424258
0,422682
0,423522
0,425729
0,428881
0,433714
0,433819
0,435500
0,438022
0,434344
0,438967
0,440753
0,433294
0,432978
0,431718
0,434659
0,438022
0,444746
0,451470
0,454727
0,456933
0,443170
0,459875
0,456618
0,450524
0,445061
0,440963
0,439387
0,443590
0,492446
0,455147
0,455252
0,452416
0,450840
0,452205
0,453046
0,453256
0,454307
0,459560
0,463553
0,466284
0,469962
0,476161
0,479523
0,476371
0,460716
0,475530
0,473534
0,468701
0,463973
0,459350
0,456198
0,456303
0,458194
0,458194
0,460296
0,460506
0,455147
0,461346
0,465969
0,465654
0,465549
0,462607
0,463132
0,465864
0,465234
0,467860
0,471117
0,475530
0,465444
0,486352
0,489399
0,492236
0,495073
0,501271
0,509887
0,517242
0,521129
0,518818
0,519028
0,520288
0,515876
0,512829
0,510517
0,505789
0,503268
0,497279
0,497069
0,497594
0,502007
0,506210
0,511988
0,518292
0,505579
0,534893
0,540881
0,541512
0,547185
0,554330
0,556746
0,558533
0,558953
0,565677
0,569039
0,562525
0,556746
0,549182
0,543928
0,539411
0,535523
0,530060
0,525542
0,525962
0,528063
0,529534
0,531425
0,531741
0,514300
0,532791
0,531636
0,531951
0,532791
0,533422
0,532056
0,531320
0,531215
0,530585
0,528063
0,525121
0,520919
0,518923
0,513564
0,509467
0,506945
0,507891
0,509677
0,509677
0,510307
0,512198
0,515350
0,517242
0,504423
0,527853
0,531425
0,534577
0,534262
0,536469
0,538465
0,540461
0,541932
0,542668
0,544454
0,543823
0,541302
0,536889
0,531425
0,528589
0,526803
0,526803
0,524596
0,520814
0,520919
0,523020
0,525121
0,525016
0,509256
0,529744
0,532476
0,535838
0,541512
0,547290
0,554750
0,560529
0,563576
0,565047
0,567043
0,568514
0,566938
0,564521
0,564626
0,560949
0,559793
0,561474
0,562630
0,560634
0,563155
0,561369
0,559163
0,560109
0,540987
0,562630
0,565152
0,570405
0,578075
0,580702
0,583328
0,586795
0,589212
0,585640
0,583013
0,583538
0,579546
0,571035
0,571456
0,568934
0,565677
0,564626
0,562420
0,560214
0,557272
0,554015
0,549497
0,547501
0,530165
0,506630
0,508836
0,507891
0,508416
0,511253
0,516191
0,517347
0,515981
0,518292
0,514930
0,514720
0,519133
0,513459
0,511778
0,511043
0,511358
0,510832
0,507050
0,506945
0,507155
0,508206
0,507050
0,507786
0,542352
0,554855
0,558007
0,558007
0,558217
0,561580
0,566413
0,573977
0,577760
0,580597
0,582698
0,586165
0,586270
0,584799
0,588476
0,591628
0,596567
0,601820
0,610330
0,617895
0,626300
0,631554
0,638488
0,640694
0,631554
0,663809
0,670113
0,676312
0,683877
0,688710
0,681565
0,675576
0,678098
0,681986
0,700267
0,698691
0,696485
0,692282
0,686819
0,680725
0,674736
0,666961
0,661393
0,657085
0,653513
0,646893
0,640905
0,634180
0,604341
0,618210
0,610540
0,598878
0,589737
0,581647
0,579231
0,577970
0,577129
0,578075
0,575238
0,571876
0,567778
0,562735
0,559898
0,557797
0,554540
0,550442
0,547816
0,546345
0,544559
0,541932
0,538570
0,536259
0,519133
0,537519
0,537204
0,536153
0,534472
0,534157
0,533842
0,536889
0,539095
0,539936
0,540146
0,538885
0,537204
0,538990
0,535943
0,531005
0,530060
0,525332
0,523020
0,521549
0,521024
0,523861
0,524911
0,525542
0,509467
0,530690
0,536364
0,536259
0,535733
0,538255
0,540987
0,545294
0,549602
0,547396
0,547816
0,550863
0,553069
0,551703
0,551493
0,551598
0,550548
0,552124
0,543298
0,537835
0,538360
0,540566
0,540566
0,535103
0,512619
0,531005
0,528799
0,525962
0,524176
0,523335
0,521864
0,521024
0,522705
0,531425
0,532686
0,532161
0,532476
0,531005
0,528904
0,523756
0,519763
0,515455
0,508941
0,509572
0,516611
0,521759
0,521654
0,520604
0,504423
0,506525
0,509572
0,510307
0,508416
0,508941
0,515560
0,517557
0,519448
0,529639
0,531005
0,540881
0,546660
0,550232
0,550337
0,543613
0,542562
0,542773
0,541092
0,539095
0,541407
0,539305
0,514615
0,514825
0,515876
0,514300
0,514300
0,510412
0,500851
0,498435
0,503373
0,507786
0,509572
0,510832
0,513354
0,524701
0,536259
0,539200
0,536889
0,535838
0,534472
0,531215
0,529955
0,525962
0,510097
0,521969
0,508731
0,480468
0,482465
0,479313
0,484251
0,488033
0,487823
0,495703
0,497069
0,499485
0,501376
0,504318
0,504213
0,506945
0,528694
0,523020
0,521549
0,521549
0,516926
0,494652
0,488769
0,484251
0,451890
0,449264
0,474900
0,470697
0,467545
0,469016
0,468386
0,471012
0,475740
0,478682
0,480678
0,484461
0,485722
0,486142
0,486037
0,483200
0,478997
0,473324
0,470487
0,468911
0,466705
0,465759
0,467965
0,469962
0,471538
0,473639
0,476476
0,480048
0,479628
0,481309
0,483620
0,486037
0,488453
0,493076
0,502742
0,511148
0,535208
0,538675
0,542457
0,547396
0,553279
0,555381
0,560319
0,559793
0,561580
0,563155
0,563050
0,564521
0,564731
0,557692
0,555591
0,557797
0,573347
0,588161
0,597302
0,602135
0,607388
0,613272
0,619261
0,627036
0,634706
0,638068
0,638173
0,641115
0,643216
0,642060
0,650676
0,652042
0,653723
0,653933
0,651306
0,646788
0,641955
0,635966
0,633445
0,631869
0,634285
0,636807
0,630293
0,626931
0,623358
0,625040
0,622728
0,619576
0,617370
0,615479
0,611591
0,605812
0,604447
0,594255
0,584799
0,579441
0,575553
0,571456
0,571141
0,568514
0,566833
0,565362
0,560844
0,558428
0,557692
0,562630
0,567463
0,571771
0,572717
0,571876
0,571246
0,573032
0,578705
0,580281
0,586165
0,590052
0,592259
0,594255
0,596777
0,598248
0,595306
0,597092
0,599193
0,598878
0,600559
0,602240
0,602871
0,599824
0,598458
0,596356
0,592679
0,589212
0,585745
0,585850
0,586060
0,584904
0,585430
0,586585
0,589947
0,589002
0,585955
0,578810
0,571876
0,566623
0,562105
0,557692
0,551598
0,547711
0,543928
0,540671
0,537414
0,534472
0,533947
0,534998
0,537519
0,536574
0,537099
0,537624
0,539411
0,540356
0,542457
0,543403
0,553489
0,576709
0,585955
0,592889
0,601295
0,609280
0,614428
0,618946
0,623569
0,628717
0,633865
0,641220
0,646893
0,649625
0,649730
0,647944
0,645107
0,642376
0,641220
0,642796
0,643531
0,642060
0,640905
0,638173
0,637963
0,635861
0,633655
0,633655
0,634390
0,638383
0,643741
0,645633
0,646683
0,649730
0,654773
0,659711
0,666120
0,669798
0,672319
0,671374
0,670218
0,668432
0,665490
0,665385
0,665280
0,664019
0,663389
0,662653
0,662653
0,663074
0,664229
0,662548
0,662863
0,664229
0,666331
0,667696
0,668012
0,671899
0,673265
0,672740
0,673685
0,674000
0,677152
0,704365
0,704470
0,704049
0,703104
0,703419
0,704470
0,706886
0,706046
0,708672
0,709723
0,710774
0,711509
0,713821
0,713926
0,714031
0,714766
0,718233
0,719284
0,718969
0,717393
0,716973
0,721385
0,723487
0,698166
0,725903
0,726534
0,727479
0,727689
0,728950
0,727899
0,727899
0,727059
0,726429
0,724748
0,724958
0,724117
0,722541
0,720650
0,715186
0,715712
0,717288
0,716132
0,713505
0,712455
0,709198
0,707517
0,705100
0,680515
0,700897
0,698481
0,695959
0,695539
0,693963
0,691652
0,693438
0,695749
0,698481
0,700897
0,704470
0,709513
0,711719
0,713821
0,714346
0,717288
0,718233
0,718128
0,719599
0,717183
0,716868
0,715081
0,715922
0,694488
0,724012
0,726429
0,724958
0,724012
0,724327
0,724958
0,726008
0,727899
0,729055
0,728845
0,722226
0,721175
0,721490
0,720125
0,719074
0,719494
0,719284
0,716973
0,716132
0,716762
0,719599
0,720755
0,720125
0,721596
0,723487
0,724537
0,724117
0,724012
0,724117
0,725168
0,727164
0,729055
0,731051
0,731472
0,731472
0,738091
0,737776
0,736620
0,736200
0,733888
0,731997
0,731367
0,729160
0,728005
0,728005
0,726323
0,726218
0,726534
0,725588
0,724012
0,722646
0,719914
0,718233
0,717498
0,716447
0,717813
0,718549
0,719704
0,721070
0,725273
0,728005
0,729370
0,730526
0,731367
0,730841
0,729160
0,728950
0,721385
0,725168
0,721701
0,719914
0,692912
0,718338
0,718128
0,716237
0,714031
0,711299
0,709513
0,706676
0,706361
0,706256
0,704365
0,702579
0,700372
0,697535
0,693438
0,691231
0,695434
0,693753
0,694488
0,695959
0,696380
0,694593
0,694909
0,693228
0,668117
0,695644
0,697956
0,701213
0,704995
0,709408
0,712245
0,715712
0,718338
0,720020
0,722646
0,725798
0,726534
0,726323
0,728215
0,726744
0,724432
0,722541
0,719704
0,718023
0,715397
0,713505
0,711719
0,712980
0,688079
0,715607
0,716552
0,715712
0,712875
0,712770
0,712245
0,711719
0,711824
0,713926
0,716237
0,718969
0,725693
0,729686
0,733468
0,735149
0,735254
0,732207
0,730106
0,726113
0,725798
0,726849
0,730106
0,735779
0,714451
0,745130
0,747652
0,747862
0,747652
0,746916
0,745341
0,744710
0,744815
0,744710
0,744185
0,744395
0,744605
0,743029
0,742819
0,742189
0,742714
0,742924
0,743344
0,740192
0,737250
0,734729
0,733888
0,732838
0,707832
0,734624
0,736200
0,737461
0,736830
0,736725
0,738301
0,737461
0,741663
0,741138
0,741558
0,736620
0,729686
0,720020
0,714136
0,715817
0,717393
0,714871
0,705520
0,705625
0,705730
0,706571
0,710774
0,714241
0,691441
0,712350
0,709723
0,708672
0,706676
0,707727
0,706676
0,703944
0,695539
0,713821
0,720230
0,729265
0,728845
0,729370
0,731892
0,730736
0,732102
0,732627
0,731997
0,730526
0,734414
0,734624
0,735359
0,737671
0,713505
0,739037
0,739142
0,740823
0,739982
0,738301
0,736620
0,734203
0,736410
0,734624
0,735990
0,736830
0,737145
0,734939
0,735569
0,736830
0,737355
0,735464
0,733573
0,732522
0,730526
0,727584
0,725483
0,724642
0,698481
0,723697
0,726429
0,728215
0,724853
0,723066
0,721596
0,721596
0,720965
0,719809
0,718864
0,720440
0,723907
0,727794
0,734519
0,735990
0,738196
0,738616
0,738091
0,738826
0,739142
0,739352
0,740297
0,741558
0,717078
0,741138
0,740297
0,740823
0,741558
0,741348
0,741663
0,741873
0,743554
0,743975
0,743975
0,740507
0,731892
0,746601
0,747967
0,748913
0,748703
0,747442
0,744605
0,742714
0,743134
0,742504
0,742819
0,741978
0,716342
0,739142
0,736200
0,730316
0,721070
0,711614
0,703104
0,698376
0,698796
0,689340
0,675261
0,664544
0,655299
0,650045
0,648469
0,646053
0,641430
0,636282
0,631133
0,629347
0,629137
0,627666
0,629032
0,625985
0,626405
0,626300
0,629347
0,631133
0,633340
0,639959
0,641325
0,641850
0,648679
0,649730
0,657820
0,661182
0,665595
0,661708
0,653092
0,672740
0,676312
0,679884
0,681040
0,682196
0,683982
0,683667
0,683351
0,681250
0,662548
0,679884
0,679674
0,677783
0,677888
0,676312
0,675892
0,680725
0,685978
0,689655
0,691652
0,692387
0,692807
0,693438
0,694804
0,696905
0,700267
0,702368
0,701738
0,702579
0,704365
0,704995
0,704575
0,706046
0,685768
0,707306
0,707727
0,706991
0,706886
0,707201
0,709198
0,709303
0,708672
0,708882
0,708147
0,706991
0,705836
0,706886
0,708042
0,708882
0,709093
0,706676
0,706571
0,705625
0,703104
0,699742
0,695224
0,690916
0,662128
0,655614
0,651621
0,647524
0,645002
0,641745
0,639434
0,639749
0,639118
0,639118
0,641010
0,643951
0,644792
0,646578
0,646578
0,649100
0,652357
0,656454
0,656770
0,658661
0,662233
0,666226
0,669693
0,674421
0,681250
0,705941
0,709303
0,713085
0,717498
0,716447
0,718969
0,722436
0,725378
0,726639
0,727794
0,729791
0,732627
0,733678
0,734098
0,734729
0,735674
0,737040
0,737040
0,738616
0,739247
0,739562
0,739562
0,739142
0,741348
0,741978
0,739562
0,739457
0,740507
0,740402
0,738091
0,738931
0,740297
0,742609
0,743659
0,743975
0,744710
0,744500
0,746286
0,746811
0,745866
0,744395
0,740928
0,738931
0,738826
0,736410
0,732838
0,729370
0,727269
0,727059
0,725798
0,723487
0,722961
0,723277
0,720965
0,719494
0,719704
0,721070
0,722121
0,722016
0,722751
0,723802
0,724748
0,726744
0,728005
0,727794
0,728530
0,729055
0,729581
0,730106
0,730106
0,731051
0,708882
0,732522
0,731262
0,729896
0,729370
0,728845
0,728635
0,727899
0,730841
0,732522
0,734203
0,737145
0,739667
0,740928
0,743449
0,744185
0,745446
0,745761
0,745866
0,745761
0,746811
0,746916
0,747022
0,748072
0,724222
0,720335
0,722226
0,722016
0,722016
0,722331
0,722121
0,720860
0,719704
0,721596
0,724327
0,724853
0,726323
0,726744
0,726218
0,726008
0,725798
0,724327
0,723697
0,723172
0,722646
0,723487
0,722751
0,722016
0,727164
0,741978
0,743659
0,745025
0,745235
0,743870
0,742504
0,742189
0,741873
0,742819
0,743239
0,742714
0,742399
0,741873
0,742189
0,741243
0,740087
0,740507
0,740507
0,739037
0,737566
0,736200
0,737566
0,738406
0,722961
0,715712
0,714661
0,714451
0,714976
0,715502
0,715817
0,715607
0,715922
0,714871
0,715292
0,713610
0,711929
0,713190
0,711614
0,710458
0,711089
0,709618
0,707517
0,706151
0,706991
0,706466
0,703104
0,701423
0,706466
0,731997
0,730736
0,730736
0,730841
0,730631
0,731787
0,731577
0,733153
0,732312
0,729686
0,728005
0,732102
0,735779
0,736410
0,737355
0,739037
0,737355
0,735885
0,732417
0,731997
0,730841
0,734729
0,738091
0,716868
0,736725
0,742399
0,746496
0,746286
0,746391
0,745025
0,745341
0,743975
0,742714
0,743029
0,742924
0,742083
0,733153
0,740402
0,741033
0,741978
0,738196
0,736200
0,734414
0,739247
0,733993
0,734309
0,734834
0,718864
0,707412
0,709513
0,712140
0,712560
0,713926
0,711299
0,712665
0,712980
0,713400
0,712034
0,713610
0,715081
0,717603
0,717603
0,717813
0,718444
0,716762
0,718654
0,719284
0,715186
0,717393
0,718759
0,719704
0,734729
0,730631
0,730946
0,730526
0,729686
0,728635
0,728320
0,728110
0,726534
0,722436
0,719704
0,720650
0,720650
0,720545
0,720125
0,714661
0,716973
0,720755
0,718444
0,715502
0,717183
0,718969
0,720440
0,716868
0,720440
0,744815
0,744920
0,745761
0,745446
0,744605
0,742399
0,741243
0,739667
0,740192
0,739247
0,737040
0,736095
0,738196
0,736725
0,731997
0,730316
0,729791
0,727689
0,730841
0,731367
0,731577
0,732522
0,731577
0,708042
0,686503
0,680094
0,681040
0,685768
0,685243
0,685453
0,684192
0,682196
0,682091
0,683036
0,681145
0,682196
0,683036
0,684087
0,683036
0,678203
0,678098
0,681460
0,680304
0,681880
0,683982
0,689445
0,686293
0,701843
0,708147
0,701948
0,698691
0,700057
0,699111
0,685453
0,667591
0,666226
0,661498
0,669693
0,662443
0,654878
0,667066
0,675682
0,672530
0,669483
0,660447
0,663179
0,672530
0,678834
0,683351
0,682301
0,686503
0,677573
0,698166
0,701948
0,701528
0,703314
0,702158
0,701633
0,696064
0,693753
0,693543
0,695434
0,689340
0,674421
0,657820
0,662863
0,663914
0,661287
0,658556
0,652252
0,651726
0,638278
0,633760
0,628927
0,626826
0,606758
0,608859
0,609069
0,607809
0,607073
0,605287
0,603606
0,604131
0,604447
0,604657
0,605287
0,605812
0,605392
0,605917
0,607809
0,612957
0,617265
0,619786
0,624409
0,626616
0,630713
0,630293
0,633970
0,638173
0,643846
0,656875
0,658661
0,659291
0,658030
0,661813
0,665490
0,667802
0,673475
0,683982
0,686188
0,689550
0,689130
0,690286
0,692597
0,697745
0,701213
0,700477
0,701003
0,698796
0,703209
0,706466
0,707832
0,705941
0,690286
0,674526
0,676312
0,676942
0,677993
0,557902
0,597722
0,681250
0,684402
0,685978
0,687134
0,686819
0,688710
0,687764
0,687344
0,691126
0,691021
0,690916
0,690916
0,690916
0,687869
0,684717
0,680199
0,683772
0,703524
0,698166
0,697535
0,695434
0,691862
0,691021
0,693858
0,693963
0,694173
0,698481
0,701318
0,700477
0,699427
0,698796
0,699006
0,701738
0,700162
0,699952
0,699637
0,698796
0,697220
0,697115
0,699321
0,699532
0,702789
0,723802
0,724222
0,724432
0,725273
0,723802
0,724537
0,724327
0,725168
0,725063
0,725693
0,724327
0,724537
0,724012
0,730946
0,733468
0,733363
0,731787
0,731997
0,733363
0,733258
0,734098
0,734834
0,734519
0,715081
0,735569
0,735885
0,733993
0,735254
0,736515
0,734203
0,732207
0,733678
0,732627
0,731472
0,729370
0,728635
0,728530
0,733573
0,735464
0,736515
0,735254
0,738196
0,737881
0,738931
0,737776
0,737040
0,737671
0,715397
0,725798
0,727269
0,728215
0,728215
0,726429
0,725168
0,724748
0,728740
0,729686
0,729896
0,728110
0,729896
0,728635
0,723697
0,724537
0,722226
0,721280
0,719389
0,716762
0,716342
0,715081
0,716552
0,716237
0,702473
0,719809
0,718864
0,717918
0,718444
0,718338
0,715081
0,722961
0,725693
0,726639
0,722646
0,728005
0,728635
0,728530
0,724432
0,729791
0,732312
0,735674
0,735254
0,733363
0,733048
0,730841
0,728950
0,730106
0,707832
0,728845
0,727794
0,726534
0,725903
0,725168
0,724958
0,724327
0,723907
0,730211
0,729265
0,738616
0,739037
0,737355
0,738301
0,743449
0,746811
0,745971
0,744500
0,744290
0,746811
0,749228
0,749333
0,749438
0,727689
0,748913
0,748703
0,747967
0,746391
0,745551
0,745656
0,743449
0,741243
0,735044
0,735359
0,736305
0,744605
0,738826
0,742609
0,747127
0,748492
0,744605
0,747547
0,746601
0,740402
0,745551
0,745341
0,745656
0,721806
0,743975
0,742924
0,744500
0,744395
0,745446
0,744290
0,743975
0,743870
0,743870
0,747022
0,748492
0,747757
0,747967
0,746916
0,746181
0,746916
0,746391
0,744290
0,743134
0,743344
0,742714
0,741033
0,741873
0,720020
0,720545
0,720755
0,720335
0,718654
0,718759
0,718128
0,717603
0,716237
0,717603
0,717288
0,718128
0,718654
0,716447
0,712770
0,711929
0,710984
0,711089
0,712980
0,715397
0,712560
0,710248
0,709723
0,710143
0,710248
0,733468
0,734729
0,736410
0,737671
0,736935
0,736515
0,735674
0,735990
0,737355
0,737986
0,740718
0,743449
0,744920
0,744815
0,743554
0,743554
0,743659
0,742609
0,743975
0,743554
0,742924
0,741663
0,741663
0,717393
0,742189
0,740297
0,737776
0,735359
0,734519
0,736095
0,737040
0,735044
0,736515
0,737881
0,741453
0,742083
0,735674
0,708147
0,710248
0,710564
0,712455
0,711299
0,710774
0,711404
0,713400
0,714976
0,716973
0,691441
0,715817
0,714346
0,715081
0,715817
0,715186
0,714661
0,711929
0,712665
0,712665
0,701633
0,709303
0,706991
0,704890
0,703314
0,701528
0,700477
0,697430
0,694488
0,691336
0,688920
0,688815
0,690496
0,689550
0,668642
0,692282
0,690811
0,689971
0,688815
0,690496
0,691652
0,694278
0,695749
0,696275
0,698586
0,697010
0,705100
0,708777
0,711194
0,703944
0,705100
0,709093
0,707727
0,707622
0,708777
0,709303
0,709513
0,709513
0,686293
0,710353
0,709093
0,707622
0,706571
0,706046
0,705625
0,705836
0,705520
0,705100
0,710038
0,715397
0,726534
0,727164
0,714661
0,712560
0,715712
0,716237
0,719809
0,721385
0,722751
0,724222
0,725378
0,726429
0,701003
0,713716
0,712665
0,710564
0,708988
0,707832
0,705730
0,712770
0,713610
0,709933
0,702158
0,701423
0,720755
0,721806
0,720860
0,718654
0,716868
0,712770
0,710353
0,712770
0,714136
0,716973
0,718654
0,718128
0,704470
0,718338
0,719914
0,718444
0,714136
0,710774
0,707096
0,704575
0,703629
0,702684
0,703104
0,703104
0,704680
0,708042
0,708777
0,709618
0,706151
0,701843
0,698796
0,698061
0,698271
0,699111
0,699427
0,698901
0,683667
0,709933
0,709303
0,710353
0,712245
0,716027
0,718654
0,719704
0,721175
0,720965
0,719389
0,718233
0,717078
0,717603
0,718969
0,719494
0,719284
0,716973
0,713821
0,713716
0,714976
0,715712
0,714556
0,712770
0,686819
0,704785
0,702263
0,699006
0,696695
0,693648
0,693123
0,693333
0,693123
0,692072
0,690496
0,697010
0,701738
0,707622
0,710353
0,710353
0,708357
0,707412
0,704575
0,703629
0,702263
0,703314
0,707622
0,710143
0,697745
0,723592
0,722751
0,720545
0,720440
0,719074
0,718023
0,716868
0,703209
0,701423
0,702053
0,705310
0,703629
0,706781
0,713295
0,716762
0,722436
0,728950
0,726849
0,724642
0,723697
0,724222
0,726534
0,726639
0,699321
0,725273
0,724327
0,720965
0,716447
0,715712
0,717393
0,719599
0,718444
0,718969
0,720020
0,723277
0,721596
0,716868
0,725378
0,719914
0,715817
0,713505
0,711509
0,710038
0,711509
0,713400
0,716237
0,719179
0,693648
0,719074
0,718023
0,716657
0,715712
0,714241
0,714976
0,716762
0,719599
0,720650
0,720125
0,723382
0,725273
0,726008
0,724958
0,724222
0,721596
0,720545
0,718549
0,717708
0,720545
0,724222
0,727269
0,727584
0,702263
0,700477
0,696064
0,692387
0,692492
0,691862
0,693858
0,695119
0,689865
0,691862
0,696695
0,697640
0,698586
0,699321
0,699742
0,700267
0,702579
0,701948
0,702684
0,704049
0,705415
0,706886
0,706046
0,704680
0,703734
0,727374
0,726323
0,723802
0,721070
0,720755
0,721596
0,722436
0,725273
0,726954
0,727164
0,728110
0,729265
0,729791
0,728320
0,726008
0,720650
0,716973
0,714871
0,713295
0,713295
0,712980
0,717078
0,717603
0,695749
0,721701
0,718549
0,716552
0,712034
0,707096
0,703629
0,703629
0,708147
0,712350
0,716027
0,718654
0,719389
0,716342
0,714661
0,712140
0,709303
0,707517
0,704680
0,700162
0,699532
0,700057
0,701633
0,702368
0,674526
0,698481
0,691652
0,689865
0,688289
0,685453
0,681250
0,678939
0,680094
0,681986
0,681565
0,690181
0,696169
0,702684
0,706781
0,705415
0,707412
0,706046
0,704680
0,700477
0,702053
0,709933
0,715081
0,718233
0,692702
0,713190
0,708882
0,708252
0,707096
0,708357
0,711089
0,715502
0,713821
0,714451
0,720440
0,722016
0,722961
0,722016
0,722436
0,720545
0,719914
0,720335
0,719704
0,717078
0,715081
0,716868
0,717183
0,718969
0,695119
0,717078
0,716447
0,716552
0,717288
0,717708
0,717918
0,715292
0,700687
0,702473
0,701738
0,702999
0,702053
0,715502
0,715397
0,718233
0,721596
0,720230
0,722226
0,724642
0,724642
0,722961
0,723172
0,725693
0,703734
0,730106
0,728740
0,722961
0,721175
0,723907
0,726849
0,707727
0,677047
0,679989
0,671479
0,675576
0,679989
0,680304
0,678308
0,679149
0,699742
0,696905
0,704155
0,714346
0,706361
0,703944
0,701738
0,700687
0,536889
0,706781
0,702053
0,695014
0,691021
0,690811
0,686819
0,662023
0,658346
0,668957
0,666226
0,672424
0,675787
0,677468
0,680935
0,680935
0,681565
0,677888
0,671479
0,667276
0,660972
0,659922
0,667591
0,669167
0,644687
0,670008
0,665385
0,665070
0,661077
0,655509
0,650886
0,650255
0,650466
0,647734
0,646158
0,647314
0,649940
0,651831
0,650886
0,644267
0,641220
0,641010
0,637227
0,632289
0,633340
0,633025
0,631133
0,625775
0,334846
0,629978
0,629242
0,627246
0,624199
0,618736
0,618315
0,619261
0,618315
0,620732
0,622518
0,624094
0,620732
0,619786
0,621677
0,619576
0,616949
0,616529
0,616634
0,612537
0,611066
0,609175
0,605812
0,599824
0,577234
0,600769
0,600244
0,596672
0,591208
0,589212
0,586480
0,586690
0,590263
0,590368
0,594991
0,601505
0,607704
0,614533
0,618210
0,620942
0,629557
0,626721
0,626931
0,626616
0,623989
0,628192
0,635756
0,640484
0,549077
0,651096
0,655929
0,653933
0,653092
0,652042
0,651516
0,650676
0,651411
0,647314
0,643741
0,646683
0,659922
0,663914
0,662863
0,655719
0,655614
0,657295
0,655404
0,650255
0,646473
0,642481
0,641640
0,644897
0,625460
0,650150
0,650571
0,651516
0,650466
0,646683
0,644792
0,647314
0,644897
0,640905
0,643006
0,648259
0,651516
0,653092
0,647314
0,647103
0,653513
0,655929
0,655719
0,651411
0,650150
0,649100
0,646053
0,646053
0,551598
0,650991
0,653092
0,652357
0,650045
0,648785
0,648469
0,649205
0,647734
0,647734
0,651621
0,652042
0,648364
0,651411
0,646263
0,644372
0,645422
0,641430
0,638698
0,640064
0,639329
0,644477
0,647524
0,648995
0,552018
0,647314
0,644372
0,641640
0,641745
0,640800
0,642481
0,641745
0,636072
0,641430
0,646998
0,649415
0,652672
0,650045
0,655509
0,660342
0,660237
0,656034
0,652567
0,647734
0,641640
0,639959
0,643006
0,642901
0,544033
0,640589
0,641955
0,644582
0,647314
0,645422
0,639539
0,639434
0,642270
0,644582
0,645317
0,647734
0,655719
0,660657
0,664019
0,662128
0,662969
0,661918
0,657610
0,652357
0,646263
0,638803
0,630503
0,622518
0,591628
0,612327
0,610856
0,611906
0,610120
0,608124
0,600559
0,597197
0,596041
0,595726
0,587216
0,590998
0,591418
0,594360
0,599403
0,589842
0,581647
0,578285
0,574608
0,570090
0,568514
0,567778
0,571035
0,572401
0,550758
0,577865
0,578705
0,584904
0,590578
0,590052
0,590998
0,594780
0,602345
0,604657
0,612957
0,611591
0,611801
0,613272
0,609595
0,614638
0,625355
0,624409
0,623358
0,623043
0,623779
0,622413
0,622833
0,624829
0,602765
0,626721
0,624514
0,625040
0,626090
0,631449
0,631764
0,632604
0,636072
0,638593
0,639013
0,643216
0,646053
0,647629
0,647734
0,649100
0,652042
0,645738
0,641850
0,637753
0,635966
0,634390
0,633130
0,630503
0,602555
0,632289
0,634706
0,638803
0,643321
0,646578
0,646473
0,646893
0,644897
0,640905
0,640800
0,639013
0,645317
0,644687
0,642901
0,648469
0,647419
0,648049
0,646788
0,647839
0,642691
0,640064
0,635756
0,635021
0,608544
0,634390
0,636597
0,641325
0,643216
0,647103
0,647524
0,644582
0,649835
0,657925
0,664965
0,665910
0,670113
0,669693
0,661182
0,658871
0,657610
0,656139
0,655299
0,653092
0,650781
0,647314
0,645527
0,645107
0,619891
0,643531
0,641745
0,645948
0,645948
0,650045
0,652042
0,652567
0,656349
0,660027
0,657715
0,663389
0,666436
0,671059
0,668222
0,663809
0,659606
0,659606
0,660132
0,657820
0,651306
0,646368
0,640905
0,644057
0,619471
0,646683
0,646053
0,642901
0,641955
0,636597
0,634811
0,637227
0,633655
0,630083
0,631238
0,627561
0,621362
0,618841
0,617055
0,617685
0,617580
0,616214
0,614743
0,611591
0,610330
0,606653
0,604026
0,602976
0,311101
0,597092
0,593835
0,590998
0,584694
0,591734
0,595306
0,597092
0,599403
0,603606
0,608859
0,614743
0,612642
0,615584
0,615794
0,614848
0,613062
0,611171
0,605497
0,602345
0,598668
0,594780
0,589002
0,581647
0,544874
0,546870
0,533737
0,525542
0,524491
0,521549
0,521339
0,525857
0,533001
0,540356
0,551598
0,565467
0,575343
0,588056
0,598038
0,603606
0,542352
0,599929
0,599298
0,600349
0,597827
0,598668
0,600139
0,604447
0,581332
0,609069
0,609069
0,608859
0,609700
0,608649
0,602030
0,594780
0,589422
0,587846
0,582067
0,575343
0,575028
0,582698
0,578285
0,575869
0,571561
0,567253
0,558112
0,548341
0,543718
0,537729
0,531636
0,529534
0,506210
0,520288
0,514090
0,516926
0,516506
0,516191
0,516821
0,519238
0,532371
0,540776
0,551703
0,560844
0,567358
0,571981
0,574608
0,574398
0,576184
0,580912
0,575238
0,575763
0,578810
0,580071
0,584274
0,588582
0,569249
0,596462
0,602240
0,609069
0,615899
0,621783
0,626405
0,627246
0,632394
0,642586
0,650781
0,651411
0,653513
0,653828
0,650466
0,642165
0,638173
0,633340
0,632394
0,628086
0,623989
0,616424
0,611066
0,606653
0,575869
0,588161
0,581857
0,576604
0,570930
0,570405
0,573767
0,580176
0,590683
0,596672
0,596672
0,594675
0,594360
0,593940
0,592574
0,588897
0,586585
0,580597
0,574187
0,572611
0,567148
0,556852
0,549497
0,539936
0,502217
0,509677
0,502637
0,499275
0,500851
0,506420
0,516716
0,527538
0,534367
0,533001
0,537099
0,550968
0,558322
0,560529
0,559793
0,554960
0,548236
0,540461
0,534577
0,530060
0,526067
0,521654
0,518502
0,518397
0,491605
0,503373
0,502847
0,502427
0,499695
0,498225
0,499590
0,506945
0,518292
0,531425
0,548761
0,561895
0,577234
0,590263
0,606548
0,618210
0,627351
0,637122
0,643216
0,645633
0,644792
0,652147
0,656875
0,660552
0,634916
0,657085
0,646578
0,643846
0,636492
0,626510
0,619471
0,611591
0,612011
0,610435
0,603711
0,599508
0,593835
0,589212
0,581962
0,580071
0,577550
0,575658
0,572506
0,568619
0,568199
0,564626
0,560739
0,556536
0,534052
0,554120
0,553910
0,551703
0,554645
0,559163
0,568619
0,576289
0,580176
0,581437
0,586480
0,593730
0,602240
0,606758
0,608124
0,604972
0,607599
0,604762
0,603396
0,598773
0,600769
0,600349
0,599088
0,599298
0,573242
0,597617
0,597092
0,599719
0,601715
0,606863
0,611066
0,615689
0,617055
0,618631
0,619681
0,623674
0,624514
0,629347
0,637648
0,644477
0,648154
0,652672
0,655404
0,649205
0,642270
0,634916
0,630293
0,625250
0,597407
0,620417
0,620207
0,618841
0,612221
0,606758
0,603081
0,600244
0,597092
0,594675
0,594150
0,597827
0,596146
0,598458
0,602976
0,602345
0,601505
0,600454
0,599824
0,597512
0,592154
0,590052
0,586270
0,589527
0,567989
0,596356
0,596672
0,595726
0,597932
0,594991
0,596356
0,598773
0,598143
0,599508
0,597617
0,603711
0,604762
0,603186
0,602030
0,599824
0,602976
0,604762
0,605287
0,601715
0,602871
0,600139
0,596251
0,594886
0,568409
0,592259
0,591734
0,592049
0,592469
0,595621
0,594360
0,594991
0,595096
0,596987
0,596146
0,598248
0,599193
0,599719
0,603711
0,603396
0,603711
0,600034
0,597932
0,598248
0,600244
0,599193
0,600244
0,599929
0,576709
0,605182
0,605707
0,604762
0,601084
0,598668
0,596462
0,597302
0,603081
0,599088
0,601295
0,602765
0,604552
0,604657
0,602030
0,596356
0,587111
0,580597
0,564206
0,558743
0,562000
0,555381
0,548656
0,545820
0,528904
0,557482
0,564521
0,575238
0,577129
0,575869
0,578180
0,579546
0,582908
0,577129
0,564101
0,580597
0,587426
0,589422
0,603501
0,606128
0,606758
0,608754
0,608439
0,602660
0,597092
0,594991
0,593415
0,590473
0,569354
0,598038
0,600664
0,603816
0,604236
0,600979
0,602555
0,602765
0,600664
0,594991
0,597302
0,601505
0,607178
0,612957
0,613167
0,614743
0,616004
0,616739
0,613272
0,610435
0,605812
0,602660
0,598668
0,597617
0,573032
0,575763
0,578180
0,578705
0,581437
0,579651
0,580702
0,577445
0,571035
0,566938
0,567463
0,566833
0,565572
0,562735
0,564416
0,565572
0,570615
0,563576
0,563576
0,560214
0,557587
0,552124
0,548446
0,548341
0,542457
0,568304
0,570720
0,567989
0,564837
0,562210
0,562525
0,567148
0,569565
0,568409
0,573767
0,577339
0,577970
0,577339
0,577550
0,575028
0,571561
0,569670
0,570090
0,564206
0,560319
0,558638
0,555696
0,544769
0,515560
0,532896
0,528799
0,527853
0,529534
0,535208
0,545504
0,557692
0,563891
0,568304
0,565257
0,571141
0,580176
0,582488
0,580281
0,576079
0,576499
0,574187
0,565047
0,567568
0,572191
0,575028
0,571981
0,570090
0,545609
0,572296
0,569039
0,565782
0,560634
0,556221
0,554435
0,549182
0,543298
0,543718
0,544559
0,544559
0,546660
0,548341
0,551598
0,550758
0,545925
0,541617
0,540987
0,539200
0,538570
0,535103
0,533632
0,525542
0,269495
0,515140
0,509046
0,507050
0,504318
0,505894
0,510517
0,512408
0,522915
0,532056
0,541512
0,548551
0,556641
0,563681
0,566623
0,566728
0,563155
0,559898
0,560949
0,559268
0,561790
0,560214
0,557377
0,555486
0,528589
0,553805
0,553700
0,548236
0,543613
0,537204
0,535313
0,535943
0,540671
0,545504
0,552649
0,562630
0,575763
0,588687
0,598668
0,602345
0,611906
0,619051
0,625145
0,630923
0,635546
0,644162
0,648574
0,657925
0,640800
0,669903
0,669903
0,669378
0,671584
0,668327
0,668327
0,668747
0,669483
0,665700
0,660132
0,656559
0,651726
0,648995
0,645843
0,642691
0,638593
0,632604
0,627036
0,624514
0,619786
0,618420
0,615689
0,615058
0,589947
0,614113
0,615268
0,617055
0,618736
0,621888
0,623148
0,622938
0,617685
0,618736
0,619996
0,626721
0,632079
0,632394
0,638803
0,642270
0,640379
0,634811
0,637648
0,635966
0,631449
0,637542
0,644792
0,646053
0,621152
0,646893
0,649205
0,647734
0,645948
0,641955
0,640169
0,641115
0,635651
0,636177
0,634706
0,631659
0,631238
0,631974
0,631659
0,629242
0,625880
0,620101
0,613797
0,609700
0,605182
0,600349
0,594360
0,595096
0,571666
0,595306
0,592469
0,588056
0,585640
0,584589
0,580807
0,576814
0,577339
0,583959
0,583643
0,581647
0,582172
0,583118
0,586165
0,584274
0,580281
0,571141
0,563261
0,557797
0,548761
0,541197
0,540251
0,542983
0,518292
0,533212
0,526172
0,495703
0,468911
0,465864
0,463868
0,462922
0,463027
0,464183
0,467545
0,470172
0,470697
0,472693
0,476791
0,476581
0,472273
0,500326
0,507891
0,505474
0,496438
0,463973
0,465759
0,505579
0,474690
0,488769
0,482885
0,475950
0,465129
0,452731
0,444220
0,442644
0,439913
0,442749
0,448738
0,452836
0,459140
0,466600
0,466600
0,459980
0,456933
0,456198
0,457144
0,453256
0,450314
0,453361
0,451050
0,446427
0,425834
0,439808
0,432348
0,426254
0,420475
0,415432
0,413751
0,425729
0,436971
0,444851
0,452311
0,454202
0,454937
0,458615
0,458299
0,454517
0,452836
0,453781
0,448003
0,452941
0,457564
0,461977
0,467860
0,471012
0,454097
0,479102
0,481099
0,480994
0,482675
0,483200
0,484566
0,485406
0,482675
0,482675
0,478157
0,480468
0,484776
0,491500
0,499590
0,501482
0,505684
0,507155
0,513774
0,515771
0,518607
0,517977
0,522075
0,529429
0,515035
0,542142
0,541092
0,542247
0,548236
0,553489
0,554120
0,557377
0,559268
0,562525
0,565467
0,558848
0,553700
0,547396
0,542668
0,538465
0,534893
0,528484
0,518818
0,511463
0,509151
0,503478
0,497489
0,495388
0,481414
0,509256
0,510727
0,511673
0,515035
0,518082
0,525647
0,525437
0,525752
0,525752
0,529324
0,529639
0,531005
0,530585
0,535628
0,536994
0,537309
0,537309
0,540356
0,536153
0,537204
0,537099
0,534472
0,529219
0,501271
0,521444
0,520499
0,522705
0,524491
0,528484
0,529744
0,533001
0,533947
0,538990
0,542037
0,546345
0,548341
0,549287
0,550022
0,549917
0,548656
0,550337
0,549602
0,548761
0,545820
0,547921
0,550127
0,550758
0,527328
0,548972
0,544664
0,542352
0,542142
0,541827
0,541932
0,544664
0,545504
0,548236
0,549707
0,552649
0,553174
0,550022
0,543193
0,536784
0,531320
0,522180
0,516716
0,507260
0,500116
0,492761
0,480573
0,474900
0,448318
0,471117
0,468596
0,461346
0,458930
0,462607
0,461661
0,462922
0,467545
0,471222
0,476896
0,486247
0,488138
0,489609
0,494547
0,492656
0,487403
0,478682
0,474374
0,467440
0,459455
0,455463
0,448738
0,442644
0,414592
0,427410
0,422577
0,419845
0,417008
0,414382
0,416483
0,414592
0,418479
0,426464
0,436340
0,452100
0,461556
0,471117
0,475215
0,478787
0,486037
0,487613
0,486247
0,486037
0,487928
0,487508
0,503373
0,507575
0,489504
0,512093
0,509992
0,511988
0,512619
0,514510
0,520814
0,527853
0,535103
0,543928
0,550232
0,553489
0,558638
0,555591
0,553594
0,552334
0,547711
0,546870
0,548972
0,548866
0,549707
0,538150
0,527958
0,529219
0,514300
0,536574
0,535313
0,536469
0,540987
0,545399
0,549917
0,557062
0,560634
0,535733
0,509362
0,511358
0,576079
0,578285
0,583223
0,579021
0,579546
0,580491
0,577129
0,576184
0,577129
0,571035
0,574608
0,574818
0,544033
0,564416
0,562630
0,559478
0,555381
0,550232
0,549287
0,551283
0,554330
0,554750
0,558428
0,566413
0,570825
0,569039
0,574818
0,573977
0,578285
0,580912
0,578810
0,580491
0,579546
0,579546
0,585430
0,590578
0,569565
0,598563
0,606233
0,616109
0,623989
0,632709
0,641640
0,648154
0,652672
0,658030
0,670218
0,675787
0,684297
0,687239
0,688079
0,688395
0,686188
0,682511
0,677468
0,667802
0,660342
0,649625
0,641115
0,631028
0,597092
0,617160
0,610435
0,597092
0,582803
0,573872
0,561685
0,553174
0,549707
0,542773
0,537309
0,526697
0,529324
0,527118
0,532791
0,545189
0,557482
0,566097
0,587321
0,604341
0,617475
0,630188
0,638278
0,637542
0,608964
0,630713
0,625145
0,621677
0,614533
0,607914
0,605602
0,603711
0,599193
0,595306
0,593625
0,588687
0,577550
0,571035
0,558533
0,554435
0,553805
0,570615
0,571561
0,564206
0,561685
0,562840
0,562315
0,556852
0,535103
0,545294
0,534052
0,528694
0,520288
0,512303
0,511568
0,508206
0,507996
0,504739
0,502217
0,497279
0,500431
0,500746
0,502112
0,500326
0,503163
0,509677
0,517872
0,521339
0,520288
0,520394
0,518712
0,515140
0,502847
0,526592
0,530060
0,531741
0,530795
0,531846
0,532791
0,526908
0,517977
0,513144
0,512724
0,518712
0,520604
0,516716
0,522390
0,527328
0,531425
0,528799
0,532476
0,528484
0,528168
0,532476
0,533212
0,532266
0,511043
0,531741
0,528589
0,523651
0,521549
0,518818
0,512093
0,510622
0,512408
0,515981
0,508626
0,503268
0,501692
0,507050
0,506630
0,501692
0,497174
0,494337
0,494442
0,492551
0,493391
0,492656
0,492026
0,491290
0,469857
0,488453
0,486247
0,482675
0,481519
0,481729
0,474269
0,470907
0,471222
0,472063
0,468911
0,467335
0,471328
0,474059
0,476056
0,481414
0,483935
0,484251
0,484041
0,482465
0,481204
0,479102
0,477106
0,476791
0,453361
0,473744
0,472904
0,471958
0,469646
0,465654
0,464603
0,465654
0,467755
0,470382
0,474585
0,476686
0,476896
0,474269
0,473219
0,470382
0,469541
0,470382
0,470697
0,470592
0,471222
0,465444
0,468281
0,467335
0,450104
0,473324
0,470382
0,467335
0,466494
0,463763
0,462922
0,465549
0,461451
0,454202
0,455147
0,454832
0,446637
0,443275
0,440333
0,434344
0,430457
0,431087
0,431297
0,430772
0,434239
0,440123
0,440123
0,439492
0,418374
0,430457
0,421421
0,412280
0,404610
0,398306
0,391267
0,388115
0,386119
0,381391
0,380550
0,382336
0,381076
0,383282
0,384122
0,384017
0,384333
0,387590
0,391582
0,392423
0,393368
0,393684
0,393473
0,392528
0,375927
0,389691
0,382336
0,375507
0,371409
0,366156
0,361638
0,364475
0,366997
0,373616
0,380340
0,380970
0,386434
0,399777
0,413961
0,424993
0,439913
0,450629
0,461346
0,469226
0,478367
0,491500
0,502007
0,521549
0,516611
0,555065
0,567043
0,575343
0,578915
0,573662
0,567673
0,570300
0,564416
0,560319
0,556536
0,556852
0,555591
0,553910
0,554540
0,550863
0,540041
0,540987
0,540461
0,540041
0,539831
0,540987
0,543298
0,538780
0,512198
0,534893
0,530585
0,525752
0,519343
0,513459
0,511043
0,509992
0,511043
0,511673
0,507575
0,506840
0,504739
0,501797
0,497594
0,497489
0,496649
0,495493
0,490029
0,482254
0,479733
0,479313
0,478682
0,481519
0,465759
0,483935
0,482359
0,486037
0,485827
0,488453
0,489504
0,492236
0,491500
0,497069
0,495913
0,496754
0,498855
0,496123
0,494652
0,501376
0,505789
0,505474
0,498960
0,492236
0,488348
0,485827
0,491500
0,497699
0,476266
0,499906
0,501376
0,498855
0,488874
0,481519
0,482675
0,488243
0,496438
0,506630
0,513774
0,515981
0,515771
0,513564
0,514300
0,508836
0,510622
0,513249
0,515245
0,523545
0,526908
0,529744
0,529324
0,526697
0,504528
0,486772
0,475740
0,464813
0,458299
0,454307
0,455883
0,456198
0,455883
0,457354
0,454307
0,453361
0,447583
0,442855
0,436130
0,432138
0,431507
0,427200
0,426149
0,424573
0,424258
0,421211
0,423732
0,426674
0,432768
0,451995
0,448423
0,441489
0,432453
0,425308
0,417849
0,411440
0,410284
0,411019
0,414277
0,417849
0,417954
0,418269
0,411335
0,405766
0,404295
0,404926
0,403245
0,402929
0,407027
0,409443
0,410179
0,411230
0,396205
0,414907
0,411545
0,410914
0,411650
0,410284
0,408918
0,408288
0,416273
0,423522
0,429301
0,433294
0,435815
0,435920
0,439387
0,439387
0,437496
0,436761
0,435605
0,432453
0,434134
0,433714
0,436130
0,441384
0,431297
0,452626
0,453466
0,453256
0,450524
0,445901
0,446427
0,449789
0,453676
0,452731
0,460190
0,462607
0,463658
0,463132
0,461661
0,458509
0,458509
0,458825
0,455568
0,450104
0,450314
0,452836
0,456303
0,455042
0,435920
0,456618
0,456093
0,450735
0,443170
0,438232
0,439913
0,447267
0,457564
0,466494
0,472588
0,481519
0,493497
0,499906
0,509572
0,508416
0,513354
0,516926
0,519658
0,522600
0,533947
0,543193
0,549602
0,555696
0,536048
0,557272
0,555276
0,553174
0,553594
0,555801
0,548341
0,548972
0,546555
0,543928
0,541197
0,536048
0,532056
0,525962
0,520499
0,521234
0,518397
0,513774
0,512724
0,511463
0,513459
0,510938
0,508941
0,505054
0,274643
0,272122
0,272752
0,270441
0,272227
0,272122
0,271912
0,268655
0,265608
0,262876
0,258778
0,263191
0,266553
0,265818
0,262561
0,257833
0,254366
0,252054
0,250793
0,253105
0,255626
0,257307
0,259409
0,257938
0,258253
0,253315
0,252895
0,255521
0,258673
0,262035
0,264557
0,265503
0,264977
0,265187
0,264137
0,259199
0,259724
0,260039
0,260670
0,256047
0,251949
0,249322
0,248902
0,250583
0,251529
0,255731
0,254366
0,254576
0,254050
0,465969
0,460506
0,451155
0,445166
0,441804
0,433924
0,428776
0,429196
0,429616
0,426149
0,423838
0,421526
0,417744
0,415958
0,414171
0,410704
0,409864
0,409338
0,408498
0,408498
0,410284
0,411545
0,409759
0,394419
0,408393
0,398517
0,394314
0,390637
0,383282
0,382441
0,386329
0,392738
0,397886
0,399567
0,401984
0,398937
0,403770
0,409128
0,410809
0,414066
0,415432
0,425939
0,435815
0,439492
0,440963
0,443590
0,443695
0,424888
0,420475
0,417639
0,413226
0,409023
0,406922
0,408183
0,411650
0,413856
0,416903
0,419740
0,424258
0,430772
0,434239
0,441489
0,446217
0,450104
0,455988
0,463027
0,470697
0,475530
0,480994
0,479208
0,476056
0,472273
0,451470
0,446532
0,443695
0,439282
0,431823
0,423417
0,417323
0,409864
0,407657
0,400723
0,392108
0,394524
0,399147
0,404400
0,412701
0,417218
0,420055
0,424993
0,423732
0,421736
0,419950
0,423838
0,423627
0,436761
0,449894
0,441068
0,431718
0,424573
0,414697
0,405976
0,399252
0,394944
0,398306
0,396310
0,398201
0,395470
0,405136
0,407762
0,408918
0,407657
0,409654
0,412595
0,409338
0,407973
0,406817
0,404926
0,408078
0,407132
0,405661
0,395890
0,391267
0,387380
0,384753
0,382441
0,388430
0,392948
0,396836
0,398201
0,397151
0,394734
0,390847
0,394734
0,393158
0,398937
0,404821
0,405661
0,408918
0,409549
0,410599
0,411230
0,413226
0,401669
0,408813
0,403560
0,396520
0,389376
0,383702
0,378659
0,380445
0,385173
0,387695
0,394839
0,391162
0,387064
0,391057
0,387064
0,380445
0,375297
0,375297
0,377293
0,379184
0,380340
0,379920
0,379184
0,379184
0,369308
0,381286
0,371725
0,366156
0,358591
0,353653
0,350922
0,349661
0,354284
0,358276
0,360693
0,361218
0,359012
0,357856
0,358171
0,354389
0,348715
0,348610
0,350606
0,350816
0,355860
0,359117
0,372460
0,378659
0,361743
0,376243
0,371199
0,368257
0,358907
0,349346
0,345983
0,348820
0,355755
0,353548
0,355965
0,363529
0,369098
0,370254
0,371725
0,369098
0,368783
0,369308
0,374246
0,377819
0,377083
0,377398
0,381811
0,389586
0,379079
0,397991
0,405031
0,408078
0,406712
0,404610
0,402929
0,405346
0,410914
0,413121
0,417113
0,418899
0,421316
0,423417
0,420265
0,420055
0,415747
0,411335
0,413436
0,417639
0,417954
0,422577
0,421421
0,420370
0,411650
0,437391
0,442119
0,448108
0,455673
0,462292
0,468386
0,470697
0,472378
0,472483
0,477106
0,478997
0,474690
0,473534
0,474480
0,476371
0,488243
0,500536
0,510412
0,517977
0,525752
0,533947
0,536574
0,542037
0,518502
0,528694
0,528168
0,531846
0,541932
0,553069
0,565887
0,585219
0,596041
0,602765
0,603396
0,602240
0,604972
0,602240
0,600244
0,597722
0,600874
0,599508
0,597092
0,591103
0,592784
0,592994
0,589422
0,580176
0,557167
0,568304
0,564837
0,559373
0,554540
0,548236
0,543613
0,544033
0,544559
0,536574
0,531741
0,532686
0,531846
0,532476
0,529639
0,529114
0,523230
0,522075
0,519553
0,518923
0,514825
0,517872
0,520709
0,522915
0,504318
0,518712
0,521864
0,518502
0,515455
0,511778
0,506945
0,500956
0,493707
0,489084
0,483725
0,475950
0,470172
0,463658
0,456303
0,449789
0,447162
0,444641
0,444641
0,442224
0,444115
0,440543
0,434029
0,428460
0,415853
0,418689
0,424678
0,422156
0,420791
0,414382
0,413331
0,413541
0,409233
0,404085
0,396730
0,393999
0,387380
0,388850
0,388640
0,384438
0,381496
0,381076
0,386959
0,391897
0,392528
0,389271
0,386644
0,388325
0,368678
0,379605
0,379079
0,376978
0,369728
0,365841
0,367207
0,362899
0,363109
0,355650
0,372670
0,362899
0,359117
0,360588
0,361533
0,366261
0,370254
0,369098
0,370254
0,368468
0,367837
0,373196
0,377608
0,382441
0,469752
0,488033
0,483410
0,488033
0,492866
0,496333
0,495388
0,502322
0,504318
0,506630
0,505054
0,504423
0,529744
0,536259
0,548341
0,559583
0,576499
0,576814
0,576079
0,576709
0,580176
0,577024
0,574082
0,573662
0,558428
0,581017
0,585219
0,588582
0,588582
0,592364
0,594150
0,600139
0,599824
0,603081
0,615689
0,617685
0,626616
0,632709
0,627456
0,633130
0,635861
0,633130
0,634811
0,638068
0,636702
0,633970
0,627351
0,621993
0,611486
0,637437
0,642270
0,644267
0,650361
0,649310
0,645317
0,641220
0,642586
0,641325
0,636912
0,639959
0,641535
0,639013
0,636912
0,636492
0,641325
0,644057
0,640694
0,640694
0,643006
0,641850
0,640484
0,640064
0,617265
0,629137
0,623989
0,626300
0,622833
0,622518
0,624619
0,624409
0,641115
0,648364
0,654143
0,660132
0,660972
0,667066
0,667696
0,666751
0,663389
0,665595
0,668747
0,668327
0,667381
0,666015
0,665490
0,664229
0,646263
0,656454
0,654773
0,655824
0,650571
0,643531
0,632709
0,620312
0,611696
0,608964
0,600244
0,587741
0,583538
0,578915
0,572822
0,570615
0,566833
0,563891
0,568514
0,571456
0,572296
0,572506
0,578180
0,589527
0,585324
0,603186
0,603921
0,603081
0,602660
0,600139
0,596356
0,590368
0,585955
0,580702
0,577234
0,568514
0,568094
0,573347
0,571981
0,566413
0,566833
0,569880
0,574293
0,576814
0,575763
0,570825
0,562210
0,562210
0,548551
0,540251
0,542142
0,544664
0,546765
0,549287
0,549287
0,557062
0,563576
0,569354
0,573242
0,578180
0,581017
0,581752
0,577970
0,574082
0,574293
0,573347
0,572927
0,572927
0,569459
0,573032
0,577760
0,580491
0,588371
0,611066
0,617055
0,621152
0,619996
0,620522
0,619261
0,617370
0,616529
0,615899
0,613062
0,612957
0,600034
0,600664
0,601610
0,602240
0,598668
0,600244
0,598563
0,597617
0,596672
0,596251
0,598878
0,603081
0,581227
0,601820
0,598563
0,594675
0,588371
0,580702
0,582383
0,586585
0,586480
0,586585
0,591628
0,597092
0,599508
0,600664
0,598248
0,599614
0,598983
0,595936
0,596041
0,588476
0,581542
0,577129
0,575658
0,570510
0,544664
0,556536
0,555065
0,546450
0,537204
0,533107
0,529114
0,524701
0,522075
0,525016
0,533422
0,537729
0,538885
0,551178
0,555381
0,555170
0,554750
0,556641
0,557482
0,559058
0,556852
0,561895
0,559268
0,556221
0,533107
0,542668
0,536259
0,528168
0,515455
0,511568
0,512514
0,507786
0,503163
0,517767
0,533212
0,541407
0,546765
0,551283
0,541617
0,542142
0,536574
0,540356
0,543928
0,547711
0,555381
0,558638
0,562735
0,562945
0,547606
0,566518
0,557167
0,545504
0,537309
0,533001
0,532476
0,535523
0,538045
0,542037
0,547290
0,547606
0,550968
0,552229
0,552649
0,545189
0,536784
0,533947
0,532056
0,523545
0,519973
0,518712
0,519763
0,517872
0,499275
0,514825
0,514195
0,510307
0,502427
0,496964
0,491815
0,480783
0,475110
0,477421
0,478367
0,477842
0,478787
0,482149
0,484986
0,476161
0,473219
0,472273
0,474690
0,483725
0,486142
0,488769
0,496018
0,501482
0,505579
0,510307
0,510832
0,509467
0,509782
0,509677
0,503583
0,500116
0,501376
0,501587
0,502637
0,504213
0,508626
0,510938
0,506735
0,501902
0,502952
0,506630
0,505684
0,507996
0,511253
0,514615
0,515350
0,512829
0,507155
0,508206
0,508836
0,513459
0,516401
0,515981
0,514615
0,511463
0,515455
0,517872
0,520814
0,516926
0,520288
0,523230
0,527433
0,524701
0,521234
0,523756
0,519028
0,520814
0,523335
0,530060
0,533527
0,536048
0,531636
0,537414
0,538570
0,534367
0,529744
0,521129
0,515350
0,513249
0,512408
0,518818
0,525542
0,528799
0,532686
0,534262
0,533632
0,533947
0,534998
0,528904
0,528904
0,529009
0,529639
0,529219
0,528799
0,529219
0,528063
0,525227
0,521549
0,517136
0,511043
0,506735
0,504739
0,507155
0,514720
0,527748
0,536889
0,542983
0,544244
0,553489
0,557902
0,551913
0,560319
0,569354
0,571035
0,572296
0,575238
0,577339
0,579336
0,580491
0,578390
0,581752
0,585955
0,586270
0,588687
0,581752
0,571141
0,563786
0,558638
0,554225
0,551493
0,548761
0,549497
0,552964
0,550127
0,550127
0,548131
0,547606
0,549182
0,548446
0,547711
0,553805
0,558848
0,557062
0,557062
0,537414
0,531110
0,521234
0,515560
0,507260
0,498540
0,491605
0,493181
0,490134
0,486982
0,482570
0,482254
0,480363
0,478997
0,478367
0,478787
0,477632
0,473954
0,467965
0,464498
0,464183
0,462922
0,461661
0,458089
0,458299
0,459140
0,454517
0,449264
0,437601
0,425098
0,412911
0,404715
0,399357
0,394734
0,397256
0,403875
0,406397
0,403560
0,405031
0,410494
0,415222
0,413751
0,419635
0,425834
0,430247
0,434554
0,436340
0,440648
0,424783
0,418584
0,416168
0,412385
0,410179
0,407973
0,402509
0,399882
0,410494
0,413646
0,413226
0,405871
0,408393
0,413751
0,416063
0,419530
0,420896
0,422051
0,420265
0,417639
0,417639
0,419425
0,418899
0,421526
0,424153
0,422892
0,424888
0,425203
0,426884
0,424258
0,417744
0,419950
0,420475
0,423207
0,430142
0,431928
0,438022
0,452521
0,454097
0,453676
0,457459
0,460401
0,467965
0,468281
0,464813
0,474690
0,478787
0,479838
0,478787
0,478367
0,480468
0,476161
0,470382
0,469857
0,471012
0,468386
0,466389
0,465654
0,470802
0,472378
0,472693
0,470802
0,477211
0,477421
0,475005
0,462712
0,462922
0,467545
0,473114
0,475530
0,486142
0,491815
0,493917
0,494022
0,493707
0,490555
0,479733
0,471433
0,468491
0,466074
0,455988
0,459875
0,464603
0,458299
0,464813
0,474795
0,478157
0,482990
0,484671
0,482044
0,477526
0,471853
0,467335
0,465654
0,467020
0,464603
0,464288
0,464183
0,466705
0,460296
0,455883
0,451680
0,445586
0,439177
0,432033
0,426884
0,430142
0,432138
0,439492
0,450840
0,459350
0,462817
0,456828
0,459665
0,468386
0,478262
0,480468
0,477632
0,480468
0,479208
0,462817
0,454937
0,453256
0,447688
0,436025
0,432348
0,435815
0,430562
0,425729
0,427410
0,436446
0,440228
0,439282
0,440963
0,446952
0,444641
0,437181
0,430667
0,427725
0,424258
0,417534
0,415327
0,415222
0,412806
0,415012
0,411860
0,405661
0,399987
0,394209
0,388640
0,384543
0,378239
0,373931
0,372880
0,373196
0,378869
0,378764
0,377293
0,382231
0,384228
0,381706
0,378029
0,376348
0,379500
0,380865
0,383912
0,383492
0,387064
0,392528
0,398411
0,398517
0,394104
0,392318
0,388115
0,388640
0,390321
0,389061
0,384438
0,386644
0,382546
0,378974
0,390637
0,403665
0,400513
0,394524
0,396625
0,397676
0,392843
0,390637
0,394314
0,400828
0,407132
0,410284
0,407447
0,409864
0,414697
0,415327
0,413121
0,415958
0,418689
0,417113
0,420475
0,427515
0,437601
0,437916
0,440333
0,439387
0,429721
0,436446
0,436446
0,439387
0,444010
0,441699
0,440543
0,446847
0,443170
0,441173
0,438547
0,433083
0,428566
0,424993
0,419950
0,410914
0,408078
0,410074
0,415432
0,415958
0,415537
0,418269
0,423522
0,422367
0,433924
0,427305
0,423207
0,426149
0,424888
0,426674
0,430457
0,425834
0,417744
0,420265
0,421316
0,424048
0,421946
0,416903
0,415432
0,420370
0,421421
0,420265
0,413331
0,409023
0,409549
0,411230
0,407867
0,410179
0,410704
0,414487
0,422472
0,426884
0,427200
0,431402
0,429301
0,428986
0,433083
0,424783
0,427200
0,424153
0,426044
0,429616
0,432453
0,428671
0,421526
0,415537
0,403770
0,399357
0,393053
0,388010
0,396941
0,403245
0,404400
0,408708
0,416798
0,416693
0,411755
0,411440
0,409654
0,403875
0,406817
0,418269
0,421736
0,425308
0,425203
0,421106
0,421421
0,420580
0,414802
0,414907
0,415958
0,418059
0,417429
0,421421
0,421631
0,420580
0,414697
0,411335
0,410809
0,411335
0,410179
0,409969
0,403455
0,398832
0,397151
0,395785
0,391477
0,386539
0,386014
0,386644
0,387064
0,390742
0,385909
0,384648
0,384228
0,383702
0,390321
0,397466
0,396415
0,397991
0,401458
0,399357
0,393894
0,384333
0,380550
0,382126
0,387274
0,386539
0,387274
0,383702
0,381706
0,378869
0,373511
0,373616
0,371935
0,371094
0,368573
0,367312
0,368152
0,373091
0,366261
0,367627
0,368888
0,369413
0,374982
0,379500
0,384753
0,386959
0,380760
0,380865
0,386959
0,389796
0,386644
0,388220
0,383912
0,381601
0,384228
0,380340
0,380760
0,389901
0,393473
0,388220
0,390426
0,396415
0,401458
0,407762
0,410284
0,414907
0,416693
0,409654
0,407447
0,404295
0,401879
0,401984
0,407657
0,408603
0,409654
0,409128
0,403245
0,403034
0,402719
0,394209
0,389796
0,390006
0,369939
0,370149
0,370044
0,371620
0,373511
0,375087
0,366471
0,367417
0,359117
0,357751
0,355334
0,352498
0,360377
0,363214
0,365526
0,368468
0,371409
0,369203
0,365211
0,369518
0,366787
0,362899
0,357120
0,351132
0,350922
0,349661
0,354284
0,366787
0,378134
0,376453
0,372355
0,372880
0,366261
0,365421
0,366681
0,357541
0,357856
0,366576
0,373931
0,376032
0,379500
0,379920
0,378134
0,378239
0,378449
0,378974
0,371830
0,369413
0,373301
0,376348
0,383702
0,395995
0,411019
0,430877
0,440963
0,460085
0,483830
0,497804
0,513039
0,528799
0,541617
0,561054
0,580912
0,600139
0,623358
0,642691
0,658556
0,663179
0,669588
0,682196
0,692912
0,706256
0,711824
0,709093
0,705520
0,711089
0,708357
0,717183
0,715607
0,712455
0,706886
0,700792
0,692912
0,681880
0,674526
0,667171
0,653302
0,643321
0,633025
0,623358
0,610015
0,592994
0,574503
0,564731
0,558533
0,549392
0,544454
0,538990
0,536574
0,537414
0,534788
0,532896
0,530900
0,531005
0,529324
0,520183
0,518818
0,525332
0,526277
0,527958
0,526592
0,525016
0,517977
0,512198
0,503583
0,496018
0,496228
0,497804
0,496228
0,494232
0,500851
0,513774
0,509677
0,509046
0,514720
0,514195
0,505999
0,502112
0,498225
0,495703
0,500221
0,496649
0,491500
0,493812
0,491921
0,495808
0,497699
0,491290
0,493812
0,499695
0,500326
0,497384
0,492446
0,492656
0,490870
0,487193
0,479733
0,481834
0,486667
0,503163
0,512724
0,512198
0,508626
0,509782
0,516926
0,520814
0,519238
0,519448
0,514825
0,510832
0,512829
0,525227
0,529955
0,530165
0,531005
0,527433
0,529639
0,528273
0,522600
0,521444
0,514300
0,514510
0,513459
0,515350
0,519553
0,519763
0,528379
0,530060
0,532581
0,538675
0,544454
0,547606
0,557377
0,560529
0,561159
0,554330
0,544769
0,540776
0,533842
0,530795
0,526908
0,527643
0,529849
0,527748
0,531110
0,521234
0,514825
0,522075
0,526592
0,533001
0,541827
0,544769
0,540776
0,550022
0,548551
0,545294
0,538360
0,546870
0,545189
0,530480
0,522705
0,523756
0,519448
0,517767
0,519763
0,519133
0,521969
0,525437
0,530690
0,538255
0,541197
0,542457
0,540881
0,538780
0,528799
0,514300
0,513564
0,516296
0,513564
0,512724
0,511043
0,505579
0,505684
0,505894
0,508941
0,510938
0,511673
0,506420
0,504739
0,502847
0,499170
0,492551
0,484251
0,483515
0,491290
0,496754
0,504108
0,506525
0,509677
0,499170
0,490765
0,489084
0,484671
0,480678
0,475425
0,470382
0,467230
0,470277
0,468176
0,469331
0,462292
0,457039
0,454097
0,452521
0,448423
0,444220
0,441804
0,443275
0,449264
0,454727
0,461346
0,466074
0,474480
0,476476
0,471433
0,469962
0,469962
0,467230
0,463868
0,464708
0,462922
0,466389
0,469646
0,471958
0,466074
0,456933
0,456618
0,448948
0,444851
0,439387
0,421421
0,448738
0,455883
0,464183
0,471222
0,476581
0,473114
0,480678
0,484251
0,488348
0,492551
0,501797
0,507575
0,523756
0,544138
0,559268
0,567568
0,570720
0,573137
0,574398
0,576079
0,567778
0,553489
0,549182
0,553700
0,557902
0,554540
0,554435
0,565362
0,571876
0,587531
0,601295
0,618631
0,647839
0,668537
0,685032
0,690076
0,697325
0,702263
0,702999
0,699111
0,691126
0,686713
0,684612
0,683562
0,684612
0,686924
0,684717
0,683456
0,686188
0,681670
0,682721
0,674526
0,674000
0,683982
0,675997
0,666856
0,663494
0,661813
0,659606
0,659396
0,656244
0,644162
0,635336
0,630083
0,619156
0,612221
0,606863
0,598983
0,595936
0,593520
0,598038
0,597827
0,592784
0,589842
0,583433
0,576604
0,572401
0,576394
0,580176
0,578075
0,578915
0,575448
0,577339
0,576604
0,571141
0,563471
0,555065
0,553384
0,547711
0,543613
0,536574
0,530690
0,526277
0,538990
0,537624
0,535733
0,516296
0,519763
0,520814
0,522180
0,524281
0,520183
0,522180
0,525016
0,528799
0,530375
0,530585
0,525962
0,527748
0,520814
0,527643
0,525962
0,519448
0,514510
0,516191
0,512829
0,507155
0,499695
0,487508
0,485511
0,482675
0,482675
0,483305
0,484461
0,484041
0,486037
0,482149
0,482780
0,490660
0,498435
0,495703
0,491605
0,485511
0,483935
0,481309
0,480363
0,480468
0,475215
0,474269
0,470067
0,463027
0,456093
0,454832
0,450104
0,447793
0,442434
0,436971
0,432663
0,430772
0,428671
0,427620
0,429826
0,439597
0,447898
0,447057
0,442224
0,446112
0,443170
0,436656
0,433294
0,431297
0,435290
0,439072
0,435395
0,424363
0,419425
0,414802
0,413646
0,407867
0,399882
0,400198
0,403455
0,402089
0,408708
0,408918
0,406712
0,407132
0,404505
0,397991
0,397886
0,401458
0,406712
0,407657
0,415012
0,426779
0,436761
0,438442
0,433504
0,439913
0,443800
0,451470
0,455988
0,462292
0,448738
0,446112
0,455463
0,458930
0,454307
0,442855
0,448318
0,454202
0,454412
0,453466
0,451365
0,451575
0,447057
0,442960
0,441909
0,437076
0,436130
0,436656
0,431928
0,422577
0,422472
0,424048
0,424048
0,424783
0,422367
0,418899
0,421211
0,415642
0,413121
0,406817
0,409233
0,409864
0,409338
0,414487
0,427305
0,430772
0,429406
0,429301
0,431718
0,433399
0,435185
0,439913
0,440438
0,440858
0,439808
0,438442
0,446217
0,445586
0,450209
0,455778
0,462922
0,480783
0,485932
0,486562
0,492131
0,492236
0,486667
0,484881
0,481204
0,477001
0,478472
0,481519
0,478262
0,471853
0,466915
0,457984
0,453887
0,454517
0,453046
0,448318
0,441279
0,430877
0,428040
0,433609
0,436761
0,432138
0,432138
0,429931
0,437286
0,444220
0,446952
0,449264
0,449579
0,442119
0,438547
0,439177
0,436130
0,431402
0,424363
0,417639
0,411019
0,410914
0,419215
0,421946
0,426149
0,429931
0,431192
0,424888
0,417744
0,417113
0,414171
0,411755
0,412070
0,415117
0,417849
0,417113
0,413016
0,413436
0,408918
0,405766
0,400618
0,397676
0,396520
0,385804
0,377503
0,375717
0,376558
0,376663
0,375507
0,376243
0,372460
0,370149
0,365316
0,363635
0,354704
0,348190
0,349871
0,354389
0,359852
0,361638
0,363950
0,368678
0,369623
0,366366
0,364475
0,364055
0,365000
0,363635
0,361743
0,354074
0,353023
0,354179
0,351552
0,353758
0,352077
0,353023
0,354914
0,355439
0,354809
0,363319
0,369939
0,376032
0,383597
0,379920
0,378554
0,383177
0,384438
0,384333
0,387064
0,392002
0,397676
0,397781
0,392738
0,393578
0,389061
0,385383
0,384543
0,387274
0,397256
0,408708
0,416378
0,420160
0,413121
0,405346
0,423207
0,416798
0,418164
0,415642
0,417744
0,419950
0,418374
0,420475
0,424048
0,426990
0,423943
0,418479
0,413016
0,404821
0,394734
0,395995
0,396310
0,399357
0,410389
0,398832
0,413856
0,411230
0,417323
0,412490
0,406607
0,399567
0,398517
0,398517
0,405241
0,411440
0,421316
0,424258
0,427095
0,428776
0,427515
0,421946
0,415958
0,413856
0,410284
0,417954
0,422367
0,426674
0,426254
0,426674
0,431192
0,428145
0,423102
0,425414
0,434870
0,439492
0,448003
0,448843
0,447372
0,447372
0,445796
0,443800
0,439072
0,441489
0,440753
0,437706
0,432558
0,429511
0,420686
0,408078
0,413121
0,401248
0,386224
0,403980
0,401353
0,397151
0,386644
0,377819
0,378659
0,386119
0,416588
0,426044
0,428566
0,428671
0,426779
0,427620
0,424678
0,424678
0,422156
0,421211
0,421841
0,419110
0,420055
0,421841
0,425834
0,428145
0,429301
0,428355
0,423312
0,414802
0,406291
0,402089
0,393894
0,383807
0,374456
0,376558
0,377503
0,378764
0,389166
0,382021
0,377398
0,384543
0,381601
0,376978
0,372250
0,370044
0,373931
0,372775
0,372145
0,378659
0,380130
0,384438
0,377608
0,372775
0,373721
0,377503
0,376137
0,378344
0,380550
0,380235
0,379184
0,377293
0,376663
0,387695
0,387274
0,386854
0,386119
0,385278
0,387800
0,384438
0,378344
0,371725
0,373721
0,372355
0,377713
0,376558
0,382231
0,387800
0,390847
0,392002
0,391687
0,389061
0,393684
0,392948
0,391582
0,389901
0,387695
0,390111
0,388430
0,386434
0,383597
0,379710
0,379289
0,379500
0,378344
0,374667
0,374772
0,374667
0,376978
0,367207
0,367627
0,367732
0,364685
0,362689
0,358907
0,361113
0,360693
0,358801
0,357226
0,354599
0,354704
0,355755
0,363214
0,368257
0,373301
0,379920
0,382021
0,374246
0,366892
0,359117
0,353653
0,352392
0,350711
0,350711
0,353233
0,356700
0,355650
0,354599
0,353023
0,351027
0,347664
0,351447
0,351447
0,352813
0,353338
0,357331
0,359852
0,361008
0,359222
0,359432
0,360798
0,363635
0,366261
0,368573
0,365631
0,367942
0,367522
0,365211
0,369728
0,369728
0,370674
0,364265
0,355334
0,353758
0,353968
0,348820
0,345878
0,346614
0,347559
0,347980
0,348610
0,351237
0,353128
0,353758
0,350816
0,346299
0,349976
0,349135
0,346824
0,344407
0,343777
0,344197
0,346929
0,344407
0,342411
0,336948
0,335897
0,336422
0,333691
0,331589
0,331905
0,331905
0,333691
0,340205
0,321818
0,321398
0,319297
0,318876
0,318981
0,335582
0,337053
0,330959
0,326756
0,328437
0,335372
0,332430
0,330539
0,329698
0,329698
0,329173
0,324970
0,327702
0,331484
0,335687
0,334216
0,332955
0,335582
0,336738
0,331799
0,328332
0,320032
0,317090
0,318876
0,317090
0,317405
0,316670
0,317405
0,322238
0,323814
0,325706
0,328017
0,332430
0,333165
0,331379
0,332115
0,331905
0,333691
0,331799
0,335477
0,337473
0,335897
0,332640
0,330959
0,328332
0,325285
0,329068
0,325495
0,324550
0,321293
0,316985
0,321083
0,319402
0,324760
0,323394
0,320032
0,315514
0,313518
0,310786
0,313308
0,319612
0,322238
0,326861
0,324340
0,323814
0,330434
0,327807
0,325811
0,323394
0,321293
0,320978
0,320452
0,320242
0,318351
0,325180
0,329383
0,332115
0,334006
0,333165
0,331064
0,331799
0,330013
0,326651
0,324235
0,323499
0,322554
0,325495
0,318036
0,313203
0,313833
0,312572
0,314569
0,311522
0,311417
0,312257
0,312152
0,312467
0,314674
0,319822
0,321083
0,319402
0,312888
0,316565
0,318771
0,319191
0,322659
0,323184
0,327177
0,323394
0,324130
0,325390
0,322238
0,320978
0,322133
0,320452
0,321923
0,318561
0,318141
0,323709
0,320873
0,309105
0,309630
0,310261
0,310471
0,312572
0,314779
0,311206
0,316460
0,312467
0,312467
0,308475
0,306794
0,307214
0,309000
0,312257
0,315724
0,320452
0,322238
0,084368
0,084894
0,083738
0,082582
0,081742
0,081637
0,081847
0,081006
0,079535
0,078064
0,078169
0,081111
0,084578
0,085839
0,086995
0,085419
0,082792
0,082057
0,082372
0,082792
0,083948
0,083948
0,080166
0,079115