54294
53221
52148
51380
51185
50789
49704
49950
50144
51210
52977
54942
56427
55792
54040
53721
56565
60197
60572
59057
57040
55227
58521
56766
56391
55397
54562
54514
55387
57045
59213
60733
63609
64797
66640
68301
68620
67750
66474
65973
67570
69340
69517
67853
64076
62799
62844
61713
59357
56934
55518
55705
56590
56767
56805
58320
60600
62715
64250
66416
66706
65221
63822
63489
64231
65997
65670
63598
62006
61469
60629
58781
55322
54555
54595
54542
54383
54097
53373
53093
54078
55362
57490
60281
61036
59874
58385
57816
59650
62791
63399
62944
61795
60829
59827
59206
55920
55283
55555
56648
58125
58929
62714
66434
68734
70902
71783
72198
72515
71674
70897
69478
71000
74406
73398
72091
67655
64786
63337
61077
59633
58047
57975
57921
58580
59156
60668
62951
65100
66635
68289
70112
70076
68883
67223
65915
67921
70617
71285
69533
66720
64825
64614
61964
60667
58904
58908
59541
61013
61361
65198
69825
71719
71699
72897
74890
74404
73711
72629
72042
72206
75444
75171
73742
70637
69256
67591
63957
62065
61340
61300
61770
62188
63538
68208
72765
74542
74676
74717
75547
74143
73448
72533
71621
72551
74282
74201
72474
70431
68015
66368
62722
60910
59462
59641
60708
62002
63496
67275
72084
73783
75653
75828
75021
74460
73984
73164
72556
72912
73732
72435
70539
68265
66665
63267
59714
57371
55963
55323
56597
56523
57506
58407
60502
63311
64711
67057
68956
68922
66804
64918
64170
65601
68811
68681
67476
63716
61407
60489
60080
56740
55577
55015
55182
55899
55767
55331
56051
58136
59862
61844
65007
65201
64439
64093
62905
63211
67072
68071
66349
64109
62267
62109
60568
59550
59050
57364
57794
58629
61634
67727
72354
75098
75244
78009
79474
79496
79265
78406
76779
75420
74823
74516
75227
73560
70835
66907
63244
60696
59140
58966
59779
61338
63656
68828
74170
76483
76240
76782
77542
77011
74921
74536
73833
72912
73847
73390
71361
67937
66954
65110
61437
59175
58201
57175
58003
60180
62139
67793
73659
75177
75178
76488
77245
76047
75049
73739
72791
73458
75698
75027
73665
71585
68990
66903
62786
62075
61264
61101
62641
63027
64115
68480
73025
75032
75122
76414
77710
77982
76260
75074
74257
74527
76274
76038
75330
72427
69368
66805
63793
60801
59507
59269
59736
60841
63658
68464
72836
74145
73387
74045
74781
72979
71460
69281
67934
68679
71375
70493
69251
65990
62125
59891
57195
54287
52853
53109
53656
55078
54887
53826
54494
56794
58215
59481
60383
59874
59508
58168
56816
56879
60820
62426
60515
58805
57975
57948
55750
54556
53677
53693
53328
53520
52751
51850
53025
53353
56508
58924
60588
60913
59032
56760
55441
56250
59579
60407
59523
58016
57340
57115
57009
53974
52171
52994
53468
54467
56569
63278
69266
71914
71407
71706
73082
74459
72896
72649
71479
71355
73201
73045
71619
68455
65656
62873
60699
59109
58847
57994
58272
59367
60910
65250
70700
72307
72014
72632
74405
74216
73587
72833
72467
71542
73772
73996
72538
68750
66674
64144
61008
60315
60036
59516
59834
61310
61681
66185
71275
73569
73212
74104
74385
74472
73489
73543
72599
72232
74383
74124
72854
69275
67103
64726
62281
61150
59837
59211
59565
60424
62041
66576
71311
72973
73447
74100
75046
74755
74220
73751
72494
72490
74480
73354
70983
67784
65283
63063
60830
58913
58152
58874
59272
59628
60329
64596
69913
72747
72798
73758
73945
72911
71572
70099
69854
70505
72155
71746
70270
67092
64444
63217
61297
62133
61462
61148
61360
61420
60740
60715
61405
62592
64619
66120
67011
66767
65379
64119
63074
63253
66368
67146
65350
61596
60518
60649
59528
57539
57241
55944
56616
56116
55734
53915
53855
55039
57332
59365
60844
60570
59292
58077
57487
58071
61075
62846
62165
60418
59392
59327
57957
57377
56562
56737
57144
57757
59952
65740
71661
74117
74045
75045
75958
75654
75355
74042
73589
72795
75268
75690
74181
71119
68861
67758
65173
62020
61062
60746
60751
62028
64278
68739
73508
74328
73484
74502
76080
75804
74482
73810
72956
71949
74169
74509
73264
69814
67466
64977
62199
60834
59888
58888
59350
60147
61722
67788
73091
74665
74798
75904
77391
77170
77033
76155
75590
75172
77596
77630
75573
72264
70245
68660
66094
65107
64720
63585
63145
64295
65638
70344
75397
77450
77536
78783
79943
78693
76529
75531
73666
71912
74521
75525
73368
69994
67556
65212
62671
61174
60584
60610
61866
63539
63535
67491
72352
73791
73332
73562
74552
73819
72378
70987
71551
70938
72948
73430
72197
68812
65740
64413
61182
59555
58415
57385
57568
57817
57052
56595
57932
60001
62583
64349
65358
64523
62879
62924
62463
61961
65308
66662
64489
60974
60484
59389
57303
56775
54728
53229
53027
53675
53423
51759
53026
54736
57934
59905
61639
61453
60192
58995
58369
59019
62258
64266
63812
61380
60480
61404
59690
57360
56268
55837
57056
58488
61598
67258
72816
74372
74962
75615
76547
76467
75646
74213
73496
72584
74390
75454
74369
71061
68909
66878
64090
62310
61930
62143
62622
62117
63425
67380
73023
74696
74443
75179
76271
76396
75776
74208
72825
71695
74312
75880
74474
71298
68097
65799
62882
62738
61672
61475
61588
61470
62275
66727
72005
74075
73903
74569
75354
74955
74309
73282
72424
71568
73953
74980
73860
70737
68599
67261
64198
64002
62282
62126
62115
62482
63923
68372
73517
75635
75660
76184
76640
74428
75713
74345
73694
72709
74703
76445
75169
71434
69409
67841
66317
64104
62983
62471
62565
63561
64612
67660
72698
73928
75146
75544
76496
75988
74657
72601
71612
70034
72095
74074
72339
68645
66529
65226
62750
60309
59622
58597
57824
57369
57149
56775
58506
61242
64114
65742
67447
67423
65777
63377
62703
62814
64693
67946
65727
63356
62128
62465
61826
60222
59165
58958
58215
56855
56061
53778
53806
55418
59404
62245
62904
62649
61751
59496
57610
57045
59220
63391
63169
61521
61128
62087
60664
59311
59274
59361
59598
60299
62918
66611
71427
73679
73767
75063
76054
75580
75286
74716
73611
72929
74453
75648
74792
69701
67223
65883
64015
59661
58999
59417
59358
59102
60588
65873
70714
71604
72340
73107
73741
73638
73384
72635
71180
69674
70765
72377
70792
67299
64782
62210
59412
59995
58843
58432
58835
59654
61882
66725
71199
73072
73601
74555
74385
74157
73648
72385
71667
70211
72488
74524
73067
69471
65895
64218
61926
60355
59538
59262
60032
59939
60844
66150
70994
73010
73076
74780
75954
75772
75037
73445
72563
71589
72900
74814
73576
70131
66646
65276
62939
61400
61250
60313
60263
61332
62491
66759
71526
73493
74663
75995
76092
74646
74170
71922
70315
68864
71158
74114
72271
68682
66360
64276
61924
59149
58162
57139
56967
57219
56259
55715
56837
59688
62463
64466
65519
64065
62150
61104
59817
58473
60727
63973
62242
59115
57365
56740
54828
54415
54534
53750
53754
54468
54437
54110
54231
55834
57582
59379
61806
61231
59711
57639
55049
54686
58494
62535
62107
59913
58312
59190
57944
56579
55765
55154
56075
56219
58009
62900
67056
69455
70977
72848
73519
73247
71757
70021
68703
67749
68749
72115
71892
68342
65602
65470
63048
61238
60153
59928
60811
61191
61775
66093
70988
73148
73694
75560
76667
75624
74459
72734
71455
70499
72105
73822
72548
68918
66793
65668
63089
60544
60055
60023
60506
61132
61892
66647
70572
73318
73823
75171
75725
75363
74684
73249
72334
71007
72160
74797
74373
71536
69954
68099
65073
63396
62565
62481
62992
63506
64274
68298
72545
73963
74694
75876
77381
76362
75566
74224
72279
70721
71403
74329
73443
70617
69157
66992
63651
64451
63268
62943
64042
63461
64965
67717
72556
74484
75860
77544
78558
77746
75241
71318
70008
68484
68677
71519
70242
66832
64142
61740
58163
55572
55295
55844
55295
56444
55941
55940
56553
59087
62264
65845
67871
67652
65882
63735
60550
59221
60295
62761
62603
59498
57340
57302
56691
53343
52338
52771
52913
52735
50905
49817
50749
52868
56139
59492
60949
60283
58748
57252
55982
55758
58173
62742
62718
61469
60711
61906
61975
60694
60835
60359
61033
61755
64272
69357
73585
75999
76609
77411
77945
77155
76801
75250
73845
72672
73605
75459
74113
70852
68232
66129
62747
63031
61963
61623
62341
62909
64051
68885
72496
74970
76176
76675
77694
77000
75545
74632
72875
71340
71951
75306
74700
71257
69745
67509
64451
61944
61375
61111
60740
61039
62816
68144
71832
73160
73391
74543
74863
74693
73618
72852
71424
69564
70236
73575
72907
69402
66570
64373
61949
60573
59801
59564
59764
60631
62382
67563
71469
73015
73811
74911
76338
77667
76899
75473
73589
70413
70576
74897
75738
71390
67643
65254
63177
61270
59496
58775
58047
58407
60889
66228
70875
73210
73550
74511
75040
74157
73062
70980
69345
67699
66650
68910
68202
65614
63709
61731
58553
56278
55520
54769
54627
54973
55139
55850
57325
60007
63322
65880
67119
65885
64146
62556
61767
60625
60531
64927
65124
61689
59287
58014
57019
54522
53277
52741
53388
53430
53581
53687
53561
55221
57788
59983
61499
61047
60138
58636
57151
56723
56223
59438
58830
56680
55835
55651
53078
52933
53196
54137
54824
57752
59602
66441
70443
73900
74666
74596
76033
75372
75113
73537
73355
70791
70547
73353
73322
70066
68075
66520
64561
62764
61837
60939
61355
61485
63585
68032
71525
73562
75547
77610
78347
77217
76512
73761
72009
69983
69977
73740
73607
70405
67478
66041
62726
60223
58482
58374
58963
60196
62573
68750
72419
74155
75402
76944
77651
78024
77646
75480
74480
71871
72419
75795
76878
73693
69592
67090
63280
60549
59630
59401
59304
59794
61724
66615
70387
72805
73535
74008
74714
74914
74656
73049
70924
69362
70185
73315
73264
70232
67635
64898
62716
60151
59097
59004
59639
60481
61852
66516
70878
73006
73624
74530
75226
74136
73054
71104
68585
67160
68234
71452
69915
67490
65201
63297
60815
58055
56244
55655
55730
56000
56581
57165
58902
60726
63915
66662
68133
67977
66442
63841
61675
59917
59687
62608
63797
61298
58839
58085
55976
54049
52312
51828
51624
52206
51891
51561
52663
55639
57721
59946
62465
61831
59745
58242
55624
53466
54758
61363
60427
57441
55846
56249
54949
53512
53496
53697
53738
55327
57508
64333
68574
70649
71521
73180
74092
73264
72850
71352
69569
67462
67490
72273
73261
68234
65137
63334
60352
58430
57685
57911
57974
58586
60914
66558
70545
72626
73550
74868
75809
75353
75077
73808
72209
70326
69540
72548
72596
69219
65863
63943
60748
58085
57321
56898
57394
57346
60040
65357
68886
71346
72357
73777
74829
75119
74470
72566
70699
67352
67153
70575
73110
68393
65856
63758
60519
58023
57430
56620
57180
57555
59512
65747
69236
71302
71820
73281
73825
73603
73133
71101
68728
67355
66960
71179
72151
67959
65121
63076
60881
59516
58037
57596
57975
59736
61201
66172
69847
72150
73524
74780
76075
73429
71219
70006
69367
68130
68576
70311
70363
66349
64047
62132
59309
56235
54862
54681
54203
54083
53865
54728
56741
59558
62134
62931
63374
64048
62464
61731
60805
59817
60416
63470
63457
60385
58646
57644
54411
52889
51171
50414
50526
50661
50933
49611
50825
53762
57428
60142
62545
62815
62432
60243
59729
58317
57666
60840
62365
60009
58700
58273
55572
54568
54719
54560
54661
55459
58348
64239
69043
72687
74079
75549
75883
74719
73940
73008
72266
70398
69372
71607
73394
69106
66558
63588
60121
57666
57233
56806
57662
57533
60184
63840
68237
70373
70382
72313
73290
73236
72857
71389
69466
67000
65973
68819
71672
68001
64686
61609
58517
56619
56510
57056
57787
57857
59113
64670
68757
71662
71814
73311
74500
73579
72817
70777
68785
67580
67709
70656
72161
67371
63347
60754
57177
56669
56316
55788
57520
58925
59539
64743
68688
70692
71542
73199
74842
74742
73585
71202
69249
68066
68504
70337
72165
69259
65035
61470
58734
57642
57085
57147
58742
61000
61405
65773
69715
70677
72246
73200
73802
73420
71426
71152
69909
68457
68037
71030
71657
67876
64008
62163
59366
57415
55488
54659
54825
54807
54167
54756
56933
60152
63143
64902
65850
65264
63038
61193
60206
59812
61166
63630
64804
62644
60810
60337
58213
54824
53389
51762
51441
50248
50466
49074
50327
53397
57397
59467
60687
59301
57298
56553
56180
56034
56586
57336
59719
57810
56541
56739
54898
54009
53499
53467
54632
55880
58996
63220
67277
70337
71871
72685
73462
74086
73501
72601
70486
67925
66628
67790
70980
67351
64519
62137
59410
58684
58329
58374
58835
59456
59954
64960
68568
70178
71627
73294
73946
72660
71843
70113
68180
66612
66056
67455
69939
67224
63920
61975
58983
58170
56600
56873
57332
58154
59491
64083
68515
70741
71752
73018
73316
72492
71181
69524
68074
67247
66628
68077
69344
66960
65091
62645
60841
58091
57298
57072
56982
56899
57978
62062
66902
69201
69862
70457
70916
71667
71085
69612
69644
68035
67236
69435
71600
67473
64943
62978
60801
59006
58340
58480
58314
58720
59962
63602
66636
69560
71283
74116
76173
74744
73685
72178
69979
67980
67693
67621
69518
66531
63452
60157
56803
53632
51764
51203
51497
51859
51707
51357
54057
58295
62399
64501
64781
63763
62948
61079
59839
59585
59164
62503
63835
60068
57424
56511
53855
51889
49912
48610
50255
51841
51427
50309
51461
53665
56284
58502
59148
58634
56537
56431
56806
55504
56336
58642
59071
59035
58204
58171
57084
57266
56933
57558
58175
60288
65507
70404
73659
75165
76321
77925
78183
78904
79214
77634
75190
72620
72328
72364
71393
68183
64721
60112
58827
57892
57656
58604
61199
60809
65549
71637
74639
75694
77521
78054
78502
78598
77763
75837
73847
72297
72772
72248
73000
70023
67557
64996
62057
62031
61180
61829
63032
64525
67524
71094
73657
76008
76879
79056
78512
78944
79026
77589
74279
71744
70926
71615
71712
68492
66246
62874
61529
60191
59495
59918
59584
60278
65081
69588
72527
74303
76271
78191
77900
78170
78505
76837
74824
71855
70828
69632
68650
65702
64347
60822
57754
55995
54914
54123
53629
52929
50343
50324
52995
56440
59316
61135
61089
61623
59896
57560
54467
52909
53632
53732
55250
54885
54388
51641
49873
48734
47695
47149
48313
49198
48970
50925
54259
57275
60148
62041
62654
60856
60125
60090
58263
59053
58653
57577
57645
55951
54617
51571
49208
47612
46933
46961
47389
47216
45783
47069
50597
53172
56602
59249
57824
56335
55236
54985
53561
51082
52736
52632
54012
53999
53304
50806
49075
46995
45872
46218
47224
47459
46516
47556
50417
53807
55695
58359
59050
58945
57517
56813
55139
53526
52882
53097
54864
55224
55386
53313
52425
51603
51993
53558
54207
56776
62652
67744
71535
72664
74256
76082
76635
75713
75051
72943
69722
68676
67113
66043
66994
65062
62720
59711
57414
56884
56809
57442
58114
59504
63876
67773
70636
71344
72520
73488
73659
73118
71637
70133
67457
66483
65492
64637
64662
62336
60847
57540
55243
54237
54999
55926
56631
57906
61925
65954
68931
70353
72343
73153
73335
72912
70990
69345
66257
64323
63161
63208
63880
62055
59449
56508
55198
54597
54308
54968
55023
57024
61433
65184
68201
69479
71651
73090
73953
72875
70163
67918
65224
63452
62672
61887
62925
60957
58259
55101
51512
49760
48758
48507
48661
49033
50415
53161
56502
60128
63302
65675
66122
65550
64337
63366
61790
60020
59643
60135
59707
57753
55565
52313
49739
49214
47523
46976
46976
47257
46782
48369
50655
54963
58896
61789
62837
61846
60365
58901
56994
56087
54936
54883
56043
56849
62977
55840
56161
55065
54973
54284
53780
56713
63497
68205
71480
74286
75171
76582
76650
76467
75508
73594
71905
69685
68332
66782
66065
63959
60873
57657
54905
53810
53626
54834
57013
59835
65696
69922
72208
72481
75299
76912
76833
77130
75834
73144
69581
67796
66091
65383
65334
63526
60504
56939
54898
55238
54725
55186
56111
58589
64368
69232
71546
72117
75600
78576
80564
80227
78966
77585
74624
70715
69523
66457
66434
65682
62241
58764
55957
54379
53745
54489
55649
57439
63580
67778
70659
71824
73417
74750
75334
74559
73140
71616
69025
67734
67023
65971
64790
63287
60177
57015
55901
54719
54658
55663
56628
58068
64175
69000
71557
71744
74347
74998
74505
73543
71703
70257
69860
68990
68418
66465
64929
63322
60852
56904
54181
51974
50143
50363
51433
51338
51701
54423
58254
61520
64005
64392
63283
65116
64672
61873
59509
59003
58816
56341
55549
54977
53225
50547
48714
47206
45680
45874
46173
46467
46271
48758
52216
55570
58970
59957
59727
59118
57495
55766
55069
53338
53127
53082
53788
54481
53467
49992
49081
48682
48660
50152
51639
54766
61650
66842
69327
71112
73650
75371
75871
75823
74975
72529
70545
67666
65880
64734
64322
63101
60061
56698
54282
52800
52406
53128
54842
57091
63209
68155
70384
71293
73438
76511
77991
77498
76273
75238
72879
68981
67264
66116
65619
64440
61331
57467
55138
54157
53827
54760
56449
58930
64818
69465
72300
73047
74465
75617
74967
74347
73268
71707
68764
66929
65519
65377
64807
63914
60765
56990
54790
54025
53815
55170
56654
59395
64134
68004
70650
71237
72449
73668
73876
73351
72269
70737
68102
66968
65765
64750
64720
63892
60582
56258
54568
53408
53514
54267
55845
58263
63807
67738
69953
70973
73049
73778
73685
73715
72162
70341
67813
65615
63769
62904
62508
61581
58244
54316
52581
51273
51091
51962
52354
52511
53303
55690
58891
61634
63515
64398
63757
62287
61377
60115
57753
57406
57730
56039
54486
53755
51914
48858
46743
45432
44565
44852
45122
46467
45526
46980
50580
53524
55665
57708
58493
56980
55394
55249
52957
52962
54410
54248
54212
53975
53103
50700
49184
48778
48495
50165
51813
55159
61569
66391
70016
71206
72797
74525
74885
74396
73774
72653
70855
69759
68074
67046
65495
63828
61128
58053
55340
54552
53677
55195
56145
57594
63583
67876
71100
71906
73616
74203
73687
73076
71914
70444
70396
69005
68824
68147
66702
64529
61472
58237
56781
56438
55839
56724
58268
60137
65072
69036
71756
72911
74656
76183
75257
74009
72923
70026
67938
65891
64846
63388
62426
62361
59178
55886
55147
53345
53099
52956
54496
55673
61426
65825
68725
70480
72286
74474
73580
73001
72276
71341
69142
66253
65864
64726
63305
60307
56372
52423
49853
48721
48096
48672
48551
48133
47974
48422
51111
53377
54729
57019
56296
55539
54097
53005
52552
52135
51411
51081
50758
51439
50455
47477
45662
44955
44843
45437
45897
46731
48311
50642
54360
56928
59340
59963
59796
58522
57880
57432
55434
54923
54494
53994
53292
53387
51980
49081
46652
44972
43732
45346
45657
46393
47348
48156
49951
51415
54424
57448
56956
56340
54734
53833
53599
54054
54041
53652
53473
54154
53516
50662
49252
48718
49738
50137
50636
53545
59849
65070
68767
69732
71048
72477
72010
71094
68277
66747
65039
64563
64069
63600
61963
61587
58844
54780
52307
51889
52564
53058
53838
56312
62187
66880
69048
69656
72078
74941
75161
72620
70132
69828
69639
71084
68799
65874
63637
62367
58146
54431
53439
54330
53440
53858
55690
57646
62438
66679
69981
71879
73619
74620
74524
73427
72158
71367
69607
68698
67554
66015
63311
63109
60856
55852
55362
55117
54919
55867
56226
57897
63895
68831
71324
73141
74179
74404
75088
74488
73440
71954
70102
67575
66582
64480
62882
62483
59291
54706
52376
52740
52084
52575
54274
56299
61602
67130
69907
71211
72541
73443
71961
70945
68737
67639
65311
64488
63557
62636
60521
60163
57183
52811
50027
48271
47326
47899
49190
48968
49146
51868
55788
59504
60616
61988
61539
60325
59254
58838
57710
57676
56719
55151
54682
54547
53554
50059
47228
46576
45566
45757
45925
46318
46762
48938
52673
56927
59844
62140
61513
60105
58550
55481
52528
51512
53090
53290
52789
54102
54057
52144
51279
49819
50100
51010
51981
54588
61721
66911
69314
70044
72403
73653
72711
72801
71239
69246
66589
65168
64484
63417
61968
61498
57876
53716
52454
52745
51998
53593
54421
55983
61102
65821
67978
68715
70503
72475
73373
72648
71186
68781
69214
68815
69311
67248
64669
62703
59317
54897
54223
53482
54106
55242
56420
58591
62616
68441
70900
71814
74068
75893
75737
74143
72901
69659
67171
65887
65571
64200
62234
61231
57865
54164
50711
48819
48564
49220
49734
48742
48955
51302
53466
56048
57142
58106
57818
57620
56884
55588
53431
52980
53509
53509
53570
53427
52270
48915
47693
46743
46127
47011
48092
49005
54541
58875
62224
63984
65458
66463
66156
65769
64422
63555
61829
61157
60065
58827
57369
56650
54597
51084
49107
48362
47206
47868
48318
48755
49893
52924
56251
59337
60927
61963
60275
59317
58686
57447
57005
57387
57532
56048
54948
54273
52444
49849
46876
45792
45231
45684
46093
45242
44674
46705
49798
53629
56441
59015
58740
58688
57168
56643
55234
54075
55449
54340
53250
54161
54527
51622
50172
49495
49647
51202
52580
54949
61922
67310
69996
71160
73570
74080
72946
73420
72758
71860
69491
66997
66296
65418
64116
63637
60736
57575
55572
54480
53177
54633
55641
57169
62597
67828
71000
73967
74755
75322
74971
74891
74043
72088
70358
69521
67767
67094
64566
63206
61330
57196
55392
54256
53930
54859
56150
58496
62738
68127
70739
71053
72439
73812
72687
72345
71767
70845
70318
68899
67406
65916
63789
62279
60306
56950
54948
53615
54749
55169
56200
58034
62705
67260
69274
70074
71332
72948
72166
71662
70544
69093
67681
66190
65383
65340
63480
62995
60803
57062
55840
54523
54677
55795
57612
58599
62884
68216
70641
71533
72457
73606
72799
71812
70410
68229
66473
65930
64928
63425
61245
59889
58182
54032
51201
49455
48638
48445
49833
49828
50916
53852
56785
59960
63141
63801
62011
60675
59017
57453
56453
56117
55362
54748
53347
52604
51109
47870
45493
42969
42324
41727
42175
42365
42594
44510
47523
50701
52260
54209
54303
52420
51343
51812
50539
49438
50013
49800
48748
48984
48515
45962
44475
42507
41662
42156
43562
44136
45347
45818
47334
50739
53726
55877
56906
55288
53670
54535
52701
52874
53839
53367
52190
52198
52188
48979
48272
48345
48426
49982
51128
52898
58760
64828
68390
70065
71424
72965
72953
71817
70938
70028
68598
68281
67200
65943
63837
63540
61707
58065
54598
54523
55292
56408
57074
58359
63179
68237
70827
72049
73785
74314
73658
73163
72351
71024
68718
68024
67414
66134
64249
64560
62750
59187
56328
55193
55648
56080
57827
59990
64067
68501
71242
72588
74709
75361
74518
74483
73275
71978
71857
70529
69080
66996
63685
62309
60096
57110
54397
52679
52975
54224
54897
56231
61550
66505
69627
71052
72242
72509
71955
70594
69952
69395
67723
66208
66285
64619
62078
61552
59062
55343
52222
50349
49887
50653
51254
50748
50552
53354
57796
61837
62824
63520
64510
64356
63414
63132
60875
58128
57855
56315
53605
52672
52236
49612
47541
45278
44727
45615
46792
46622
47149
47869
50392
53373
56099
58136
58322
59066
57447
56241
55516
55235
55035
54497
53180
53018
53600
50733
49681
49187
48756
49159
51089
54294
60335
66853
70671
72202
74082
75092
74569
73381
72391
71118
69653
68701
67725
66142
63546
62181
60316
56436
54742
53276
53373
53495
54273
57228
64239
70285
73302
74331
75187
75686
76216
75973
76343
74816
72703
70970
68634
67491
64430
62778
60607
56706
56519
55297
54980
54871
56412
57492
62866
67837
71665
73722
75129
76774
76153
76422
75345
73850
71287
68333
66715
65317
62098
59935
58121
54991
52186
48949
49092
50427
51063
50533
51373
54957
57733
59827
62729
63645
63536
63185
61326
59486
58236
57133
57006
56495
54884
54214
54129
51522
50217
48019
49173
50395
51242
53518
56991
61976
64911
66654
68427
70029
69886
69276
68742
66836
64115
63188
61940
60868
58228
56924
56528
53536
51567
50239
48439
49462
49346
49436
51657
54699
57687
60530
63438
63917
64371
63276
61961
61126
60178
58126
56617
55298
53123
51698
51123
48475
46146
44556
43727
43694
45110
45763
46812
48114
50426
52559
55191
56684
58272
58595
57156
54797
54003
52725
53386
52941
51825
51313
51954
48922
48929
47712
48286
48834
49654
52295
58647
64052
67512
69276
71592
73750
72215
69343
68885
68389
66627
66042
65699
63330
61424
59527
58177
56011
55524
53467
52134
52259
53421
55617
59129
63717
67319
69158
70322
71674
70756
70288
69180
67719
65784
65265
65402
64197
62239
60302
58163
55764
55129
54641
53775
54040
54847
56631
59980
64999
68268
69959
71506
72450
71760
71070
69539
68315
66625
66577
66258
65458
62738
60723
59424
56863
54714
52589
52944
53689
54489
55075
58906
64126
67446
70055
70814
71731
70610
70453
69380
67939
66939
66228
65332
64317
61963
60967
59474
56393
54187
53641
53281
53847
54688
56176
59428
64621
67991
70330
72385
73352
72391
71691
69678
67338
65257
65331
65095
63495
61588
59270
58520
55441
52778
50731
49986
50065
49957
50269
51868
54531
57658
60679
63019
64126
64099
61818
61509
61419
60702
59132
57798
56030
53457
52569
52013
49651
47615
46217
45208
45312
46043
47506
47791
48650
51695
53901
55717
56917
57116
56792
54561
53247
52919
52529
53898
53922
53227
52759
53335
49759
48604
47677
48250
49074
50897
52324
59069
64166
67010
68073
69795
71197
71424
70290
69111
68558
66761
66610
66066
65388
62387
60336
59475
57010
54153
52329
51790
53270
54444
55175
58960
64750
68726
70383
72419
73095
72132
71012
70346
69650
67792
67162
65713
65444
62788
60283
59135
56463
55995
53385
53418
53916
54500
56276
61871
66780
69110
71162
72749
74160
73274
73224
71533
69534
67560
66264
64820
63915
62439
60913
59671
57264
54602
53386
53442
53682
54647
56080
60261
65147
67690
69997
71621
72730
71793
71517
70778
70310
68597
67702
66388
65249
63185
61662
60762
57013
54296
52992
52859
54138
55305
55981
60848
65836
69222
70678
72379
73422
73139
72046
70078
69013
68087
68026
66788
65803
64146
62259
59882
55931
53711
51179
49799
50226
50940
51176
51402
54123
57818
61128
62780
63794
63073
60598
59168
58526
58062
57657
56951
56183
53926
53027
51924
49057
46922
46200
45469
45305
46529
46681
47451
48840
50795
53394
55962
58051
58063
55929
55481
55360
55653
55076
54467
53938
53575
53354
53500
51265
49998
49154
49429
50307
51040
53005
58781
64594
68296
69607
72575
74282
73582
72748
71344
70291
68575
67959
67197
66280
63467
61383
59726
57496
55303
54167
53817
53336
54317
55710
59995
65460
68583
70036
72041
73578
73076
72475
71867
70295
69614
68281
67782
66939
64680
62700
60456
57594
55686
54151
53254
54309
55722
56975
61421
66418
69179
71018
73519
74726
74414
74318
73123
71137
68686
67762
67125
65444
62422
61584
60267
57378
54989
53800
53227
53914
54843
55660
59716
64251
67667
69228
72216
73737
72755
71200
70039
68985
67093
66280
65238
64136
61821
60150
58824
55781
53582
53657
52984
53127
53874
55032
60135
64520
67202
68903
71345
72335
70866
69408
68473
67292
65208
64319
63598
62078
59488
58243
56358
53454
52034
50501
50360
49778
49561
50025
51745
53799
57235
60682
62421
62760
61513
61307
61749
59838
58625
55960
56051
55274
52809
50978
50650
47913
46279
44583
44288
44364
44857
46054
47144
47830
50291
53076
55294
57489
58037
57250
57100
55451
52826
52607
53352
53361
52586
52799
53339
50773
48098
46678
47659
49101
49723
50894
56865
63318
67350
69155
71636
73041
72346
71305
70349
69279
67593
66381
65247
64298
61422
59821
57943
54202
53404
52775
53278
53349
54606
54496
58716
64773
68292
69158
70958
72462
71888
71514
70060
69011
67341
66538
65336
64259
61997
60517
59489
56893
54112
53394
53219
53199
54374
54843
60210
65203
69236
71672
73947
75101
75203
74551
72911
70631
69705
68225
67738
66642
63824
62145
61546
59871
57529
55617
55368
55435
55984
57366
61486
67216
71475
73063
75024
77458
77356
76529
75017
72797
70392
69342
67835
67006
64467
62077
61199
58872
57932
57455
56093
55892
56362
56815
61146
66925
70609
71527
73229
74913
74274
74330
72793
69868
67082
66074
64803
63656
61353
59083
57876
55187
53735
52337
51955
51687
51285
51539
52813
54077
57740
60213
63431
65027
64427
62586
61317
58832
57633
56463
56149
55654
53365
52901
52268
50053
48547
46559
45915
45844
46365
47061
47782
49275
51686
54326
56900
58163
59402
58995
58522
57337
55593
55645
55096
53461
53607
55459
54795
53064
51858
49086
49484
51346
53420
54218
59339
65119
69254
71873
74326
74895
76393
76199
74008
72552
71028
70139
67493
65820
63436
61037
59181
56388
54182
53365
53714
53999
55463
58441
63536
67314
70251
70890
72976
73653
73372
72276
70342
69465
67935
67774
67059
67577
66613
63719
60610
56890
55640
55115
56282
56454
56161
57791
62761
66528
71053
72470
74459
76482
75719
76799
74971
73309
71260
68974
67346
65212
63743
62350
60591
57685
55786
55213
54589
55582
56337
56764
62229
67206
70955
71755
74247
75459
74594
75051
73556
73384
71360
69372
68039
66587
64204
62256
60977
58948
56320
54884
56686
56998
57263
58191
61245
65863
70039
72347
73746
74389
74459
73994
72663
70734
68308
65320
63604
62196
59309
57493
56416
54217
52303
49454
49174
49240
48984
49386
50503
54338
57545
60042
62479
63876
61525
61040
60315
58378
56266
54908
54480
53745
52445
51148
50874
48636
45484
45811
44753
44169
44289
44073
45061
47617
49791
53022
56683
58292
57442
56931
56150
56205
55998
54961
54230
53936
53263
53177
53179
50734
49569
48781
48219
49279
50093
52311
58644
64106
67287
69347
71472
73137
73125
72253
71132
69713
68387
68592
66898
65920
63469
61037
58958
55706
54674
53636
52755
53679
54964
56132
59748
65662
69322
70599
72431
74001
73401
73116
72554
71454
69167
68279
67232
65733
63097
60762
58686
54984
54738
53324
53311
54355
55135
55110
61419
66222
69224
69981
71925
73169
72028
71530
70466
69080
67661
66804
66074
65174
62677
60602
58482
55782
52762
52929
52872
53215
54805
56319
62135
66096
69252
70528
71954
73183
72164
71910
70399
69263
67191
66394
66023
64708
62940
61220
59342
56320
53811
53146
52496
53894
55542
56558
60464
66091
69411
70951
72100
73224
72021
71556
70608
68468
66227
65886
64029
62209
60167
59258
57304
53881
52595
51212
49611
49575
50970
50647
50096
53389
56149
59240
61471
63273
63431
61324
59929
58411
56783
56320
56112
53442
50837
50216
49698
47242
45673
43841
43111
42884
43697
44926
45941
47720
49844
51742
54173
56798
56679
55729
54147
54512
54706
53731
52424
51396
50908
50834
52625
50400
48849
48010
48395
48337
49438
51361
56960
62809
66913
68775
69709
71009
70684
70955
67908
68509
67447
66353
65774
64072
61751
60131
58326
54345
53662
52606
53296
54105
55144
56181
61834
66819
70030
71703
73507
75071
74594
74646
72511
70539
68244
66392
66033
64343
61883
60501
59044
55780
53942
52145
52932
53613
54480
56957
61572
65486
68870
70093
71862
74135
73411
72693
71125
69644
68572
67224
65800
65436
62704
61018
58702
54866
53586
52436
52790
53667
55086
56976
61323
65422
68341
69585
70963
71796
71323
70797
70002
69509
68107
66649
65612
63733
61604
60046
58119
54819
53447
51912
52706
53653
54426
55117
59384
64751
67189
68387
70796
70483
70254
69435
66812
64893
63637
63308
62911
61558
59805
59725
58364
55313
54422
52705
50562
50089
50427
50519
52071
55015
57973
61678
62890
63810
62962
63133
63260
61945
60437
58425
58454
58463
55825
54492
53852
52166
49294
48983
49127
47737
47250
46685
46713
48802
52218
55217
57797
58040
57972
57637
56039
54166
52219
53002
52613
52580
52910
52594
53164
51800
50676
49518
49152
50532
51356
52868
58142
63632
67769
70206
73346
74410
73897
73630
72353
71020
68680
68197
66589
64512
61727
61133
59194
55845
54389
53200
52644
53273
53892
55329
60703
65080
67691
70378
72068
73186
72563
73922
73490
70947
69211
67516
65909
64838
62322
60497
57788
54486
53945
52985
52921
53602
54154
55462
60017
64587
68128
69523
70944
72564
71875
71153
70789
70142
68443
67677
66129
65141
62820
61003
59137
57036
56681
54698
55105
56297
56505
58346
61998
66515
69533
71502
73803
75100
74093
73954
73371
71577
70175
68594
68221
66708
62557
61533
59661
55561
54134
53221
53523
53699
54344
55684
60971
64842
67700
69353
71293
71965
71797
71190
70101
67677
66117
64550
63281
61681
58882
58204
56223
53274
50098
48241
47310
47506
48367
48781
49654
52709
55399
58465
60587
61655
60358
60105
59349
57329
54940
54666
53621
53090
51599
50881
49871
47302
45539
43979
43341
43099
43173
43900
44243
45628
48724
52666
56439
57853
58410
58364
56695
55088
53291
52209
52131
51779
51699
52556
52294
49798
48465
47526
47682
48713
49745
51825
57704
61580
64590
67262
70290
71192
71480
71240
69829
68000
65648
64912
63308
61736
60044
59800
58789
56465
55259
52935
52375
53213
54476
55511
58789
62655
65988
67550
70280
72140
71292
71095
70302
69658
68302
68945
68105
65768
63293
61631
58590
55630
54852
53715
53764
54473
55708
55871
59400
64236
66814
68947
71301
74000
73177
71586
70100
68348
65853
64298
63934
62806
60360
60276
57922
55234
54831
53673
53555
54798
55434
55881
59076
63337
66333
68796
71067
71208
71642
71427
69615
67940
65353
64375
63674
62892
61118
60822
59832
56893
55223
53183
53047
53954
54920
55305
58259
63510
66372
67632
70280
71318
69805
69316
67388
65144
63545
62075
61425
60801
59361
57769
56319
53430
51087
50253
49165
49198
48686
48776
49866
52032
54490
57992
59629
60836
59705
58391
57307
56583
56270
56304
56027
54816
52908
51310
50844
48308
46390
45037
45615
46193
46255
46440
46007
46892
49403
52399
55945
57775
57546
56761
56446
55113
53346
52002
51479
50681
50793
52386
51732
48372
47438
47496
46774
48692
49012
50196
55293
61209
65603
67256
68871
69621
70247
68609
67432
65865
64174
63848
63544
63105
60491
60128
58712
55986
55780
54162
54127
54656
54567
56269
58034
62954
66909
68533
69709
70742
71159
70014
68087
67754
65770
64325
62767
61499
59761
59652
56286
54892
53476
50924
51679
52316
53297
55004
59216
64750
66633
67969
68574
70572
69997
69022
68053
66558
65229
65245
64440
63152
60452
59796
57597
53949
53703
53035
52895
53672
55048
56550
60415
64220
67638
69330
70467
71256
71181
70675
69133
67560
66573
65867
64914
62870
61522
60341
56906
54796
54925
53362
52402
53232
53969
55616
60171
64324
67719
69026
70822
71247
71154
71812
68838
66531
63533
62254
62600
61153
59300
57619
55537
52071
50550
47992
49031
49587
49097
49511
50634
53108
56093
58750
60454
61336
60574
59393
58058
57430
56295
54686
54059
53823
53245
52591
50395
47511
44410
44140
43750
43930
43842
44726
45285
46796
48747
50795
52852
55675
55710
55059
54024
53935
53428
53784
54338
54471
54006
53893
52527
50583
49099
48732
48632
48898
50413
52448
57829
63091
65856
67613
69446
70930
70710
70375
69533
68575
67643
67225
66728
66158
64122
62495
59371
55823
54330
53355
53465
54106
55008
57467
61500
65735
67792
68796
70578
72278
71627
70482
68789
67284
65882
64946
63947
63447
62034
60956
57977
54249
53355
52685
53031
53275
54337
56776
60663
65472
67385
68454
70183
70975
69931
69310
67717
66143
64899
64824
62956
62720
61335
60235
57019
53935
51608
51101
51477
52400
53529
54903
59210
63852
66175
67883
69762
71257
70441
69415
67802
66162
64612
64254
63640
63247
62317
61655
58426
54844
53387
51898
52414
52646
52923
54683
59365
63942
66816
68414
70492
71705
70754
69507
67294
65864
64358
63682
62318
60931
59699
59880
57036
54304
50498
48649
48328
47488
47423
47644
48775
51644
55306
58110
61047
63136
63443
61870
60182
58569
56869
54914
54600
53408
52646
53113
51405
49374
47575
45651
44800
44539
44862
45181
45932
46778
49662
52805
56681
61154
61883
61807
60480
58120
56972
55088
54883
54145
54560
54967
53806
51486
50371
49298
50095
50548
52067
53316
59664
66088
69362
70362
71956
73052
72257
73167
72497
70685
69125
69168
68140
67691
67003
64781
60150
56954
56674
56092
56001
56283
57550
59833
65082
69366
70958
71039
74065
76283
76626
75860
73133
71217
69836
67526
66876
65305
64673
63714
60230
57112
54861
53529
54345
55426
56061
58366
63172
67789
69874
72495
74408
76290
75790
75320
74047
71980
68923
67648
66270
64431
64819
63872
61053
57980
55833
55092
55730
56894
58044
58893
63386
68423
69941
71194
72939
75276
73696
73312
71204
69538
66867
65557
65216
64544
64560
62864
60301
56482
54447
53438
53202
54035
55187
56712
61981
66514
69053
70683
73226
74446
73082
71549
70167
68337
67241
66542
64430
62696
61793
60724
58036
54917
51632
50241
49201
48810
49263
49923
50717
53280
57008
60112
62592
63830
64315
62901
61104
59149
57064
55330
54376
53314
53157
52031
49879
47209
45774
43637
43573
44295
44376
44699
45392
47189
49669
53021
55802
58492
59243
58731
57567
56394
53771
52410
51889
52147
53579
53829
52235
49677
48876
48053
48898
49795
51168
53451
59763
65120
68043
70286
70835
71678
71015
72496
70992
69512
67649
65171
65419
64270
64389
63273
59611
56166
55107
54766
54430
55051
55614
58076
62773
67578
70400
69794
72123
73620
72469
72573
71525
70464
69149
68101
66829
66270
65300
64495
60234
58462
57078
54990
55225
56182
56298
58812
64306
68494
70642
72175
73434
74237
72483
71761
70774
68997
67259
67790
67253
66549
66332
64333
60814
56423
54478
53652
53633
54730
55395
57376
62526
66911
69205
69922
71948
73593
71171
70918
70449
69267
66464
66129
66520
65691
65633
63644
59679
56095
55946
53845
53491
53758
54839
57647
63059
68332
70491
71096
73472
75087
74580
73105
71912
70645
68904
66875
66612
65429
65336
62695
60471
56379
54160
53099
52810
51630
52257
52554
53351
55494
58851
62548
65072
66890
67190
66132
63668
61744
60643
60069
59432
59043
59202
57361
56331
53844
51237
50289
50207
50435
50560
50832
51759
53111
56036
59031
61754
64568
63586
62160
62010
61725
60106
58877
58595
57790
58297
56714
56314
53814
51001
50289
50067
50698
51654
54645
61873
67171
70153
71079
72695
74299
73645
72993
71934
69894
68476
67756
67522
66733
66459
63798
59844
56526
54283
53097
53710
54405
55711
57329
62937
67859
69832
70328
72489
75398
74217
73774
71947
70034
68421
67932
67343
66639
66905
64238
60419
57272
54799
53943
53680
53997
55594
56790
62452
67326
69381
70815
71978
73783
73342
72729
71768
70735
68174
66731
66000
65488
66517
64568
60933
58203
55241
53692
53292
53837
55125
57343
64006
68042
69872
70119
71492
72971
72597
72133
70699
69074
67558
66575
66141
66378
66899
63775
60891
57955
55293
54163
54367
54741
55502
57489
63224
67825
70392
71232
71612
72134
72488
70594
69539
67806
66048
65331
64123
63723
64689
61620
57799
54602
51280
49321
48872
49555
49687
50799
51952
53248
55804
58101
61164
63278
62737
62005
60873
57775
56198
55369
55544
55946
56495
54311
51350
48484
47223
45766
46089
46300
46425
46086
46005
47920
50193
52787
55116
57682
57731
55960
55751
54409
54022
54147
53484
54741
56562
55100
53257
52489
51256
50071
50517
50889
52269
54968
62111
66975
70272
71327
73279
74132
73751
73244
72022
71693
70361
71055
68215
68280
68386
65043
60571
58436
57480
56404
55633
55925
56780
58630
64614
68611
70871
71778
74324
76529
76763
76353
77141
74622
70830
68829
68962
69152
68791
65422
60894
58766
56528
56485
55664
55532
55734
58841
65358
69739
72211
72673
75501
77552
77655
76347
73141
72148
71834
71192
69849
68393
67211
66412
63296
59461
57154
57035
57122
57181
58042
60390
66460
69574
72587
74068
76137
78869
78782
77455
75180
72627
70781
71350
70716
71010
69636
67012
62566
60024
57492
56398
55473
56586
57282
58628
64656
68991
71407
72072
73458
74051
73162
71777
69756
68496
67619
66431
66002
66149
66409
63836
59517
56777
53642
52788
51349
51620
51852
51972
52759
54524
58131
60662
62417
62988
62004
60809
59314
58673
57211
56856
57245
57960
57272
54881
52506
49735
47495
46230
47186
47320
48639
48750
48885
49919
52847
54190
57380
60855
62207
59852
59767
59591
57059
55256
55547
56859
57346
55632
53932
51389
50810
49317
49620
50590
51557
54520
62393
67790
70156
71602
73203
73898
73742
72871
71385
69004
66839
66607
65684
67685
66575
63225
59390
55970
54861
54505
54264
55176
56236
59543
64921
68757
69953
70738
71698
73898
73778
72557
71311
71135
69115
68526
67314
67766
66976
62935
60694
57120
55977
54262
54377
55480
57201
58502
66353
69783
71919
72391
74154
74931
74970
74576
74105
72315
68746
68344
68056
69333
68060
64843
61361
57856
56467
55316
55009
56069
56471
58865
65071
69035
70509
71493
72795
74351
73346
72918
71781
69313
66803
66323
65846
67985
66628
63706
60322
58907
54340
53844
53859
53722
54644
56172
62622
67043
69233
70289
71946
73641
72671
70567
67777
66523
64998
64241
63666
65469
63766
60220
57177
53923
51044
49069
48201
49063
50145
49605
51278
53440
56230
58962
61046
62241
62196
61716
59997
57954
56594
56384
56587
57823
56925
53944
51978
48995
46508
45811
45178
44991
45461
45971
46696
48033
50970
54841
58361
61533
62075
60459
59552
57845
56140
53681
54016
56444
56391
55080
53894
51568
50657
49314
49940
50856
51997
54745
62724
67973
70411
71924
73477
75070
74654
73865
72663
71258
69051
67613
67364
69721
68178
65167
61449
57601
56665
55559
55340
55957
56425
58066
65457
69575
71868
73233
75118
77140
76830
74564
73567
70681
68244
66436
66196
70045
68500
65117
62136
58662
56781
55845
56135
56714
57885
59308
66496
70868
73259
73939
75467
77242
77783
75899
74227
71514
69233
67905
67657
69890
68305
64420
60972
58503
56175
55564
55594
56334
57707
58702
65785
69823
72412
72971
74628
75910
76051
74970
73741
71699
68349
66646
66279
68429
66533
63792
60077
56611
55487
54973
55765
56241
57240
58500
65417
69960
72097
73044
74066
75292
74204
73448
71329
68034
66800
65525
64669
66784
65342
62495
58580
54550
51529
48665
47782
48272
48519
48259
48095
49716
52318
55916
58750
61243
62187
60699
57998
56166
53423
53015
53950
56553
55139
53287
51488
49237
47618
46228
45780
46203
46798
46825
47370
48156
50895
54212
55460
57119
57885
57227
55656
55464
54789
53868
54720
57044
56124
54734
53976
51284
50199
49175
49777
50418
52436
55078
62522
67507
69729
70067
70992
72733
71301
70950
69921
68268
66738
66144
66838
69767
66656
64155
61148
59075
56937
55888
56335
56010
56737
58723
64266
69122
70512
71577
73214
74785
73441
72007
70300
68955
67513
67797
66824
67830
66287
63469
61589
59972
58185
56471
56127
56566
58226
60910
66089
71113
72224
72389
73471
74664
73710
72586
71036
70507
69401
69035
70148
71325
68881
66589
63182
60420
57647
55318
55601
55554
56747
59114
65675
70063
71404
71399
72698
73855
74530
72974
71066
69814
68833
67902
68950
70550
67151
64138
60929
58138
56875
54836
54595
55514
56627
58686
64583
69429
71265
71530
73035
73454
73042
71842
69644
67709
66107
65882
66935
69164
65942
62101
59527
56382
53966
51661
51319
51916
52422
52309
52962
55070
58195
60954
62855
64231
63810
62478
59947
58027
57365
57444
59748
62208
60346
57835
55522
53769
50941
49860
49923
50683
51135
50949
50229
50798
53952
55795
58789
63533
64908
63339
61522
60266
58871
58015
59795
62736
62130
60660
59432
57438
55626
53602
54158
54632
55638
59355
66056
71497
73399
74445
75619
77453
77011
75536
73321
70859
68617
68260
69743
72589
68823
65468
62787
60259
57989
56469
57149
58305
58981
60502
66368
71593
73533
73509
74374
75226
74369
73548
72743
72131
70389
71215
73347
74051
70629
67162
64102
60888
59534
58366
58062
58653
60419
63152
68007
72928
75305
75529
76465
77394
77184
76581
75453
74364
72504
72257
73550
73489
70667
66909
64795
62272
60423
59134
59492
60050
60957
62714
67492
72431
74727
75494
76581
77539
76960
76431
75285
75691
73274
73339
74392
74095
70670
67317
65777
63298
60853
59527
59225
59277
59835
62033
66631
71436
73513
74429
75162
75802
75162
73916
71869
71303
70342
70531
71636
71530
67982
64572
63233
60498
56891
54066
54606
54638
54391
55035
54685
56935
59426
61697
63435
64645
64228
62200
60614
59591
59253
60765
62528
63002
60008
57543
56621
53922
52444
51143
51230
51745
52466
52253
52076
52443
53106
55728
57876
60519
60259
59190
57608
56306
55975
57833
60960
61800
59623
58361
58221
55401
54688
54220
54577
55393
57056
59055
65940
71427
73568
73531
74339
75120
74528
73551
72770
71346
69726
69771
71732
72418
68907
66241
64179
61171
58871
57067
57280
57755
58445
61716
67249
71741
73479
74042
75283
76306
75810
75233
73704
72159
70756
71070
72834
73244
69875
66658
64755
61899
59110
57568
58221
58500
59350
62617
67428
71983
74059
74727
75928
76876
76859
76364
74558
73481
71594
71050
73704
75096
71754
68833
66099
63792
61864
60409
59289
59658
60924
64258
68002
72853
74376
74944
76235
77692
77392
76460
75076
73627
72177
72675
74685
74546
72273
68763
65996
62751
60100
58714
58869
59756
60688
62766
67193
71915
72660
72212
73296
75269
75390
73494
71405
69746
67258
67187
70170
70159
66928
64563
61931
57914
55345
53347
53658
53838
54307
54298
54801
57028
60018
62006
63226
64767
66269
64854
62608
60288
58923
59425
63044
63215
61088
58969
57507
54419
54113
50781
49716
50469
49952
49948
49671
50080
51519
54722
56996
58191
60305
60307
58761
56189
54888
56237
59994
61226
59787
57755
56514
56248
54129
52994
52296
52806
54829
55934
58303
65358
70736
72359
73095
74366
74738
74035
72984
70744
69235
67444
71687
73533
72613
69145
67253
65733
62010
59193
58471
58324
59789
61082
61491
67351
71556
72371
72479
74027
75263
74715
74360
73250
71706
70579
74664
75080
73388
70050
67030
64944
61543
60632
59320
59338
60478
61270
62992
67674
71714
73174
74303
75699
76285
75340
74883
73801
72433
71487
74500
75616
73682
70167
67213
64742
61599
59344
58467
57636
58506
59595
60818
65560
70528
72686
72771
73522
74611
73110
72598
71709
70675
70118
73481
73684
72240
68668
65779
63134
61072
58742
57419
56932
58007
58696
60751
65906
70008
72797
73037
74366
74890
73686
71945
70056
69343
70205
73711
74045
72445
67964
65114
62491
59182
56177
55032
53970
55019
55990
55228
56137
58218
60722
62574
65036
66204
64134
62279
59578
58797
59712
63983
65058
62770
59812
57842
57248
54124
52008
50933
50175
50445
50521
49670
49743
51202
53907
56639
59510
61392
62941
62188
59336
56469
56250
60235
62691
61864
59444
57732
57283
54623
52491
52932
52982
53836
55286
58371
65615
71697
73364
74241
75463
76396
76153
75121
73432
72148
70979
74452
75068
73344
70208
67278
63981
61003
58115
57911
57909
58876
60514
62298
67707
72083
74306
75034
76317
77388
76657
74675
72680
72055
71822
75651
75567
73686
69839
66935
64426
61581
58691
57687
57813
58538
59769
61879
67817
71155
72579
73142
74061
76362
75957
73503
71506
70358
69924
73780
73971
72173
68591
65939
63351
61087
58293
57680
57303
57863
58633
61463
66962
71095
72277
71468
73973
74308
72889
71566
69746
69106
69392
73734
74615
73538
69643
66457
64194
60644
57983
56823
56611
56975
58887
60362
64722
69738
70809
70721
72126
73451
72632
71136
68833
67821
68923
72309
72291
70863
66782
64009
62198
59712
56516
55020
54179
53576
53621
53485
53969
55977
58624
61488
63481
65045
64376
61837
60283
59831
60855
64659
64329
63310
59988
57530
56799
55404
53710
53211
52621
52285
51995
53067
50384
49954
51916
54738
59209
59913
58643
56403
53844
52586
54212
60097
62157
61524
60717
59175
59146
56690
55091
53869
53680
53840
55377
59301
67270
71299
72571
73403
75929
77301
76389
75712
74284
73319
72299
75203
74917
74701
71983
68046
64746
62362
62192
61408
61180
61197
62113
64708
70157
74520
75704
76070
77604
78679
77779
77636
76790
75317
74761
77062
76462
75668
72154
68268
65990
63158
60879
60498
59811
60059
60652
62769
68660
73659
75348
75898
76943
78051
77927
77415
75918
73926
73637
76070
77054
75839
72181
68032
64717
61840
60600
60082
58971
59066
59551
62171
67575
72646
74869
76039
77349
78355
76817
75688
73720
72193
71877
75657
76479
75065
72194
69133
65035
61665
59333
59097
59103
59953
61613
62689
68012
72814
74654
76335
77334
78307
75929
74031
71373
70005
71116
74010
73582
72093
69758
67068
64834
62261
59878
58559
58875
59132
59362
59571
58982
59937
62735
66530
68993
69471
68483
66186
63850
62818
64631
67469
67090
65543
62471
60564
58911
56404
54175
52682
51859
52795
53880
54279
54539
55082
57135
60080
61915
64288
63069
62599
60756
60364
60654
64068
64291
62901
61256
60337
60472
57842
55930
54988
55722
56766
57944
59343
65673
71550
72775
73644
75306
75761
74828
74478
72941
71478
71981
74582
73739
72214
68966
65989
63287
60963
59046
57788
57344
58870
59349
61858
68295
73133
74006
74197
76013
77273
76842
76739
75415
74074
74596
77453
76179
75669
72067
70733
67778
65267
62201
61456
60697
61023
62257
64250
68994
73650
75739
76342
78113
79919
79636
77856
74589
73424
73082
76075
76336
75372
72195
68482
65613
62708
62651
61499
61332
61539
62279
64753
69758
75075
76582
76128
78034
78764
77416
77743
77246
75908
76877
78560
77612
74887
71872
68588
67658
64444
60491
59343
59162
60738
61297
62804
68692
72149
73808
73917
74468
76590
75332
74111
72619
72614
73409
75758
75039
71859
69097
65985
64280
61274
59727
58674
58104
58723
58838
58685
58487
61881
63371
66321
67642
68244
66891
65463
64093
63768
65539
68217
67833
65963
62993
61051
59927
57649
55869
55670
56103
55749
55842
55190
54960
55749
57595
59434
61045
63943
64533
63473
62398
60932
62315
65462
65752
65664
63268
61868
61585
59089
57793
57242
56568
57153
58440
61218
67551
72514
74221
74287
74997
75980
75601
75098
74547
73808
75222
77963
78361
76962
73256
70559
68088
65314
63696
63356
63659
63804
64280
65468
71087
76057
76995
77996
79129
79832
79613
79004
77657
76705
77951
80157
79029
78308
75724
71534
69366
67921
64077
63626
63284
63824
64097
65953
71564
75570
77434
77507
78287
78790
77930
77670
76205
75482
76605
78139
77351
75259
72296
70316
68441
65677
62824
62487
61636
62217
63511
64329
69451
73497
74881
75221
75713
76126
76274
75505
74419
73757
74562
77221
76551
75220
72141
70396
67725
64932
62995
62747
63037
63514
64274
65457
70773
76625
77632
77510
78139
78325
77274
75793
73434
72601
74006
77143
76707
74105
70232
67103
65357
62351
60465
60344
60429
60316
60804
60584
61106
61300
63892
66722
68234
69034
68544
67096
64802
63642
64731
67617
68600
67374
66272
63161
62197
61838
61240
59955
58806
57900
57533
56959
56627
55865
56925
59183
61120
63659
64152
62049
61207
61396
62513
64895
65629
64538
63559
62972
61430
59148
58226
57391
58898
59559
60189
62649
67633
75008
77270
76654
77856
79595
79059
78748
77081
76564
76522
78802
78470
77692
74640
72524
70387
67506
64231
61970
61393
62018
63242
64852
71171
75349
76853
76837
77876
79704
78762
78070
77014
76151
76943
79355
78977
77724
74273
71493
68484
66317
63265
62058
60894
61617
63385
65806
71559
75356
76521
76392
77358
77937
77403
76444
76342
75520
76316
78981
78178
77472
73896
71053
68856
66222
62127
61818
60776
61462
61739
63161
70218
74882
76374
76521
78084
78414
77955
77222
76293
75530
76198
79047
78402
77104
73622
70620
68048
64268
62390
61680
62139
62282
63025
64274
70306
76441
78696
79165
78815
79706
78167
76344
74439
73452
74321
76799
76143
75231
71922
68089
66076
63308
62040
59909
59786
59435
60918
60407
61463
62289
64333
67109
68353
69436
68576
66417
64022
63311
66134
68820
68577
67233
64561
63252
63047
61867
58783
56148
54669
54607
54430
54041
53593
54785
56921
60709
63196
65659
65913
63492
59783
59089
60936
63038
63714
63041
61329
60451
59781
56342
54940
54272
53974
54813
55643
58676
65770
72670
74914
75093
75078
76648
75573
74760
73792
73319
74367
77711
76735
75051
71997
69265
66153
63400
60979
59368
59901
60672
62692
64246
69531
75827
76248
76299
76884
77415
76769
75900
74648
74843
76275
78193
77234
75935
72332
69501
65982
63568
61418
59500
59328
59763
60523
63379
68998
73936
75390
75908
75446
76182
75912
75275
74083
73269
74116
77257
77767
77487
74260
71321
68604
66075
63440
62150
62371
62488
63250
64555
69379
74410
75392
75687
76476
77456
77559
75970
74426
73262
75196
77651
77406
75188
72083
69724
67907
65258
62690
61589
61722
62670
62678
64231
69642
74790
77174
77835
78502
78936
78351
76854
75195
74232
74537
75453
73981
73418
70409
67441
64691
62528
59468
59183
58316
58269
58431
57646
57774
59625
61646
63335
65095
66444
65187
63493
61512
61313
63749
66773
67372
66149
63333
61494
61266
60389
56452
55687
55150
55024
54986
53444
52174
52349
54616
58147
59892
62467
62649
61042
58637
58024
59740
62312
63260
62703
61273
59644
59769
57125
54863
54625
55342
56342
57895
60100
66763
72311
74081
73956
74693
75147
74779
73779
71692
71531
74010
76394
75836
74288
71522
68889
66203
62366
59665
58701
58624
58849
59885
61945
67451
72396
74045
73451
74040
74406
73245
72584
71361
70611
72823
75446
74974
73884
71042
67827
66592
63835
59483
57943
58086
59254
60111
62726
67926
72283
73431
73389
73632
74368
73091
72831
71440
71141
72042
73811
73109
71836
68416
66466
64402
61661
57471
57052
56977
57703
58924
59575
64405
69767
71391
71764
72647
73731
73448
72850
71216
70262
71079
72997
72474
71462
67578
65383
62986
60345
58774
57182
56440
56988
58293
59388
64089
69332
71180
70832
71559
71379
70369
69154
67860
66972
68663
70820
70675
69245
65714
63618
61280
57159
52947
52836
52594
53221
54091
53933
54408
56508
59423
61694
62472
63520
62933
61052
58967
58409
61564
65116
65133
63051
59928
57733
56288
54049
52099
50206
49425
50734
51884
52855
52390
53051
53509
56705
56941
59154
59667
57679
55634
55711
58206
60886
61021
60508
58316
57202
56806
54681
53072
52206
51798
53062
53967
54246
59224
65321
68160
69197
70627
71785
71568
71076
69824
69121
70096
72114
72128
70783
68719
65305
63081
62104
59803
57195
54877
53542
53974
56436
60504
65850
68428
68320
70198
71555
70899
70185
68318
67134
68078
70082
69476
67848
65699
62496
61340
57976
55784
52241
52671
53233
54194
55375
60170
62117
64122
65213
66366
67736
66794
65125
63631
62007
63413
66585
66865
65392
63160
59999
57195
53441
50535
48222
47247
48713
50775
51272
50114
52765
55586
59082
60471
60885
59285
56993
55248
53896
56013
58652
57707
55951
54698
53977
53994
52881
48822
46284
45803
46079
46402
46382
46450
46475
48354
51878
55182
57466
57060
53520
51458
50425
52196
55092
55874
55272
53222
52898
53192
51496
47806
47920
47290
46733
47069
46745
47112
49182
50002
53541
56308
57840
57840
54471
52386
50351
52066
54725
56257
55140
53217
52438
52009
50260
48049
48124
46433
46550
47524
48174
48250
49479
50336
52280
54309
56128
56225
54347
52637
52320
55064
58801
58730
56938
54756
53460
52852
50740
48285
47846
47711
48362
49508
51722
52840
56186
58864
60204
60991
62340
62111
60485
58978
59051
61555
64612
64722
63101
60194
58393
56993
54708
52347
52288
52659
52852
54059
55792
58049
59351
60982
62027
62831
63491
63243
61671
59849
59359
62314
64214
63961
62408
59466
57664
55354
52109
49000
48086
48051
48861
50804
52092
53518
55665
57551
59335
60467
62081
62487
61268
59661
59765
62798
64717
64211
62733
60145
58383
58532
57398
53320
52944
52677
52512
53402
53513
53322
53264
54982
57493
57922
58316
58247
57039
55254
54712
57150
59653
59672
57224
53662
53160
53012
51110
54294
53221
52148
51380
51185
50789
49704
49950
50144
51210
52977
54942
56427
55792
54040
53721
56565
60197
60572
59057
57040
55227
58521
56766
