0
0
0
0
0
0
0
0
0,000201935
0,000621706
0,00111124
0,001606214
0,001574209
0,001206959
0,000783469
0,000263145
0
0
0
0
0
0
0
0
0
0
0
0
0
0
0
2,60892E-05
0,000193731
0,0007326
0,001057729
0,001376422
0,000939669
0,000783903
0,00050866
0,000127989
0
0
0
0
0
0
0
0
0
0
0
0
0
0
0
2,60892E-05
0,000245939
0,000792807
0,001140743
0,000950764
0,001114882
0,000765516
0,000393741
0,000112362
0
0
0
0
0
0
0
0
0
0
0
0
0
0
0
1,07183E-05
0,000436705
0,001472909
0,002398175
0,002980762
0,00221111
0,00187733
0,001104168
0,000280818
0
0
0
0
0
0
0
0
0
0
0
0
0
0
0
1,34103E-05
0,000424403
0,001643546
0,002904304
0,003555015
0,003473518
0,002922577
0,001938858
0,000613495
2,94303E-05
0
0
0
0
0
0
0
0
0
0
0
0
0
0
3,00794E-05
0,000851702
0,002301326
0,003448142
0,003858055
0,003295748
0,002741386
0,001575004
0,000503832
1,07183E-05
0
0
0
0
0
0
0
0
0
0
0
0
0
0
0
0,000196937
0,000745924
0,001454138
0,001996
0,001378903
0,001367877
0,000847098
0,000242013
0
0
0
0
0
0
0
0
0
0
0
0
0
0
0
0
0,000204771
0,000705656
0,001106147
0,001368013
0,001224982
0,000944913
0,000532692
0,000121254
0
0
0
0
0
0
0
0
0
0
0
0
0
0
0
0
0,000160573
0,000575064
0,001106158
0,00122527
0,00118407
0,000929802
0,000587531
0,000231576
0
0
0
0
0
0
0
0
0
0
0
0
0
0
0
0
0,000294104
0,001525613
0,002370983
0,003393165
0,003158745
0,001881665
0,001144508
0,000365155
0
0
0
0
0
0
0
0
0
0
0
0
0
0
0
3,29067E-05
0,000417946
0,001008366
0,002390817
0,002315746
0,002156833
0,002586531
0,002026156
0,000479871
1,58144E-05
0
0
0
0
0
0
0
0
0
0
0
0
0
0
0
0,000248426
0,000676302
0,000947259
0,001304428
0,002019041
0,001571907
0,000890472
0,000351427
1,00692E-05
0
0
0
0
0
0
0
0
0
0
0
0
0
0
3,29067E-05
0,000831648
0,002233647
0,003380019
0,004017489
0,003990161
0,003166473
0,001986118
0,000713204
2,84933E-05
0
0
0
0
0
0
0
0
0
0
0
0
0
0
3,53108E-05
0,000435694
0,001263007
0,00191942
0,002329973
0,002710276
0,002234804
0,001562316
0,000507246
0,00002936
0
0
0
0
0
0
0
0
0
0
0
0
0
0
5,88056E-06
0,000383264
0,001130152
0,001404164
0,001923199
0,00201683
0,001720196
0,001219071
0,000396061
0
0
0
0
0
0
0
0
0
0
0
0
0
0
0
1,84242E-05
0,000371599
0,001325536
0,002220545
0,003125372
0,003076084
0,002028949
0,00133344
0,000444442
2,84933E-05
0
0
0
0
0
0
0
0
0
0
0
0
0
0
1,27611E-05
0,000389807
0,00113779
0,001789379
0,002370798
0,002260578
0,001464902
0,001091413
0,000425188
3,00794E-05
0
0
0
0
0
0
0
0
0
0
0
0
0
0
4,38165E-05
0,000687477
0,001766574
0,00339322
0,004423484
0,003834408
0,003220837
0,002001483
0,000916551
4,58939E-05
0
0
0
0
0
0
0
0
0
0
0
0
0
0
4,31674E-05
0,000548881
0,001227487
0,001864037
0,00215607
0,002273668
0,002437214
0,0014337
0,000453516
2,44158E-05
0
0
0
0
0
0
0
0
0
0
0
0
0
0
1,66978E-05
0,000289164
0,000975278
0,00152101
0,001832936
0,001579576
0,001525378
0,001036469
0,000390125
3,12842E-05
0
0
0
0
0
0
0
0
0
0
0
0
0
0
3,29711E-05
0,000301538
0,00089424
0,001430856
0,001818788
0,00178476
0,001614774
0,001025227
0,000415748
3,20878E-05
0
0
0
0
0
0
0
0
0
0
0
0
0
0
1,7636E-05
0,000320716
0,000852484
0,001139802
0,001196156
0,001222094
0,000917544
0,000555332
0,000199315
2,69194E-06
0
0
0
0
0
0
0
0
0
0
0
0
0
0
8,18111E-06
0,000239119
0,00064418
0,000987992
0,001266383
0,001297345
0,001165432
0,000801231
0,000289514
2,52307E-05
0
0
0
0
0
0
0
0
0
0
0
0
0
0
2,57289E-05
0,00028397
0,000893647
0,001570751
0,002049658
0,001935906
0,001333453
0,000850768
0,00045417
1,25826E-05
0
0
0
0
0
0
0
0
0
0
0
0
0
0
6,6334E-05
0,000565183
0,001567397
0,002211863
0,002595949
0,002646928
0,002573575
0,00180342
0,000566755
4,60036E-05
0
0
0
0
0
0
0
0
0
0
0
0
0
0
4,26849E-05
0,000397243
0,001251973
0,00168368
0,002016913
0,002352163
0,001774474
0,001194143
0,000485264
3,60011E-05
0
0
0
0
0
0
0
0
0
0
0
0
0
0
7,62725E-05
0,000666482
0,001870535
0,001935497
0,00189225
0,002136218
0,001674704
0,001156411
0,000693814
6,37951E-05
0
0
0
0
0
0
0
0
0
0
0
0
0
0
6,79989E-05
0,00069024
0,00166722
0,002217145
0,002883568
0,002803677
0,002880783
0,001910415
0,000686541
4,55189E-05
0
0
0
0
0
0
0
0
0
0
0
0
0
0
0,00013902
0,001330529
0,002781811
0,002859112
0,00403222
0,00347191
0,002909942
0,001800348
0,000930222
9,57035E-05
0
0
0
0
0
0
0
0
0
0
0
0
0
0
0,000112584
0,001021752
0,002314059
0,003477503
0,004356995
0,004093309
0,003194817
0,001986794
0,000850342
0,000107129
0
0
0
0
0
0
0
0
0
0
0
0
0
0
0,000132654
0,000930896
0,00238209
0,002902992
0,003279719
0,00337213
0,002963523
0,001722303
0,00095152
0,000105734
0
0
0
0
0
0
0
0
0
0
0
0
0
0
0,00013378
0,000835222
0,002413121
0,003127278
0,003540801
0,003503781
0,002445852
0,001505325
0,000589597
7,47835E-05
0
0
0
0
0
0
0
0
0
0
0
0
0
0
0,000177246
0,001249138
0,002633884
0,003232056
0,00359346
0,003396398
0,003311437
0,002323298
0,001033248
0,000161414
0
0
0
0
0
0
0
0
0
0
0
0
0
0
0,000266733
0,001327257
0,003102437
0,003606768
0,004732895
0,004296127
0,003735251
0,00281988
0,001386443
0,000189972
0
0
0
0
0
0
0
0
0
0
0
0
0
0
0,00012704
0,000823359
0,001715707
0,002246761
0,002795307
0,004007963
0,002433883
0,001585233
0,000799193
0,000130353
0
0
0
0
0
0
0
0
0
0
0
0
0
0
0,000188476
0,000961253
0,001810644
0,003841611
0,00395759
0,00389121
0,003180568
0,002273496
0,001186738
0,000207729
0
0
0
0
0
0
0
0
0
0
0
0
0
0
0,000206468
0,001046556
0,002310582
0,003849262
0,005023829
0,005906259
0,005213046
0,003972586
0,002037476
0,000332303
0
0
0
0
0
0
0
0
0
0
0
0
0
0
0,000430292
0,002213111
0,004032119
0,005721846
0,006726615
0,00675926
0,005815367
0,004212636
0,002097564
0,000400669
0
0
0
0
0
0
0
0
0
0
0
0
0
0
0,000134811
0,001189291
0,003283795
0,003613927
0,004562533
0,005157942
0,004571717
0,003584008
0,001701727
0,000394046
0
0
0
0
0
0
0
0
0
0
0
0
0
0
0,000174638
0,000853953
0,001460856
0,0021056
0,002573257
0,002806737
0,002380998
0,001621022
0,000946739
0,000181181
0
0
0
0
0
0
0
0
0
0
0
0
0
0
0,00024502
0,001136577
0,002192957
0,002957531
0,002979921
0,003264988
0,002870335
0,001959532
0,001091457
0,000186167
0
0
0
0
0
0
0
0
0
0
0
0
0
0
0,000191492
0,000911404
0,001856038
0,002959026
0,003758641
0,004104413
0,003625174
0,002706062
0,001486408
0,000304652
0
0
0
0
0
0
0
0
0
0
0
0
0
0
0,000301924
0,001164127
0,002479982
0,003342086
0,003879488
0,003934519
0,003549202
0,002516906
0,001442827
0,000309484
0
0
0
0
0
0
0
0
0
0
0
0
0
0
0,000312466
0,001377861
0,003027476
0,004405993
0,005506699
0,005515278
0,004699323
0,003829163
0,002069258
0,000483924
0
0
0
0
0
0
0
0
0
0
0
0
0
0
0,000400384
0,001562059
0,002878193
0,004034357
0,005100144
0,006384616
0,005708076
0,003850303
0,002224551
0,000451866
0
0
0
0
0
0
0
0
0
0
0
0
0
1,00692E-05
0,000519787
0,001922398
0,0030398
0,004543703
0,005351003
0,006227807
0,004202382
0,002650166
0,001203913
0,000292626
0
0
0
0
0
0
0
0
0
0
0
0
0
0
0,000335525
0,001107908
0,002375381
0,003423578
0,004679396
0,00618759
0,005137916
0,004239284
0,002433474
0,000623446
0
0
0
0
0
0
0
0
0
0
0
0
0
0
0,000277703
0,001122929
0,001847379
0,002402519
0,002698321
0,002672885
0,002315648
0,001514766
0,000815504
0,000205033
0
0
0
0
0
0
0
0
0
0
0
0
0
3,47639E-06
0,000210677
0,000767636
0,001470889
0,002149644
0,002443874
0,002455988
0,002106934
0,001602679
0,000975888
0,000291119
3,34111E-06
0
0
0
0
0
0
0
0
0
0
0
0
0
0,000238527
0,000853532
0,001559696
0,00203427
0,002615426
0,003726068
0,003388839
0,00258218
0,001551498
0,000478422
1,00692E-05
0
0
0
0
0
0
0
0
0
0
0
0
3,38826E-05
0,000946808
0,003210283
0,005209496
0,006494091
0,007375445
0,006913311
0,006466131
0,004721234
0,002891706
0,000830381
0
0
0
0
0
0
0
0
0
0
0
0
0
2,97571E-05
0,000424381
0,001813079
0,003218782
0,004303213
0,005831259
0,005363498
0,003846518
0,002666214
0,001435648
0,000551052
1,41058E-05
0
0
0
0
0
0
0
0
0
0
0
0
3,41704E-05
0,000590595
0,001986672
0,003706116
0,005277128
0,005275912
0,005502684
0,005242344
0,003733767
0,001682195
0,000575767
1,66692E-05
0
0
0
0
0
0
0
0
0
0
0
0
7,63594E-05
0,000810798
0,001992543
0,002373333
0,002747148
0,002525547
0,002327286
0,002147633
0,001484531
0,001231036
0,000491054
2,10681E-05
0
0
0
0
0
0
0
0
0
0
0
0
3,51574E-05
0,000504815
0,001949498
0,002661394
0,004006313
0,003343073
0,003916873
0,004044863
0,002800826
0,001492422
0,000556541
4,54243E-05
0
0
0
0
0
0
0
0
0
0
0
0
3,86338E-05
0,000673474
0,001768389
0,002617663
0,003317664
0,003681238
0,00396929
0,003312806
0,003197939
0,002929525
0,001009263
3,81693E-05
0
0
0
0
0
0
0
0
0
0
0
0
9,31164E-05
0,001305342
0,003590914
0,005510343
0,006606834
0,007334198
0,007693455
0,006876094
0,005146478
0,00325472
0,001195566
5,82638E-05
0
0
0
0
0
0
0
0
0
0
0
0
7,84847E-05
0,001072515
0,00265586
0,002510751
0,005270793
0,004838032
0,003661315
0,004192857
0,002683545
0,001390698
0,000381327
0,00003795
0
0
0
0
0
0
0
0
0
0
0
0
5,85478E-05
0,000739257
0,001687649
0,003563191
0,005674586
0,006293431
0,006665924
0,004133769
0,003550548
0,002086109
0,001063889
0,000113972
0
0
0
0
0
0
0
0
0
0
0
0
4,53608E-05
0,000455375
0,001225822
0,002661712
0,003054743
0,003373331
0,003823249
0,003008948
0,002516212
0,001857208
0,000842828
3,84594E-05
0
0
0
0
0
0
0
0
0
0
0
0
5,10811E-05
0,000892316
0,002292425
0,00412413
0,005922378
0,006791501
0,007147663
0,005577823
0,004372325
0,003634845
0,001399198
0,000132529
0
0
0
0
0
0
0
0
0
0
0
0
0,000196685
0,001934306
0,004489865
0,006759153
0,008747748
0,009136866
0,007680973
0,008132668
0,00604413
0,003965782
0,001240118
0,000116815
0
0
0
0
0
0
0
0
0
0
0
0
0,00013317
0,001336111
0,003634991
0,005632866
0,007034119
0,007132396
0,007105372
0,006462822
0,005154243
0,002654567
0,001259027
0,000147323
0
0
0
0
0
0
0
0
0
0
0
0
0,000107808
0,00101996
0,002578903
0,004625929
0,006320197
0,007647776
0,008088381
0,006857953
0,004783111
0,002563993
0,000948562
0,000121705
0
0
0
0
0
0
0
0
0
0
0
0
0,000146853
0,001243288
0,002787184
0,00517277
0,006924966
0,006465614
0,006014954
0,00487902
0,00390452
0,002921815
0,001283657
0,000136775
0
0
0
0
0
0
0
0
0
0
0
0
0,000310905
0,002345213
0,004474446
0,006765498
0,007915677
0,008567557
0,008474902
0,007737795
0,006036076
0,004220319
0,001990791
0,000202869
0
0
0
0
0
0
0
0
0
0
0
0
0,000334483
0,001979835
0,004356723
0,006568131
0,008237491
0,009591075
0,008886812
0,007881633
0,006292224
0,004018687
0,001895494
0,000209014
0
0
0
0
0
0
0
0
0
0
0
0
0,000226015
0,001758203
0,003914552
0,006514972
0,008013201
0,009162539
0,008576946
0,007575337
0,006098743
0,004107842
0,001927075
0,00026994
0
0
0
0
0
0
0
0
0
0
0
0
0,00037445
0,002085973
0,004710858
0,006565558
0,007006594
0,007902483
0,007234624
0,005374523
0,003892482
0,002751809
0,001178132
0,000153321
0
0
0
0
0
0
0
0
0
0
0
0
0,000265871
0,001515413
0,003861864
0,006054209
0,006545549
0,007612117
0,007788624
0,007775104
0,006353694
0,00421263
0,002075552
0,000341357
0
0
0
0
0
0
0
0
0
0
0
0
0,0003611
0,001823429
0,003557594
0,00586583
0,006017951
0,006322819
0,006055993
0,007409983
0,00623346
0,003300486
0,001919454
0,000361048
0
0
0
0
0
0
0
0
0
0
0
0
0,000317899
0,00157274
0,003200236
0,004801913
0,006366102
0,006042673
0,005668575
0,005037829
0,003673053
0,002714234
0,001257158
0,000182829
0
0
0
0
0
0
0
0
0
0
0
0
0,000208998
0,000817302
0,001662591
0,002547698
0,003820405
0,00447031
0,003934878
0,00276075
0,002624888
0,001713144
0,000715841
0,000124174
0
0
0
0
0
0
0
0
0
0
0
0
0,000286138
0,001434462
0,003174031
0,004844458
0,005887099
0,006441134
0,005339874
0,005736509
0,005963137
0,004390449
0,002241338
0,000461678
0
0
0
0
0
0
0
0
0
0
0
0
0,000475333
0,002458054
0,004583457
0,007651853
0,009926674
0,010241664
0,010055698
0,008982074
0,007442657
0,00501802
0,002486714
0,000521242
0
0
0
0
0
0
0
0
0
0
0
0
0,000501745
0,002187769
0,004587087
0,006234482
0,008047579
0,008850933
0,008754137
0,00811777
0,006495736
0,004599825
0,002378819
0,00049353
0
0
0
0
0
0
0
0
0
0
0
0
0,000633693
0,002712053
0,005060368
0,00694655
0,008271473
0,008190716
0,009901922
0,008837997
0,007354273
0,00500802
0,002631737
0,000596918
0
0
0
0
0
0
0
0
0
0
0
0
0,00065602
0,002686173
0,005001356
0,007440461
0,008923236
0,009543747
0,009647419
0,008723509
0,007508838
0,005494648
0,002773414
0,000721198
0
0
0
0
0
0
0
0
0
0
0
0
0,000795358
0,003234419
0,005731456
0,006512851
0,005993702
0,010628345
0,01111125
0,010496047
0,008436711
0,005922083
0,003270746
0,000775282
0
0
0
0
0
0
0
0
0
0
0
3,0694E-05
0,000742708
0,00284964
0,005414681
0,007285132
0,008631332
0,008447485
0,007815908
0,006724883
0,004213764
0,003002463
0,001360132
0,000387056
0
0
0
0
0
0
0
0
0
0
0
3,32292E-06
0,000520338
0,001797627
0,003719611
0,00446918
0,005341078
0,005879651
0,005802546
0,007248894
0,007885755
0,005382998
0,002965246
0,000791391
5,53833E-06
0
0
0
0
0
0
0
0
0
0
2,31743E-05
0,000666748
0,00218314
0,003593278
0,004788155
0,005788102
0,006804558
0,00714593
0,009318585
0,00761942
0,005339473
0,002886283
0,000790933
0
0
0
0
0
0
0
0
0
0
0
3,4904E-05
0,000884551
0,003237532
0,005902876
0,008347739
0,010199315
0,011601288
0,01098806
0,010017546
0,007558229
0,005557791
0,002878974
0,000870418
1,64622E-05
0
0
0
0
0
0
0
0
0
0
3,59418E-05
0,001073878
0,003209354
0,005823721
0,008198337
0,009614711
0,010423245
0,009535117
0,008302221
0,006015592
0,003870437
0,002296937
0,000756007
3,34111E-06
0
0
0
0
0
0
0
0
0
0
6,49167E-07
0,000431052
0,001420892
0,00258638
0,003709162
0,00429587
0,004312044
0,004541526
0,004245867
0,003831742
0,002602462
0,001654515
0,000402567
5,62819E-06
0
0
0
0
0
0
0
0
0
0
2,56535E-05
0,000896078
0,002688621
0,004398123
0,007315509
0,007540418
0,008942146
0,007155976
0,00705269
0,006271136
0,003362994
0,001936774
0,000574271
1,68914E-05
0
0
0
0
0
0
0
0
0
0
4,06089E-05
0,000764649
0,002742614
0,005098795
0,00831257
0,008872773
0,008658955
0,009818456
0,009608111
0,007905749
0,005258146
0,002736251
0,000781881
1,32969E-05
0
0
0
0
0
0
0
0
0
0
1,39269E-05
0,000619329
0,001677186
0,002833991
0,003744434
0,004990189
0,004915502
0,004636147
0,004703835
0,004270288
0,002684452
0,001791405
0,000454952
0,000011245
0
0
0
0
0
0
0
0
0
0
2,18074E-05
0,000570125
0,001719819
0,00329175
0,005260977
0,005802256
0,007895189
0,006900053
0,007684878
0,005514047
0,003723824
0,002693637
0,000869601
7,95231E-05
0
0
0
0
0
0
0
0
0
0
2,48363E-05
0,000377167
0,001124875
0,002316328
0,003751469
0,003799598
0,005269051
0,004481761
0,005013208
0,003322094
0,00343419
0,002297941
0,000589628
6,48642E-05
0
0
0
0
0
0
0
0
0
0
6,62674E-05
0,000923833
0,003043663
0,004400022
0,005109212
0,00646536
0,00776643
0,008004202
0,005711542
0,005699885
0,004161164
0,003264784
0,001256228
6,86954E-05
0
0
0
0
0
0
0
0
0
0
4,35665E-05
0,000942131
0,002189707
0,003375032
0,00483779
0,005934535
0,00713617
0,009933784
0,007779541
0,007455616
0,005793155
0,003653641
0,001411405
0,000105435
0
0
0
0
0
0
0
0
0
0
8,7191E-05
0,000988297
0,002620753
0,004711042
0,007947761
0,00907984
0,008783827
0,010092328
0,007370943
0,005917917
0,005490617
0,002493818
0,000942105
7,76349E-05
0
0
0
0
0
0
0
0
0
0
7,76257E-05
0,000831045
0,001983006
0,003368683
0,003983163
0,005257872
0,006322148
0,007437377
0,006277941
0,005947529
0,003944523
0,003351648
0,001191535
0,000123412
0
0
0
0
0
0
0
0
0
0
0,000216182
0,001867169
0,004163903
0,006730043
0,007323082
0,00932095
0,008984733
0,008094547
0,006324751
0,005576485
0,004932813
0,002296556
0,001095535
0,000116537
0
0
0
0
0
0
0
0
0
0
0,000126213
0,000796606
0,00166106
0,003228076
0,006120508
0,007318597
0,006995616
0,008733771
0,007623315
0,005391798
0,004982207
0,002864097
0,001504617
0,000170399
0
0
0
0
0
0
0
0
0
0
0,000249032
0,002135621
0,004837831
0,007353512
0,009450817
0,010536117
0,011407793
0,01195499
0,011017082
0,00848852
0,006457312
0,003995345
0,001879703
0,000171354
0
0
0
0
0
0
0
0
0
0
0,000220145
0,001632358
0,003480388
0,005846636
0,008480798
0,009340955
0,010461091
0,010110485
0,010896156
0,009510658
0,006670595
0,004031405
0,001652938
0,000192807
0
0
0
0
0
0
0
0
0
0
0,00024544
0,001916998
0,004561132
0,007040599
0,009056456
0,010947104
0,011337281
0,011027828
0,010281623
0,009225657
0,007374939
0,004917124
0,002203651
0,000243802
0
0
0
0
0
0
0
0
0
0
0,000299418
0,00204023
0,004865614
0,007340843
0,009185842
0,010819281
0,011504769
0,011389178
0,010339493
0,008290565
0,006723911
0,004080187
0,00154475
0,000231053
0
0
0
0
0
0
0
0
0
0
0,000194329
0,001062745
0,00220586
0,00451098
0,005527113
0,005653682
0,006077441
0,006521447
0,006508462
0,005173661
0,003082413
0,002532332
0,001527232
0,000304267
0
0
0
0
0
0
0
0
0
0
0,000219173
0,001071578
0,002970851
0,004837273
0,006377799
0,008660063
0,007441074
0,008593923
0,009953756
0,008172986
0,007261624
0,004252136
0,002348836
0,000405472
0
0
0
0
0
0
0
0
0
0
0,000344376
0,001997676
0,004691055
0,007655632
0,008312588
0,008226183
0,008951575
0,008673973
0,009169108
0,007725548
0,006728429
0,00404478
0,002176569
0,000355998
0
0
0
0
0
0
0
0
0
0
0,000361666
0,002081347
0,005041341
0,0077296
0,006677193
0,007962483
0,011871134
0,011343304
0,010278743
0,008450723
0,007245605
0,004317907
0,002490521
0,000412171
0
0
0
0
0
0
0
0
0
0
0,000516927
0,002840667
0,005879488
0,008837538
0,010811878
0,012748554
0,012483175
0,013822997
0,012272006
0,010250019
0,007782327
0,00491508
0,002415494
0,000417009
0
0
0
0
0
0
0
0
0
0
0,000567353
0,002744573
0,005276124
0,007752705
0,00914975
0,010071581
0,011521915
0,009822637
0,008194612
0,007659597
0,005926646
0,003202176
0,001398914
0,000258462
0
0
0
0
0
0
0
0
0
0
0,000241318
0,001674958
0,00402902
0,005578486
0,00676345
0,009021901
0,009613069
0,008232488
0,006550163
0,006089512
0,004620564
0,003083316
0,001735533
0,000401166
0
0
0
0
0
0
0
0
0
1,96028E-06
0,00075451
0,003309459
0,006168273
0,009494522
0,010562759
0,011172812
0,010926147
0,011617072
0,01090265
0,010996195
0,00854434
0,00571195
0,003053627
0,000732249
0
0
0
0
0
0
0
0
0
1,70694E-06
0,00063216
0,002937479
0,005847946
0,008619233
0,011038239
0,012988227
0,013834263
0,013450918
0,012396674
0,010624948
0,008393601
0,005968591
0,003228793
0,000813616
1,70694E-06
0
0
0
0
0
0
0
0
3,22403E-06
0,000722961
0,003005597
0,006175319
0,00933553
0,012143709
0,013445549
0,014061023
0,013978744
0,012749138
0,011039653
0,007982752
0,005620146
0,002855862
0,000668192
1,70694E-06
0
0
0
0
0
0
0
0
3,32292E-06
0,000832313
0,003325562
0,006262302
0,00918134
0,011626453
0,013017125
0,013537833
0,013624942
0,012632089
0,011367151
0,008745774
0,006301156
0,003124609
0,000692162
1,96028E-06
0
0
0
0
0
0
0
0
2,97069E-06
0,000794953
0,003102987
0,00591199
0,008816753
0,011100462
0,011999763
0,01262332
0,012211256
0,012878683
0,01121151
0,008490523
0,00557191
0,002981253
0,000812401
4,46333E-06
0
0
0
0
0
0
0
0
8,06681E-06
0,000572507
0,002543317
0,004621468
0,006599389
0,008657655
0,012074945
0,013650592
0,014573297
0,013002903
0,00975631
0,007617825
0,00542641
0,002870733
0,000784968
2,21361E-06
0
0
0
0
0
0
0
0
1,07388E-05
0,000767376
0,002976061
0,005811568
0,008692861
0,011342258
0,013401368
0,0146905
0,014041316
0,013246458
0,011338776
0,008935338
0,006200025
0,003193989
0,000728204
2,97069E-06
0
0
0
0
0
0
0
0
2,48713E-05
0,000693016
0,002158456
0,003944065
0,005357647
0,005827927
0,005763815
0,007367158
0,006785235
0,006295658
0,006187336
0,003901121
0,002864445
0,001759336
0,000494398
7,41083E-06
0
0
0
0
0
0
0
0
7,93875E-06
0,000507947
0,002232068
0,004130472
0,005892542
0,007556709
0,007426616
0,007761381
0,011701544
0,008070313
0,008231545
0,005079734
0,003131213
0,002279976
0,000565874
6,99181E-06
0
0
0
0
0
0
0
0
3,10218E-05
0,000684918
0,002336199
0,004265238
0,005725094
0,007714751
0,008441551
0,008817565
0,007490279
0,007251205
0,005854122
0,00526201
0,003643992
0,001478387
0,000301712
9,33875E-06
0
0
0
0
0
0
0
0
1,26454E-05
0,000460654
0,001214855
0,002364876
0,003641898
0,005566701
0,007101303
0,005873737
0,007463452
0,007633237
0,007369689
0,006528255
0,004726599
0,002825314
0,00100754
5,1306E-05
0
0
0
0
0
0
0
0
4,75485E-05
0,001163423
0,003390375
0,006310982
0,009131472
0,011427752
0,01256737
0,013253718
0,013126233
0,012416683
0,010383155
0,007332458
0,005392164
0,002624982
0,000887905
8,46347E-06
0
0
0
0
0
0
0
0
1,71692E-05
0,000704694
0,002301557
0,004236566
0,006274689
0,008171665
0,008043311
0,007643105
0,008635195
0,010059304
0,007124563
0,006510901
0,003802247
0,001956238
0,000541989
2,0041E-05
0
0
0
0
0
0
0
0
2,61029E-05
0,000545189
0,001760183
0,003163565
0,004768676
0,006109392
0,006497591
0,007228103
0,008279063
0,00787355
0,006822339
0,005158606
0,00339017
0,002103427
0,000800116
3,40219E-05
0
0
0
0
0
0
0
0
6,13239E-05
0,000674351
0,001918773
0,00386129
0,005283041
0,008001747
0,010249383
0,009872761
0,009248097
0,008767137
0,00711165
0,006248472
0,004560634
0,002967117
0,00111846
5,1399E-05
0
0
0
0
0
0
0
0
5,70281E-05
0,000686553
0,002038494
0,003733464
0,005523897
0,006222593
0,007000946
0,007838529
0,007845614
0,006451729
0,005530159
0,004719206
0,002850649
0,001662526
0,000617504
3,32861E-05
0
0
0
0
0
0
0
0
4,71635E-05
0,000955158
0,002459931
0,004563973
0,006574282
0,008488707
0,009954415
0,009598999
0,010892737
0,010844883
0,009670323
0,007321425
0,004828909
0,002826785
0,001147534
5,00865E-05
0
0
0
0
0
0
0
0
5,02526E-05
0,000846073
0,002550705
0,003905046
0,004983524
0,006271639
0,007247994
0,007254929
0,006746146
0,006186423
0,006303047
0,004840761
0,003308614
0,002019877
0,000744837
6,27246E-05
0
0
0
0
0
0
0
0
0,00008519
0,000865575
0,00247509
0,003430888
0,005204647
0,008714427
0,008619016
0,010742663
0,010952709
0,010137376
0,008610081
0,007036274
0,004854729
0,002406432
0,000950855
0,000123631
0
0
0
0
0
0
0
0
0,000144357
0,001037442
0,003576985
0,006069277
0,007756928
0,007852604
0,00804448
0,010552321
0,011698804
0,010581136
0,009579415
0,008778552
0,006263463
0,003776325
0,001321115
0,000105776
0
0
0
0
0
0
0
0
0,000131113
0,001085472
0,003278502
0,006025629
0,008050683
0,011554521
0,0133188
0,014022613
0,01315387
0,011733962
0,009513154
0,007263616
0,004499524
0,00275703
0,001006536
7,14383E-05
0
0
0
0
0
0
0
0
0,00010171
0,000984314
0,002896023
0,004117286
0,005875672
0,007280519
0,008335602
0,009994058
0,009549057
0,008108476
0,00886735
0,00717331
0,005639456
0,003738446
0,001634963
0,0001807
0
0
0
0
0
0
0
0
0,000141153
0,001067736
0,002661893
0,005054763
0,007553461
0,009396906
0,011082824
0,012018957
0,013392919
0,012451676
0,010921784
0,009323642
0,006505167
0,003998517
0,001448074
0,000117382
0
0
0
0
0
0
0
0
0,000189693
0,001548496
0,003701623
0,005967957
0,008406886
0,009763119
0,011053557
0,011892159
0,012974272
0,011236844
0,009869031
0,007825229
0,005930163
0,003987876
0,001471613
0,000155588
0
0
0
0
0
0
0
0
0,000158718
0,001589114
0,003479592
0,00601203
0,008435537
0,009828731
0,011688332
0,012116201
0,012526878
0,011124827
0,008647182
0,006884528
0,004672917
0,002562194
0,001083299
0,000118125
0
0
0
0
0
0
0
0
0,000218689
0,001638584
0,004258403
0,007207655
0,010143091
0,011652046
0,013130327
0,014012272
0,012904661
0,009699029
0,009415269
0,007119195
0,004529059
0,003474519
0,001185344
0,000155252
0
0
0
0
0
0
0
0
0,000171462
0,00139414
0,00342794
0,005980945
0,00854374
0,009644679
0,010963546
0,010681214
0,010166219
0,010023233
0,008735914
0,006131365
0,004752859
0,002753567
0,001196313
0,000201728
0
0
0
0
0
0
0
0
0,0001196
0,0008044
0,001927666
0,003180596
0,004790956
0,007072751
0,008392955
0,010185927
0,012100042
0,012080431
0,011331915
0,009630459
0,006569284
0,004095693
0,001548807
0,00031247
0
0
0
0
0
0
0
0
0,000279982
0,001858437
0,00450848
0,007443785
0,009568283
0,011026841
0,011596106
0,01174142
0,010884138
0,009045771
0,006421595
0,004466662
0,003599808
0,001877043
0,000611149
8,81258E-05
0
0
0
0
0
0
0
0
0,000186225
0,001099653
0,0026004
0,004334089
0,007358732
0,009053506
0,008468531
0,008865985
0,010616656
0,010823968
0,009723042
0,008283195
0,006141051
0,003833175
0,001706756
0,000228707
0
0
0
0
0
0
0
0
0,00031425
0,001921833
0,004535847
0,006511487
0,00938811
0,010722825
0,011969395
0,012994649
0,013027097
0,013469984
0,012353862
0,010109172
0,007316011
0,004437387
0,001475451
0,000230102
0
0
0
0
0
0
0
0
0,000347043
0,001741637
0,00351058
0,005540459
0,007800735
0,007101256
0,008034041
0,008094977
0,00856608
0,009231172
0,007569406
0,00662482
0,005131424
0,002695108
0,000990579
0,000173923
1,26472E-06
0
0
0
0
0
0
1,70694E-06
0,000205646
0,000899059
0,002057653
0,003451708
0,005417002
0,005918565
0,006102749
0,007242439
0,007800777
0,005350917
0,006343152
0,005827061
0,004026662
0,003135403
0,001610325
0,000310347
4,42222E-07
0
0
0
0
0
0
1,70694E-06
0,000221818
0,001578417
0,003764811
0,004584812
0,007020303
0,009156878
0,01036274
0,009895121
0,010803421
0,01046466
0,011078188
0,008320368
0,007223399
0,004780491
0,001974326
0,000358798
0
0
0
0
0
0
0
1,96028E-06
0,000368387
0,002138108
0,004740624
0,007186827
0,009214281
0,011205878
0,011659804
0,014452635
0,013294337
0,009934118
0,010389079
0,008325191
0,006172188
0,004122808
0,002121101
0,00036064
0
0
0
0
0
0
0
0
0,000329577
0,001914643
0,003711591
0,005442581
0,008895029
0,01091165
0,011515304
0,010742891
0,010475206
0,009278832
0,008861604
0,006584823
0,004411318
0,002631747
0,001398406
0,000264862
1,96028E-06
0
0
0
0
0
0
2,05917E-06
0,000268445
0,001388242
0,002575968
0,003957517
0,005204026
0,008971009
0,010739762
0,010143629
0,009065406
0,008553532
0,005840793
0,004834602
0,003914782
0,00299055
0,001462854
0,000269748
4,42222E-07
0
0
0
0
0
0
4,42222E-07
0,000227603
0,001310256
0,003088991
0,005091815
0,007583778
0,009938883
0,01146532
0,009827759
0,008646965
0,008427225
0,006646256
0,005736074
0,003793317
0,002835777
0,001527349
0,000268591
1,96028E-06
0
0
0
0
0
0
3,06958E-06
0,000295239
0,001685665
0,003245305
0,006621239
0,007582449
0,008746052
0,008483652
0,008984144
0,00767986
0,005981103
0,007128211
0,004937685
0,004435121
0,003002827
0,001116144
0,000304532
1,96028E-06
0
0
0
0
0
0
2,78181E-06
0,000299547
0,001546626
0,003044958
0,003830943
0,005649623
0,005842163
0,007745582
0,007210337
0,009495923
0,008832076
0,008292403
0,007401191
0,004997165
0,003176774
0,001691675
0,000355952
1,70694E-06
0
0
0
0
0
0
1,70597E-06
0,000345807
0,001717499
0,004249976
0,00729357
0,009471197
0,011123658
0,013052233
0,013616643
0,013400624
0,012825818
0,011335862
0,009723994
0,006046474
0,002978756
0,001543333
0,000313766
2,05917E-06
0
0
0
0
0
0
4,01944E-06
0,000307421
0,001373866
0,004117219
0,00621083
0,007218058
0,006891469
0,008116134
0,009676683
0,011609428
0,008593321
0,009378876
0,006857525
0,006008918
0,003325798
0,001489843
0,000294789
1,26472E-06
0
0
0
0
0
0
1,36361E-06
0,000196374
0,001018364
0,002289348
0,003680043
0,005358069
0,006836988
0,008745707
0,008612488
0,010166238
0,010715698
0,009937807
0,008687244
0,006212335
0,004136978
0,00209678
0,000405751
3,32292E-06
0
0
0
0
0
0
6,54694E-06
0,000504395
0,001992282
0,003860228
0,005826563
0,007779804
0,008891633
0,009339958
0,007915328
0,008069902
0,008250442
0,007434889
0,00550866
0,004639423
0,003362746
0,001605937
0,000283107
0
0
0
0
0
0
0
2,88167E-06
0,000203472
0,000856544
0,002183431
0,004293703
0,005457858
0,00695748
0,008640843
0,009069313
0,007809841
0,009429141
0,006416684
0,007704346
0,004657278
0,003382318
0,001959987
0,000413871
7,08181E-06
0
0
0
0
0
0
4,11014E-06
0,000460039
0,001895551
0,003732845
0,006245374
0,007927815
0,009036627
0,011479292
0,011072405
0,010849628
0,010906057
0,009439929
0,008309781
0,007785072
0,004490247
0,002662566
0,00058086
0
0
0
0
0
0
0
2,05917E-06
0,000545235
0,002391449
0,004829105
0,007347666
0,008667745
0,011204163
0,011966724
0,013594016
0,012531459
0,010318211
0,010550151
0,010665098
0,007991439
0,005235983
0,002754168
0,000592257
5,38208E-06
0
0
0
0
0
0
9,74556E-06
0,000587049
0,002557169
0,005309284
0,00819743
0,010716523
0,012833924
0,01403566
0,014478988
0,014802206
0,014078225
0,012056976
0,010009762
0,007698836
0,005042761
0,00257745
0,000568897
6,29458E-06
0
0
0
0
0
0
7,43403E-06
0,000601405
0,002663307
0,005146448
0,007677686
0,010056139
0,012484701
0,013594365
0,014100951
0,013396083
0,012920731
0,011722916
0,009844717
0,007382233
0,004493986
0,002075076
0,000459501
1,70694E-06
0
0
0
0
0
0
3,06958E-06
0,000563474
0,002554247
0,004519733
0,007250613
0,009340649
0,011599199
0,012844953
0,013497022
0,014524788
0,013109388
0,01026503
0,008274153
0,005899961
0,00348577
0,001858634
0,000509732
5,28319E-06
0
0
0
0
0
0
9,84542E-06
0,000344011
0,001483615
0,003129809
0,004835073
0,006274969
0,007816336
0,009422983
0,01212157
0,012330527
0,013305935
0,010968956
0,008839682
0,00726819
0,004921417
0,002261894
0,000531745
6,16931E-06
0
0
0
0
0
0
1,37911E-05
0,000384287
0,001788336
0,002839133
0,003619429
0,003696555
0,005085361
0,006334066
0,006005768
0,005951942
0,006261744
0,00582634
0,00409519
0,003890982
0,002513361
0,001333612
0,000354068
6,29361E-06
0
0
0
0
0
0
6,10569E-06
0,000304607
0,00120565
0,002505963
0,003517412
0,004613985
0,00528224
0,006079494
0,006481432
0,007217307
0,006163574
0,005257841
0,005659139
0,004730733
0,002933855
0,001075685
0,000300845
7,43403E-06
0
0
0
0
0
0
1,24385E-05
0,000388167
0,001286651
0,002663707
0,004183676
0,00599901
0,00708907
0,007232052
0,009364154
0,008320066
0,008531702
0,007234153
0,005062631
0,003906888
0,002913625
0,001311552
0,000322113
6,83569E-06
0
0
0
0
0
0
1,57514E-05
0,000409119
0,001486767
0,00359347
0,005877426
0,008373779
0,011008518
0,011544133
0,012775104
0,011146986
0,009858133
0,007366409
0,006631945
0,005337683
0,004369229
0,001774508
0,000546117
5,47306E-06
0
0
0
0
0
0
1,32574E-05
0,000550913
0,002540608
0,005163788
0,007868408
0,0101811
0,011918323
0,013234929
0,014147189
0,014362211
0,012545811
0,008925673
0,006351189
0,005840815
0,003887105
0,001633532
0,000388405
6,29458E-06
0
0
0
0
0
0
1,52203E-05
0,000556993
0,00168498
0,00467911
0,006289554
0,008643998
0,009807874
0,010784882
0,012725569
0,010257752
0,010667662
0,008263595
0,009031462
0,006837179
0,004665133
0,002309336
0,000533497
8,07569E-06
0
0
0
0
0
0
2,54494E-05
0,000499067
0,002159591
0,004427876
0,00591855
0,008651962
0,011559686
0,013359793
0,014032559
0,013741968
0,012537187
0,011466592
0,009570792
0,006955663
0,003966589
0,002690214
0,000788264
1,22132E-05
0
0
0
0
0
0
3,17714E-05
0,000576597
0,001981642
0,003742407
0,005928992
0,007585794
0,008243756
0,008757083
0,009894064
0,00948835
0,008953212
0,008973299
0,007943604
0,005218303
0,003022931
0,00195362
0,000677481
3,02957E-05
0
0
0
0
0
0
2,11308E-05
0,000524472
0,002292839
0,004334209
0,007789873
0,009816765
0,011020238
0,011275771
0,011611607
0,012032224
0,009077442
0,008873879
0,007495537
0,005474282
0,003396215
0,002276414
0,000667889
7,61843E-05
0
0
0
0
0
0
8,19078E-05
0,00069656
0,003030909
0,005707709
0,008121809
0,010635862
0,013038715
0,014312335
0,014464854
0,013524031
0,013318504
0,011707462
0,009226148
0,005977323
0,003363529
0,00170151
0,000532607
2,14917E-06
0
0
0
0
0
0
6,80028E-06
0,000309004
0,001096159
0,001788404
0,002801796
0,003788611
0,005194699
0,005401758
0,005798536
0,005109279
0,005549309
0,005672959
0,004641822
0,003907129
0,003675683
0,00176577
0,000526394
9,81278E-06
0
0
0
0
0
0
2,88179E-05
0,000451353
0,001214814
0,003400323
0,005294019
0,006056127
0,007876886
0,008687396
0,008572661
0,007850148
0,007634925
0,00694869
0,0056835
0,004719746
0,002750935
0,000986152
0,000270414
4,58764E-06
0
0
0
0
0
0
3,76611E-06
0,000318803
0,001213803
0,002474767
0,0042946
0,005310721
0,004573141
0,005475261
0,009343124
0,006999544
0,007403125
0,007600397
0,006669298
0,005297851
0,0024546
0,001497798
0,000341478
6,16931E-06
0
0
0
0
0
0
3,67514E-06
0,000279706
0,000745046
0,002203549
0,004083687
0,004591498
0,005231126
0,006183504
0,00579381
0,00683064
0,006455178
0,007009361
0,006297458
0,004232736
0,002764751
0,001375749
0,000335236
2,59042E-06
0
0
0
0
0
0
9,26889E-06
0,000571252
0,002206608
0,00357146
0,004253948
0,005173401
0,00581762
0,00548285
0,003957228
0,004122125
0,004672568
0,00489875
0,004069222
0,002707838
0,002062011
0,001104188
0,000299434
1,38335E-05
0
0
0
0
0
0
1,13426E-05
0,000350903
0,001797816
0,003411755
0,005525671
0,007049408
0,00575222
0,008183986
0,009900865
0,009027033
0,008517973
0,009033689
0,009077676
0,005343028
0,00321553
0,001174502
0,000540196
1,29704E-05
0
0
0
0
0
0
9,41694E-06
0,000385448
0,001439502
0,002964327
0,006129637
0,006699388
0,006704059
0,007884898
0,009436175
0,010094562
0,010332863
0,009985146
0,008401439
0,007009481
0,004413965
0,002454483
0,000652289
1,04206E-05
0
0
0
0
0
0
2,90689E-05
0,000689418
0,00233971
0,004327869
0,0066398
0,008097333
0,0096152
0,010218482
0,011244837
0,010401076
0,009903025
0,009871442
0,007514944
0,006036357
0,004191352
0,001836637
0,0005242
6,39347E-06
0
0
0
0
0
0
2,69314E-05
0,000451608
0,002004833
0,003996697
0,00509291
0,007301501
0,009197649
0,011813508
0,012364911
0,010653757
0,012488178
0,009025169
0,008247261
0,005717006
0,003934159
0,00137262
0,00034236
1,02915E-05
0
0
0
0
0
0
4,93097E-06
0,000264302
0,001156901
0,002213947
0,003971245
0,004406695
0,004805202
0,006503558
0,009202281
0,010058689
0,011172897
0,007397392
0,006050597
0,007389576
0,003434434
0,002270418
0,000699376
1,46004E-05
0
0
0
0
0
0
2,9281E-05
0,000715393
0,002813577
0,005037397
0,007489104
0,010690289
0,01301931
0,011309733
0,013424257
0,012802854
0,012988489
0,010655773
0,009030272
0,006051588
0,004518303
0,001811327
0,000389026
4,11111E-06
0
0
0
0
0
0
1,90006E-05
0,000437221
0,001614312
0,003570135
0,005536175
0,007911964
0,010990601
0,012095089
0,011686815
0,012741122
0,012141916
0,011282865
0,009533165
0,006792373
0,003859772
0,00191622
0,000498931
5,19333E-06
0
0
0
0
0
0
1,18038E-05
0,000502198
0,002025528
0,004092291
0,007760682
0,010344419
0,012399252
0,014210884
0,014797486
0,014509076
0,012985843
0,011735873
0,010104068
0,007478757
0,004887713
0,002518058
0,000689874
9,05097E-06
0
0
0
0
0
0
1,71786E-05
0,000647169
0,00265862
0,005399382
0,00810198
0,010345307
0,013022148
0,014083
0,01462774
0,014808842
0,014536397
0,012508043
0,010336879
0,007969193
0,005154856
0,002594516
0,00061989
8,69875E-06
0
0
0
0
0
0
1,64831E-05
0,00065054
0,00255788
0,00499826
0,007973908
0,009690242
0,011638563
0,013674703
0,014143309
0,014471909
0,013171619
0,01231312
0,010138099
0,00730485
0,004908705
0,002607981
0,000623054
7,43403E-06
0
0
0
0
0
0
1,55917E-05
0,000600784
0,002028658
0,004228412
0,00621084
0,008562762
0,009974696
0,011436541
0,012062919
0,011957474
0,009845698
0,008172929
0,007857082
0,005708169
0,003570477
0,001739857
0,000569818
7,68736E-06
0
0
0
0
0
0
8,22847E-06
0,000543682
0,002131067
0,004430134
0,006719633
0,008591151
0,010537133
0,011923797
0,013035768
0,012965873
0,012326846
0,010756407
0,010224171
0,007702323
0,004554066
0,00179341
0,000468784
6,10667E-06
0
0
0
0
0
0
4,58764E-06
0,000481206
0,002252262
0,004928971
0,007717864
0,010039689
0,012336205
0,013205946
0,013371832
0,01318607
0,013674819
0,011714331
0,009309985
0,007471515
0,004961154
0,002349152
0,000479731
1,97778E-07
0
0
0
0
0
0
1,18374E-05
0,000423353
0,001280328
0,002947568
0,005737396
0,01039744
0,012171952
0,013136542
0,013652588
0,014256423
0,013853222
0,012265417
0,009980569
0,00798948
0,005177767
0,002457286
0,000659152
6,99181E-06
0
0
0
0
0
0
8,95208E-06
0,000581321
0,00258471
0,005189715
0,008214712
0,010783805
0,012071096
0,013548264
0,013719844
0,013149271
0,012656854
0,010126535
0,008706444
0,007154589
0,003694314
0,001884146
0,000408564
5,09889E-06
0
0
0
0
0
0
4,58764E-06
0,000285665
0,001009029
0,00245256
0,003705309
0,006215572
0,009629639
0,01154384
0,012316608
0,013921041
0,012406053
0,011176287
0,007174688
0,00595824
0,004118691
0,002190106
0,000556365
3,76514E-06
0
0
0
0
0
0
7,68736E-06
0,000458307
0,00230088
0,003931928
0,003783638
0,004956911
0,006335516
0,008364581
0,009360216
0,010063506
0,009414493
0,009660422
0,007328825
0,005324402
0,003715306
0,002249688
0,000443263
1,18732E-05
0
0
0
0
0
0
5,72708E-06
0,000504547
0,002145758
0,004768496
0,007194748
0,010344313
0,012465187
0,013351497
0,014146084
0,014058185
0,013133363
0,01266253
0,010288182
0,007344711
0,004836605
0,002604872
0,000589825
5,02986E-06
0
0
0
0
0
0
1,02168E-05
0,000567278
0,002720632
0,005612842
0,008194589
0,010194541
0,011849879
0,011928129
0,01294261
0,013507425
0,013265083
0,011164332
0,00921478
0,007138694
0,004600054
0,002111218
0,000470621
2,97167E-06
0
0
0
0
0
0
1,70694E-06
0,000442698
0,002288203
0,004719973
0,007490775
0,009468451
0,011603428
0,01236065
0,013295922
0,012000729
0,012659728
0,009095057
0,00606368
0,003771232
0,002123341
0,00101132
0,000180822
0
0
0
0
0
0
0
2,97167E-06
0,000199647
0,000714286
0,001567631
0,002830418
0,004810042
0,006849802
0,006825348
0,007317007
0,006140965
0,005700201
0,00425451
0,004198557
0,003127458
0,001694641
0,000809752
0,000192996
1,70694E-06
0
0
0
0
0
0
1,70694E-06
0,000222422
0,001029724
0,001632979
0,002757651
0,003581516
0,00425943
0,006982598
0,008528986
0,008470087
0,00757464
0,008764377
0,006870905
0,005502655
0,002903029
0,001856933
0,000271448
2,05917E-06
0
0
0
0
0
0
2,05917E-06
0,000362002
0,001535661
0,003801441
0,005490881
0,007196538
0,010123636
0,010257619
0,011787944
0,010779409
0,011713105
0,008372611
0,008148841
0,006192271
0,004389425
0,00188421
0,000370673
4,42222E-07
0
0
0
0
0
0
9,88889E-08
0,000319129
0,001917673
0,004314224
0,007208828
0,009736906
0,011955513
0,013293677
0,013651819
0,01431261
0,012953194
0,011683494
0,009934228
0,006563363
0,00477054
0,002201508
0,000425773
1,96028E-06
0
0
0
0
0
0
4,58764E-06
0,000393672
0,001515901
0,003625716
0,006648919
0,009388908
0,011732477
0,012037408
0,012580463
0,012695705
0,011360729
0,010457295
0,009237412
0,005704513
0,004177866
0,002270794
0,000420672
1,70694E-06
0
0
0
0
0
0
0
0,00022807
0,001353412
0,003804806
0,006474034
0,008805288
0,009333669
0,009854274
0,01064596
0,008352422
0,007785618
0,006723753
0,006817398
0,005776776
0,004393942
0,002028468
0,000393773
2,50139E-06
0
0
0
0
0
0
1,96028E-06
0,000271658
0,001630352
0,003409139
0,004929489
0,004177637
0,00446854
0,006254395
0,006711233
0,009484486
0,009009179
0,007099297
0,004707085
0,003923286
0,002718592
0,001240682
0,000255495
0
0
0
0
0
0
0
2,05917E-06
0,000263696
0,001304411
0,002534966
0,004479758
0,006899805
0,009205457
0,008524931
0,008123881
0,007908643
0,010010954
0,006278801
0,005447912
0,004958698
0,004189581
0,00194748
0,000285345
0
0
0
0
0
0
0
0
0,000267674
0,001605042
0,004150324
0,006286632
0,008382191
0,007993587
0,012075735
0,013399114
0,013509847
0,012926215
0,011227848
0,009939958
0,007695029
0,004782361
0,002298787
0,000375071
1,70694E-06
0
0
0
0
0
0
1,51806E-06
0,000333105
0,001998252
0,004552341
0,007417247
0,009366857
0,01127968
0,011681338
0,012524313
0,012707435
0,011710018
0,009695056
0,004518723
0,003233561
0,002348395
0,000938473
0,00022044
0
0
0
0
0
0
0
1,26472E-06
0,000147125
0,000564732
0,001903491
0,003972381
0,005558092
0,008415914
0,009972609
0,009928296
0,008482725
0,008741724
0,00960571
0,006060011
0,00553196
0,002408312
0,00125108
0,00020068
1,26472E-06
0
0
0
0
0
0
1,70694E-06
0,000228876
0,001787899
0,004000598
0,00706402
0,009502863
0,011585478
0,012468016
0,012134985
0,01207873
0,011299642
0,011118047
0,008425887
0,006288477
0,003564677
0,00133786
0,00018143
0
0
0
0
0
0
0
0
0,000170904
0,001142863
0,003878074
0,006702336
0,008673682
0,009475779
0,011775665
0,012109208
0,012209867
0,011500806
0,0096156
0,007811148
0,006344937
0,00384669
0,001798915
0,000233619
0
0
0
0
0
0
0
0
0,000245428
0,001457232
0,004120988
0,007141478
0,00934005
0,011562286
0,012814761
0,014440288
0,013983248
0,011324078
0,009737275
0,008576788
0,005310793
0,002678545
0,001003143
0,000132971
0
0
0
0
0
0
0
0
0,000126536
0,001206959
0,002459474
0,004005468
0,006368811
0,007622543
0,007873754
0,008891
0,008269128
0,006805891
0,007828772
0,006790075
0,005280772
0,003062934
0,001555388
0,000203866
0
0
0
0
0
0
0
0
0,000158542
0,001138289
0,002882647
0,004296921
0,004846453
0,005403321
0,008111103
0,010305096
0,009092489
0,008585647
0,00672031
0,005562703
0,003488101
0,002008068
0,00083604
0,000133849
0
0
0
0
0
0
0
0
0,000136664
0,000736776
0,001646676
0,003020675
0,004425788
0,006269565
0,006303117
0,006635317
0,005866329
0,005529057
0,00491159
0,005423965
0,005667857
0,003881963
0,00164286
0,000210483
0
0
0
0
0
0
0
0
0,000183128
0,000300275
0,001812497
0,003799683
0,005923106
0,007410102
0,007358182
0,007416979
0,007340864
0,008089168
0,007588349
0,005879473
0,003724148
0,003481873
0,001174603
0,000146662
0
0
0
0
0
0
0
0
0,000195063
0,001627249
0,003985775
0,00651026
0,008787456
0,010756147
0,01239188
0,01325004
0,012651081
0,01214951
0,009839064
0,009440272
0,006750183
0,004290532
0,001713301
0,000226948
0
0
0
0
0
0
0
0
0,000145283
0,001452592
0,003479678
0,004945863
0,006791192
0,008136087
0,009023622
0,008214266
0,008332026
0,010773143
0,009003779
0,006311685
0,004654554
0,002422135
0,0010147
0,000126774
0
0
0
0
0
0
0
0
0,000145335
0,001458646
0,004395127
0,007488328
0,010200747
0,012515255
0,014062813
0,013657068
0,014157946
0,013375612
0,009898654
0,008504972
0,005639191
0,003527492
0,001588258
0,000116475
0
0
0
0
0
0
0
0
0,000176456
0,001460993
0,0037137
0,00679548
0,009457427
0,011314747
0,012973012
0,013406291
0,013376307
0,01231716
0,011462056
0,009292358
0,006497703
0,003955043
0,001513122
0,000109062
0
0
0
0
0
0
0
0
0,000152673
0,001422069
0,003950167
0,00638659
0,008423371
0,010412174
0,011652621
0,010213648
0,011336291
0,008406432
0,007672871
0,006013508
0,004147851
0,002456158
0,00109199
0,000168331
0
0
0
0
0
0
0
0
0,000126959
0,001231262
0,003282491
0,005758636
0,008981327
0,010837583
0,013525153
0,014231965
0,014356093
0,014015092
0,011524666
0,009387462
0,006753325
0,003958633
0,001375709
0,000100393
0
0
0
0
0
0
0
0
0,000119997
0,001217718
0,003570865
0,005999704
0,007945049
0,010555008
0,012650506
0,013340222
0,012843802
0,010941384
0,008724284
0,007011504
0,005819183
0,003292969
0,001198665
7,77244E-05
0
0
0
0
0
0
0
0
8,82089E-05
0,001034404
0,003114272
0,005374618
0,007611655
0,009561012
0,011786082
0,012847995
0,012646331
0,011716296
0,010780138
0,008665865
0,005657894
0,002911982
0,001021172
7,36556E-05
0
0
0
0
0
0
0
0
9,42917E-05
0,000938041
0,002983521
0,00517986
0,008392884
0,009661307
0,011531438
0,011764869
0,010831313
0,011132459
0,01020852
0,007307122
0,00630811
0,002977166
0,001329039
5,95288E-05
0
0
0
0
0
0
0
0
8,97613E-05
0,000945819
0,002763942
0,004979985
0,007765353
0,009729259
0,010710581
0,01258542
0,013202123
0,011936992
0,010320376
0,008152301
0,005171208
0,002314815
0,000704781
3,80411E-05
0
0
0
0
0
0
0
0
8,91764E-05
0,000979791
0,00281548
0,004913121
0,006770773
0,00890542
0,01116874
0,010830111
0,010403965
0,008718544
0,007215178
0,005834053
0,003681281
0,002075677
0,000625728
3,6749E-05
0
0
0
0
0
0
0
0
5,72538E-05
0,000889369
0,002767483
0,004960932
0,007433328
0,009247423
0,011285951
0,012041891
0,012574605
0,011898793
0,010580117
0,008082917
0,006421169
0,003431385
0,000892146
6,36614E-05
0
0
0
0
0
0
0
0
6,12924E-05
0,000919304
0,003082413
0,00546253
0,007516109
0,009288966
0,010765072
0,011881411
0,012128154
0,011017554
0,01001364
0,007416543
0,004734398
0,002091452
0,000660454
4,37526E-05
0
0
0
0
0
0
0
0
4,86646E-05
0,000976329
0,003185366
0,005631468
0,008459788
0,010470973
0,011620417
0,012484058
0,010958616
0,010786869
0,008895633
0,006174876
0,004168252
0,003091601
0,000965884
2,10574E-05
0
0
0
0
0
0
0
0
0,00005087
0,001080867
0,003323536
0,004804924
0,00659646
0,008543409
0,0091708
0,010948123
0,010570764
0,009881592
0,008238916
0,006223515
0,003567022
0,001925376
0,000410029
8,85444E-06
0
0
0
0
0
0
0
0
5,82265E-05
0,000719495
0,001907044
0,003941187
0,006331007
0,009100068
0,010882991
0,011745506
0,009782073
0,008500616
0,00796341
0,005714069
0,003264249
0,001958441
0,000499709
6,73653E-06
0
0
0
0
0
0
0
0
1,39501E-05
0,000442625
0,001416701
0,002236447
0,003094874
0,004166433
0,005461418
0,006115861
0,006764281
0,006721208
0,005757602
0,004535151
0,003170005
0,001866061
0,000518277
1,81756E-05
0
0
0
0
0
0
0
0
1,72135E-05
0,000395401
0,001354559
0,001923192
0,002941557
0,004258502
0,004644128
0,005194002
0,005615102
0,006593007
0,006148963
0,0045062
0,002872962
0,001827212
0,000531286
1,70694E-06
0
0
0
0
0
0
0
0
0,00000231
0,00047563
0,00163002
0,003233435
0,006157811
0,006654439
0,007492616
0,008604171
0,010352019
0,008126603
0,008384217
0,004841085
0,005624668
0,00235978
0,000542025
1,70597E-06
0
0
0
0
0
0
0
0
1,97851E-05
0,000448101
0,00150752
0,002762233
0,004919904
0,008076418
0,010173062
0,009694608
0,009657291
0,0098996
0,007576144
0,00451988
0,003666596
0,001969656
0,000512245
5,41111E-07
0
0
0
0
0
0
0
0
5,72708E-06
0,000555087
0,002101817
0,00407788
0,006374902
0,00942248
0,009960593
0,009152681
0,008050102
0,008628219
0,008187403
0,006857619
0,004628246
0,002278613
0,000580694
2,97069E-06
0
0
0
0
0
0
0
0
5,72708E-06
0,000660184
0,002647313
0,004910501
0,008185203
0,009482331
0,011332975
0,013116585
0,010813722
0,009903716
0,008141943
0,005692863
0,004074599
0,0023849
0,000605611
1,70694E-06
0
0
0
0
0
0
0
0
3,32292E-06
0,000721393
0,002700437
0,005440687
0,007943186
0,01015109
0,011339098
0,011116699
0,009725513
0,010024665
0,008989838
0,007948922
0,005193863
0,002668311
0,000642679
1,70694E-06
0
0
0
0
0
0
0
0
3,32292E-06
0,000605822
0,002743604
0,005613733
0,008144895
0,010015143
0,011175477
0,012526284
0,011775594
0,009840283
0,008092383
0,005606949
0,003246056
0,001700573
0,000353734
1,26472E-06
0
0
0
0
0
0
0
0
1,70694E-06
0,000458345
0,002179487
0,005063936
0,006645945
0,007843717
0,008138963
0,008038058
0,009169122
0,00766567
0,00463455
0,003604776
0,002560417
0,001175125
0,0002726
0
0
0
0
0
0
0
0
0
0
0,000282254
0,001705232
0,003731053
0,004700791
0,007476515
0,007859109
0,009159063
0,009238382
0,009151274
0,008170205
0,005516271
0,0042097
0,002463504
0,00051579
4,42222E-07
0
0
0
0
0
0
0
0
0
0,000524902
0,002671756
0,005477391
0,007917283
0,009877418
0,010704619
0,011156252
0,012227204
0,010942561
0,00958828
0,007033508
0,005255293
0,002441114
0,000429681
0
0
0
0
0
0
0
0
0
0
0,00043708
0,001772377
0,003871148
0,005430288
0,007962677
0,009060908
0,010584418
0,009652104
0,008656665
0,00753686
0,005669396
0,00447933
0,002040701
0,000307429
0
0
0
0
0
0
0
0
0
0
0,000212716
0,001161206
0,002630748
0,004629893
0,006139949
0,007241518
0,006207549
0,004377931
0,005349907
0,005476297
0,004261872
0,002841697
0,001749323
0,000274828
0
0
0
0
0
0
0
0
0
0
0,000355248
0,001954074
0,004503826
0,00722475
0,009352729
0,010833617
0,011265626
0,012350701
0,01142201
0,009108806
0,006694596
0,004876258
0,002147699
0,000372839
0
0
0
0
0
0
0
0
0
0
0,000403451
0,002545798
0,005450438
0,00809472
0,01046618
0,011408665
0,011813518
0,011695084
0,009858579
0,008988103
0,00702867
0,004806652
0,001993259
0,000263065
0
0
0
0
0
0
0
0
0
0
0,000347419
0,002218204
0,004749143
0,00748959
0,009143488
0,010570189
0,011382115
0,011759335
0,008712961
0,007975761
0,005782954
0,003547832
0,002039252
0,000283273
0
0
0
0
0
0
0
0
0
0
0,00029535
0,002104285
0,004067222
0,005347332
0,007784511
0,007573386
0,008204319
0,005939994
0,007775522
0,003471975
0,003607617
0,002248497
0,000948796
0,000165318
0
0
0
0
0
0
0
0
0
0
0,000334094
0,001733939
0,004124098
0,007474333
0,008831201
0,011425394
0,011314595
0,010560426
0,008483605
0,006500983
0,005259374
0,004109955
0,001569207
0,000229653
0
0
0
0
0
0
0
0
0
0
0,000159541
0,001349516
0,003175466
0,004981778
0,006622823
0,007380792
0,006625578
0,007423921
0,007841698
0,007844497
0,006192952
0,003350188
0,001717885
0,000266501
0
0
0
0
0
0
0
0
0
0
0,000227517
0,001785593
0,004024249
0,004975268
0,007635436
0,008074554
0,007974528
0,00791567
0,007558171
0,007797153
0,006409069
0,004154047
0,001970622
0,000216201
0
0
0
0
0
0
0
0
0
0
0,000185779
0,001968413
0,004891372
0,007417975
0,009573774
0,010543328
0,00984486
0,008268523
0,00637286
0,005652433
0,005099791
0,002754263
0,000867766
0,00016735
0
0
0
0
0
0
0
0
0
0
0,000171708
0,001613015
0,003426866
0,005837842
0,006673735
0,007441899
0,008135205
0,007634655
0,006436282
0,006237694
0,004882743
0,002726726
0,001283926
0,000142939
0
0
0
0
0
0
0
0
0
0
9,80851E-05
0,000765451
0,00207833
0,003596455
0,004486548
0,005711781
0,00656872
0,00636509
0,005974373
0,004802443
0,004660936
0,001941482
0,000781324
8,20335E-05
0
0
0
0
0
0
0
0
0
0
9,51144E-05
0,001014829
0,00261439
0,004669216
0,008288156
0,00906664
0,008826045
0,00834516
0,006311637
0,006748955
0,004788254
0,002574802
0,001039351
0,000104071
0
0
0
0
0
0
0
0
0
0
0,000112827
0,001181536
0,00405089
0,006786361
0,007479917
0,008418213
0,009014433
0,01056809
0,009120845
0,006699032
0,005860219
0,003393256
0,001669788
9,41946E-05
0
0
0
0
0
0
0
0
0
0
0,000146818
0,001685804
0,00449047
0,007036343
0,009434402
0,010306268
0,010694344
0,009152766
0,008811255
0,007636039
0,006080482
0,003868153
0,001355591
0,000102905
0
0
0
0
0
0
0
0
0
0
0,000112472
0,001448489
0,004056561
0,005995933
0,007800932
0,00884761
0,009254308
0,00935097
0,007769082
0,006525395
0,005352657
0,00352371
0,001334536
9,24171E-05
0
0
0
0
0
0
0
0
0
0
7,64646E-05
0,001088402
0,002108971
0,003130488
0,005689151
0,010165555
0,010224982
0,009816358
0,008600314
0,006792274
0,004560534
0,00179006
0,00057636
3,62603E-05
0
0
0
0
0
0
0
0
0
0
6,80786E-05
0,000992852
0,002514751
0,004620952
0,006082661
0,008120736
0,007403713
0,007580818
0,006171565
0,004726651
0,003345027
0,002363666
0,000776369
5,06107E-05
0
0
0
0
0
0
0
0
0
0
3,63464E-05
0,000716402
0,001748047
0,003323104
0,005229488
0,006191856
0,007765222
0,005914072
0,005305927
0,005547747
0,004643344
0,003193622
0,000655321
6,27508E-05
0
0
0
0
0
0
0
0
0
0
4,26058E-05
0,000799113
0,002194566
0,003963322
0,005782352
0,006876255
0,007714168
0,007232684
0,006132117
0,00550871
0,003189235
0,001526296
0,000667017
2,89758E-05
0
0
0
0
0
0
0
0
0
0
1,05354E-05
0,000495183
0,001492993
0,002604044
0,004040345
0,005001436
0,004941138
0,003987514
0,004149599
0,00396139
0,002056345
0,001537637
0,000451553
1,86628E-05
0
0
0
0
0
0
0
0
0
0
2,88043E-05
0,000742008
0,001996944
0,003449507
0,00472411
0,006189113
0,00520671
0,00517322
0,004262507
0,003750279
0,002246379
0,001399364
0,000525944
3,12361E-05
0
0
0
0
0
0
0
0
0
0
4,10379E-05
0,000784888
0,002757972
0,004598802
0,006867144
0,005732368
0,006103397
0,006200979
0,005310879
0,004727246
0,004143737
0,002121616
0,000602683
5,47375E-06
0
0
0
0
0
0
0
0
0
0
3,17174E-05
0,000954115
0,002862124
0,004795127
0,006715272
0,006696715
0,00840162
0,007466274
0,006275145
0,005196035
0,004379357
0,002712146
0,0007122
1,96028E-06
0
0
0
0
0
0
0
0
0
0
1,97388E-05
0,000514424
0,001796296
0,003531482
0,00569465
0,007379508
0,005848396
0,004431921
0,005153992
0,00584676
0,00484407
0,002674139
0,0008577
7,00903E-06
0
0
0
0
0
0
0
0
0
0
3,10472E-05
0,000712787
0,00293636
0,005211455
0,007363335
0,009192741
0,009634261
0,009649261
0,008147011
0,006410319
0,004245907
0,00264635
0,000715367
0
0
0
0
0
0
0
0
0
0
0
0
0,000774107
0,00193438
0,004650365
0,005304138
0,006862802
0,005032962
0,004826942
0,004192232
0,003232753
0,002512176
0,001540814
0,000467058
0
0
0
0
0
0
0
0
0
0
0
0
0,000361621
0,001498971
0,00210531
0,003136297
0,004441546
0,004471398
0,005464227
0,004918193
0,003622983
0,003788428
0,0016773
0,000424197
0
0
0
0
0
0
0
0
0
0
0
0
0,000522619
0,002287906
0,004167002
0,006210331
0,008457003
0,008226585
0,006687873
0,007270544
0,006709016
0,004155288
0,002529595
0,000807067
0
0
0
0
0
0
0
0
0
0
0
0
0,000579965
0,002295131
0,004617337
0,005979549
0,008471721
0,009521928
0,007770694
0,006723742
0,004590024
0,003611177
0,001944461
0,00044554
0
0
0
0
0
0
0
0
0
0
0
0
0,000392054
0,001688938
0,00347382
0,005583369
0,00782041
0,007014654
0,005699457
0,004601423
0,003344091
0,002278653
0,001409731
0,000327568
0
0
0
0
0
0
0
0
0
0
0
0
0,000567144
0,002362645
0,004755847
0,007552412
0,00860805
0,008022905
0,006610229
0,007670533
0,005531581
0,004204954
0,002058822
0,000558856
0
0
0
0
0
0
0
0
0
0
0
0
0,000499247
0,002348291
0,004199296
0,00638134
0,00830301
0,008578167
0,008127258
0,007882125
0,005699535
0,004662833
0,001970682
0,000498727
0
0
0
0
0
0
0
0
0
0
0
0
0,000446274
0,002479446
0,005052758
0,007262409
0,008044732
0,009774203
0,009483857
0,007043911
0,006349491
0,004755224
0,002653751
0,000637425
0
0
0
0
0
0
0
0
0
0
0
0
0,000562023
0,003104965
0,005948754
0,008407943
0,010067557
0,010449244
0,009974803
0,008953153
0,007102218
0,005120904
0,002679532
0,000514013
0
0
0
0
0
0
0
0
0
0
0
0
0,000529036
0,002857448
0,00556591
0,007796837
0,009181347
0,010199684
0,010872894
0,009828078
0,008006862
0,005699803
0,002856614
0,000487793
0
0
0
0
0
0
0
0
0
0
0
0
0,00045706
0,002711249
0,005269623
0,007849234
0,009773688
0,010794997
0,010616579
0,009816117
0,008026021
0,005596082
0,002575783
0,000397242
0
0
0
0
0
0
0
0
0
0
0
0
0,000457203
0,002477014
0,004203741
0,007381501
0,009000511
0,009714091
0,009876535
0,008484408
0,006048476
0,004852427
0,001755993
0,000321082
0
0
0
0
0
0
0
0
0
0
0
0
0,000128134
0,000878418
0,00192992
0,002787122
0,002560151
0,00306947
0,003686298
0,003220128
0,002284539
0,001864844
0,001218782
0,000150287
0
0
0
0
0
0
0
0
0
0
0
0
0,000135529
0,001060215
0,001735105
0,004023177
0,005634223
0,006291866
0,005853244
0,006393004
0,004700222
0,002982457
0,001576572
0,00016098
0
0
0
0
0
0
0
0
0
0
0
0
0,000144906
0,000969298
0,002707366
0,003516145
0,004073733
0,004367609
0,004533913
0,003211237
0,002442225
0,001578218
0,000532193
4,94865E-05
0
0
0
0
0
0
0
0
0
0
0
0
0,000124871
0,000692534
0,001947535
0,002763291
0,003316603
0,003204439
0,004315724
0,004425871
0,003232923
0,001928492
0,001055812
0,000200219
0
0
0
0
0
0
0
0
0
0
0
0
0,000124178
0,001146699
0,002313356
0,003714961
0,006388095
0,006228835
0,006229477
0,005035769
0,003567991
0,002377948
0,001117191
0,000110171
0
0
0
0
0
0
0
0
0
0
0
0
0,000112215
0,001004547
0,002794822
0,004455782
0,006279679
0,006205563
0,007745215
0,005809904
0,005093604
0,002852164
0,001231147
0,000105406
0
0
0
0
0
0
0
0
0
0
0
0
8,16968E-05
0,000726956
0,001816793
0,002971843
0,003247513
0,003969962
0,003943394
0,003065955
0,002962872
0,002223913
0,000836928
8,6964E-05
0
0
0
0
0
0
0
0
0
0
0
0
0,000104685
0,001320179
0,002962266
0,005140831
0,006728026
0,007415018
0,007093638
0,00588542
0,004065163
0,002987931
0,001238518
0,0001063
0
0
0
0
0
0
0
0
0
0
0
0
0,000151163
0,001607655
0,004003831
0,005756974
0,007201013
0,007795205
0,007745521
0,007184751
0,005280749
0,002893493
0,001235937
8,69857E-05
0
0
0
0
0
0
0
0
0
0
0
0
0,000109127
0,001312257
0,002474546
0,003834503
0,005053573
0,005135626
0,004806151
0,004033499
0,003006264
0,001729114
0,000552577
4,73528E-05
0
0
0
0
0
0
0
0
0
0
0
0
4,52375E-05
0,000459639
0,001555852
0,00266081
0,003361463
0,003539262
0,003101285
0,002935133
0,00247649
0,001447442
0,000973251
7,28074E-05
0
0
0
0
0
0
0
0
0
0
0
0
4,66767E-05
0,000522307
0,001296952
0,002111629
0,002908837
0,003183954
0,003260994
0,002674435
0,001981028
0,001284591
0,000444112
3,45731E-05
0
0
0
0
0
0
0
0
0
0
0
0
1,42764E-05
0,000371938
0,001351967
0,002015208
0,002873742
0,003006025
0,002921858
0,0026975
0,002000747
0,001413403
0,000569855
3,43103E-05
0
0
0
0
0
0
0
0
0
0
0
0
2,60261E-05
0,000383345
0,001157903
0,002608361
0,003996678
0,005172767
0,003585112
0,003232703
0,002531856
0,001529892
0,000415384
1,79375E-05
0
0
0
0
0
0
0
0
0
0
0
0
2,23799E-05
0,000479761
0,001536478
0,002260031
0,003183012
0,002870273
0,003329849
0,002905714
0,002027988
0,001173151
0,000387946
9,64472E-06
0
0
0
0
0
0
0
0
0
0
0
0
6,52972E-06
0,000599359
0,001740244
0,003056629
0,004202192
0,005108036
0,005888614
0,005117809
0,002612979
0,001562623
0,000481734
1,93872E-05
0
0
0
0
0
0
0
0
0
0
0
0
3,25108E-05
0,000652527
0,001730868
0,002195875
0,002927987
0,003452707
0,002731292
0,002500931
0,002313402
0,001077084
0,000410107
3,47639E-06
0
0
0
0
0
0
0
0
0
0
0
0
1,37625E-05
0,000663499
0,002202989
0,003815047
0,004978761
0,00524169
0,004220584
0,002922021
0,002454698
0,001259184
0,000388033
3,47639E-06
0
0
0
0
0
0
0
0
0
0
0
0
3,32335E-05
0,000763124
0,001956953
0,003697443
0,005339931
0,005255231
0,004711501
0,003504315
0,0027156
0,001455889
0,000537196
0
0
0
0
0
0
0
0
0
0
0
0
0
0
0,000539226
0,001951746
0,00339156
0,004863363
0,005947592
0,005320412
0,004711612
0,004095023
0,002102142
0,000673882
1,94964E-05
0
0
0
0
0
0
0
0
0
0
0
0
1,90733E-05
0,000408411
0,002064921
0,003630111
0,004363788
0,005082575
0,005226881
0,004323316
0,003947666
0,002168912
0,000598468
0
0
0
0
0
0
0
0
0
0
0
0
0
0
0,000249091
0,001020407
0,001946175
0,002349714
0,003239892
0,002920594
0,002011015
0,001642662
0,001028807
0,00023984
0
0
0
0
0
0
0
0
0
0
0
0
0
1,00692E-05
0,000671587
0,002296977
0,004489521
0,005966692
0,006703967
0,006076462
0,005179989
0,004420631
0,002693711
0,000750393
0
0
0
0
0
0
0
0
0
0
0
0
0
0
0,000624754
0,002215273
0,003140023
0,00368745
0,003793804
0,003865096
0,004977261
0,004061585
0,002615461
0,000632025
0
0
0
0
0
0
0
0
0
0
0
0
0
0
0,00035714
0,001374465
0,002651076
0,003585609
0,003850426
0,004559067
0,004638706
0,003516154
0,00175756
0,000476057
0
0
0
0
0
0
0
0
0
0
0
0
0
0
0,000253603
0,001198845
0,002658085
0,003404839
0,003615359
0,003315758
0,003094029
0,00237376
0,00119533
0,000309377
0
0
0
0
0
0
0
0
0
0
0
0
0
0
0,000327135
0,001195154
0,002158821
0,003048445
0,003534905
0,003662404
0,003425288
0,003649677
0,001594697
0,000344749
0
0
0
0
0
0
0
0
0
0
0
0
0
0
0,000330075
0,001581522
0,002964744
0,004077708
0,004879113
0,005444282
0,005168048
0,003782485
0,002210156
0,000537341
0
0
0
0
0
0
0
0
0
0
0
0
0
0
0,000415239
0,001588671
0,002706876
0,004140098
0,005301426
0,005318548
0,004544623
0,003998808
0,002430179
0,000484588
0
0
0
0
0
0
0
0
0
0
0
0
0
0
0,000467846
0,002078954
0,003121365
0,004250557
0,005206502
0,004897545
0,004475859
0,003263901
0,001660066
0,000325923
0
0
0
0
0
0
0
0
0
0
0
0
0
0
0,000331448
0,001608357
0,003246147
0,004353783
0,005058391
0,004884025
0,00425022
0,003027401
0,001248726
0,000263347
0
0
0
0
0
0
0
0
0
0
0
0
0
0
0,000261401
0,00110041
0,00385472
0,004400389
0,00549975
0,005225456
0,004761049
0,002655081
0,001170987
0,000191348
0
0
0
0
0
0
0
0
0
0
0
0
0
0
0,00023141
0,001601954
0,003010778
0,003575317
0,004757388
0,005556059
0,004889543
0,003441789
0,001687594
0,000295675
0
0
0
0
0
0
0
0
0
0
0
0
0
0
0,000229839
0,001321035
0,002476031
0,003293762
0,003654518
0,004478052
0,002972439
0,001879303
0,000873985
0,000134263
0
0
0
0
0
0
0
0
0
0
0
0
0
0
7,79532E-05
0,00056374
0,001186709
0,002118363
0,001890939
0,002172989
0,002272913
0,001579822
0,000793523
0,000164286
0
0
0
0
0
0
0
0
0
0
0
0
0
0
0,000321597
0,001971517
0,003557021
0,004939512
0,005130856
0,00547784
0,004901455
0,003265869
0,001602088
0,000201752
0
0
0
0
0
0
0
0
0
0
0
0
0
0
8,78318E-05
0,000773625
0,002029071
0,002993229
0,002941866
0,003398675
0,003298228
0,002250171
0,001148298
0,000216993
0
0
0
0
0
0
0
0
0
0
0
0
0
0
0,000135027
0,000937565
0,001821166
0,002681057
0,003306938
0,003464855
0,002575054
0,001753239
0,000909572
0,000105191
0
0
0
0
0
0
0
0
0
0
0
0
0
0
0,000128069
0,000974362
0,002679145
0,003999738
0,005197808
0,005448516
0,004387166
0,003211003
0,001557193
0,000208684
0
0
0
0
0
0
0
0
0
0
0
0
0
0
0,000156702
0,000678644
0,001694661
0,003104804
0,003794105
0,003901555
0,003843233
0,002961809
0,001251552
0,000186085
0
0
0
0
0
0
0
0
0
0
0
0
0
0
0,0001955
0,001201039
0,002844054
0,003545416
0,0041369
0,003272127
0,002631291
0,001490235
0,000666613
7,66663E-05
0
0
0
0
0
0
0
0
0
0
0
0
0
0
0,000162537
0,001344122
0,003233656
0,004673372
0,004834352
0,004159297
0,003541826
0,002205849
0,000820328
8,93546E-05
0
0
0
0
0
0
0
0
0
0
0
0
0
0
6,07833E-05
0,000697751
0,001563665
0,002433881
0,00311744
0,003271614
0,003203665
0,002252849
0,001015568
0,000141494
0
0
0
0
0
0
0
0
0
0
0
0
0
0
0,000175768
0,001394456
0,003060766
0,004279538
0,005067992
0,00507738
0,004426935
0,003133953
0,001173964
0,000138139
0
0
0
0
0
0
0
0
0
0
0
0
0
0
7,26958E-06
0,000453197
0,001383919
0,001611379
0,001679652
0,001988653
0,001649562
0,000972247
0,000388896
1,28492E-05
0
0
0
0
0
0
0
0
0
0
0
0
0
0
5,69436E-05
0,000520013
0,001563871
0,002338308
0,003542122
0,003633275
0,003324482
0,002217464
0,001159051
0,000113227
0
0
0
0
0
0
0
0
0
0
0
0
0
0
6,0196E-05
0,000505281
0,001071526
0,001775668
0,002423255
0,002556129
0,001785445
0,001472901
0,00046102
1,29481E-05
0
0
0
0
0
0
0
0
0
0
0
0
0
0
3,7369E-05
0,000285858
0,000660584
0,001104562
0,001398356
0,00158921
0,001204914
0,000784453
0,000320307
4,11136E-05
0
0
0
0
0
0
0
0
0
0
0
0
0
0
5,23132E-05
0,000902078
0,002754797
0,003564334
0,002618123
0,002624872
0,002382883
0,001768324
0,000613931
4,10147E-05
0
0
0
0
0
0
0
0
0
0
0
0
0
0
4,05825E-05
0,00048642
0,001526793
0,00307393
0,003159571
0,002768195
0,002801228
0,001913833
0,00074404
6,31776E-05
0
0
0
0
0
0
0
0
0
0
0
0
0
0
3,31971E-05
0,000454684
0,001516331
0,002070737
0,002861314
0,002663086
0,00266025
0,001838838
0,000484336
1,92908E-05
0
0
0
0
0
0
0
0
0
0
0
0
0
0
4,38165E-05
0,000760541
0,002335077
0,003457395
0,004173647
0,003294061
0,003089123
0,001960895
0,000782426
3,53108E-05
0
0
0
0
0
0
0
0
0
0
0
0
0
0
2,25497E-05
0,000587042
0,001112435
0,001589309
0,001745279
0,001937612
0,001286855
0,000620218
0,000264618
1,68867E-05
0
0
0
0
0
0
0
0
0
0
0
0
0
0
9,22167E-06
0,000340095
0,001021861
0,001894726
0,00216452
0,001991965
0,001962133
0,001233123
0,000543599
3,63831E-05
0
0
0
0
0
0
0
0
0
0
0
0
0
0
0,00003596
0,000492963
0,001291312
0,001965515
0,002446672
0,002564243
0,002263446
0,001451547
0,000458118
3,26189E-05
0
0
0
0
0
0
0
0
0
0
0
0
0
0
3,44442E-05
0,000329756
0,000780846
0,001194975
0,001673314
0,001931042
0,001647228
0,001020523
0,000406206
1,41947E-05
0
0
0
0
0
0
0
0
0
0
0
0
0
0
0
0,00017926
0,000677769
0,001157175
0,001330898
0,001265194
0,001171855
0,000872845
0,000228474
0
0
0
0
0
0
0
0
0
0
0
0
0
0
0
0
0,000244818
0,000822866
0,001623204
0,001491573
0,001472706
0,001095755
0,000739614
0,000321817
1,00692E-05
0
0
0
0
0
0
0
0
0
0
0
0
0
0
5,88056E-06
0,000242532
0,000709534
0,001307281
0,001556585
0,001436886
0,001015912
0,000647125
0,000192357
0
0
0
0
0
0
0
0
0
0
0
0
0
0
0
6,49167E-07
0,000223407
0,000679963
0,001302748
0,001567848
0,001808135
0,001590632
0,000990508
0,000366649
6,95278E-06
0
0
0
0
0
0
0
0
0
0
0
0
0
0
1,68867E-05
0,000434465
0,001294045
0,002178308
0,003106731
0,002476338
0,002083546
0,001672942
0,000620331
1,35456E-05
0
0
0
0
0
0
0
0
0
0
0
0
0
0
5,21783E-05
0,000577178
0,00135625
0,001292075
0,000978718
0,00080306
0,000784708
0,00061867
0,000142904
0
0
0
0
0
0
0
0
0
0
0
0
0
0
0
3,29067E-05
0,000569205
0,001561558
0,002780519
0,003188988
0,003511567
0,002517219
0,001453674
0,000475378
1,35456E-05
0
0
0
0
0
0
0
0
0
0
0
0
0
0
2,60892E-05
0,000622036
0,001997025
0,003093405
0,003879528
0,004148585
0,003549067
0,002268228
0,000540799
1,00692E-05
0
0
0
0
0
0
0
0
0
0
0
0
0
0
2,94303E-05
0,000489929
0,001768856
0,003256241
0,003891232
0,003765014
0,002959996
0,001885763
0,000605411
3,34111E-06
0
0
0
0
0
0
0
0
0
0
0
0
0
0
2,94303E-05
0,000537062
0,001827869
0,003001083
0,003849037
0,004038545
0,003257556
0,002010801
0,000628081
3,47639E-06
0
0
0
0
0
0
0
0
0
0
0
0
0
0
6,49167E-07
0,000178515
0,000846893
0,001689112
0,001692531
0,001880684
0,002048603
0,001484485
0,000509895
1,34103E-05
0
0
0
0
0
0
0
0
0
0
0
0
0
0
1,07183E-05
0,00030813
0,001141143
0,002099447
0,002572353
0,002477409
0,002110384
0,001376298
0,000490816
0
0
0
0
0
0
0
0
0
0
0
0
0
0
0
2,67383E-05
0,000546717
0,001721042
0,002355944
0,002112595
0,00201065
0,001515483
0,000907013
0,000182262
0
0
0
0
0
0
0
0
0
0
0
0
0
0
0
0
0,000151308
0,000578266
0,001109386
0,00140561
0,00168372
0,001324743
0,000930771
0,000232046
1,00692E-05
0
0
0
0
0
0
0
0
0
0
0
0
0
0
1,00692E-05
0,000224928
0,00070309
0,001121975
0,001518591
0,001377945
0,001510706
0,000900095
0,000256263
0
0
0
0
0
0
0
0
0
0
0
0
0
0
0
1,07183E-05
0,000299236
0,001178431
0,001969051
0,002482258
0,002455718
0,002048668
0,001369278
0,000381147
0
0
0
0
0
0
0
0
0
0
0
0
0
0
0
0
0,000186425
0,000858519
0,001424196
0,00210956
0,002238103
0,001869678
0,001133043
0,000418463
0
0
0
0
0
0
0
0
0
0
0
0
0
0
0
0
0,000297575
0,000691292
0,001186689
0,00152142
0,001446586
0,001416823
0,000634109
0,000161212
0
0
0
0
0
0
0
0
0
0
0
0
0
0
0
0
0,000188345
0,000620746
0,001170603
0,001827277
0,002216386
0,001749911
0,000995317
0,000256277
0
0
0
0
0
0
0
0
0
0
0
0
0
0
0
0
0,000160124
0,000867254
0,001388946
0,001369202
0,001769896
0,001589421
0,000795686
0,000176054
0
0
0
0
0
0
0
0
0
0
0
0
0
0
0
1,00692E-05
0,00029074
0,000967376
0,001544361
0,002109365
0,002457002
0,00204911
0,001264817
0,000551632
0
0
0
0
0
0
0
0
0
0
0
0
0
0
0
1,00692E-05
0,00040532
0,001477899
0,002891395
0,003160161
0,003285748
0,003039725
0,001754266
0,000424647
0
0
0
0
0
0
0
0
0
0
0
0
0
0
0
0
9,09806E-05
0,000460614
0,00091685
0,00113009
0,00145307
0,001458832
0,001248996
0,000464765
0
0
0
0
0
0
0
0
0
0
0
0
0
0
0
0
0,000264929
0,000806454
0,00184112
0,002947249
0,002726495
0,001909362
0,001001098
0,000335655
0
0
0
0
0
0
0
0
0
0
0
0
0
0
0
1,00692E-05
0,000482274
0,001470393
0,002045258
0,002301483
0,001618697
0,001292152
0,001058215
0,000251666
0
0
0
0
0
0
0
0
0
0
0
0
0
0
0
1,00692E-05
0,000392171
0,001767108
0,001964179
0,002344363
0,002459511
0,002235074
0,001529264
0,000502686
0
0
0
0
0
0
0
0
0
0
0
0
0
0
0
1,00692E-05
0,000345217
0,00106733
0,00208889
0,002644338
0,002486027
0,002330744
0,001024144
0,000353747
1,00692E-05
0
0
0
0
0
0
0
0
0
0
0
0
0
0
1,00692E-05
0,000478725
0,001493328
0,002517275
0,002924169
0,003231825
0,002559962
0,001748264
0,000532113
1,00692E-05
0
0
0
0
0
0
0
0
0
0
0
0
0
0
1,07183E-05
0,00058719
0,001866117
0,002793251
0,003247806
0,003092754
0,002641545
0,001615599
0,000565021
0
0
0
0
0
0
0
0
0
0
0
0
0
0
0
1,07183E-05
0,000528983
0,001748176
0,002829953
0,003302268
0,003562899
0,002705261
0,001785996
0,000527896
0
0
0
0
0
0
0
0
0
0
0
0
0
0
0
1,07183E-05
0,000435801
0,001379015
0,001876783
0,002316962
0,002477166
0,001958101
0,000995768
0,000275876
0
0
0
0
0
0
0
0
0
0
0
0
0
0
0
6,49167E-07
0,000204998
0,000816101
0,001791325
0,001955445
0,001807708
0,001567124
0,00099572
0,000312041
6,49167E-07
0
0
0
0
0
0
0
0
0
0
0
0
0
0
0,00001602
0,000483539
0,000870216
0,001353064
0,001691844
0,001602881
0,001239998
0,000670117
0,000251692
0
0
0
0
0
0
0
0
0
0
0
0
0
0
0
0
0,000201935
0,000621706
0,00111124
0,001606214
0,001574209
0,001206959
0,000783469
0,000263145
0
0
0
0
0
0
0
0
