0
0
0
0
0
0
0
0
0
0
0,811
1,733
1,944
1,058
0
0
0
0
0
0
0
0
0
0
0
0
0
0
0
0
0
0
0
0
0
0
0
0
0
0
0
0
0
0
0
0
0
0
0
0
0
0
0
0
0
0
0
0
0
0
0
0,463
0
0
0
0
0
0
0
0
0
0
0
0
0
0
0
0
0
0
0
0,262
1,657
3,09
3,292
2,608
0,966
0
0
0
0
0
0
0
0
0
0
0
0
0
0
0
0
0
0
0
0
0
0
0
0
0
0
0
0
0
0
0
0
0
0
0
0
0
0
0
0
0
0
0
0
0
0
0
0
0
0
0
0
0
0
0
0
0
0
0
0
0
0
0
0
0
0
0
1,764
3,605
4,754
4,106
2,445
0
0
0
0
0
0
0
0
0
0
0
0
0
0
0
0
0
0
1,18
0,726
0
0
0
0
0
0
0
0
0
0
0
0
0
0
0
0
0
0
0
0
0
0
0
0
1,689
1,305
0
0
0
0
0
0
0
0
0
0
0
0
0
0
0
0
0
0
0
0
0
0
0
0
0
0
0
0
0
0
0
0
0
0
0
0
0
0
0
0
0
0
0
0
0
0
0
1,041
0
0
0
0
0
0
0
0
0
0
0
0
0
0
0
0
0
0
0
0
0,234
0,413
0,814
0,675
0
0
0
0
0
0
0
0
0
0
0
0
0
0
0
0
0
0
0
0
0
0
0
0
0
0
0
0
0
0
0
0
0
0
0
0
0
0
0
0
0
0
0
0
0,348
1,558
2,808
3,279
2,773
1,255
0
0
0
0
0
0
0
0
0
0
0
0
0
0
0
0
0
0
0
0
0
0
0
0
0
0
0
0
0
0
0
0
0
0
0
0
0
0
0
0
0
0
0
0
0
0
0
0
0
0
0
0
0
0
0
0
0
0
0
0
0
0
0
0
0
0
0
0
0
0
0
0
0
0
0
0
0
0
0
0
0
0
0
0
0
0
0
0
0
0
0
0
0
0
0
0
0
0
0
0
0
0
0
0
0
0
0
0
0
0
0
0
0
0
0
0
0
0
0
0
0
0
0
0
0
0
0
0
0
0
0
0
0
0
0
0
0
0
0
0
0
0
0
0
0
0
0
0
0
0
0
0
0
0
0
0
0
0
0
0
0
0
0
0
0
0
0
0
0
0
0
0
0
0
0
0
0
0
0
0
0
0
0
0
0
0
0
0
0
0
0
0
0
0
0
0
0
0
0
0
0
0
0
0
0
0
0
0
0
0
0
0
0
0
0
0
0
0
0
0
0
0
0
0
0
0
0
0
0
0
0
0
0
0
0
0
0
0
0
0
0
0
0
0
0
0
0
0
0
0
0
0
0
0
0
0
0
0
0
0
0
0
0
0
0
0
0
0
0
0
0
0
0
0
0
0
0
0
0
0
0
0
0
0
0
0
0
0
0
0
0
0
0
0
0
0
0
0
0
0
0
0
0
0
0
0
0
1,246
2,236
1,035
0
0
0
0
0
0
0
0
0
0
0
0
0
0
0
0
0
0
0
0
0
0
0
0
0
0
0
0
0
0
0
0
0
0
0
0
0
0
0
0
0
0
0
0
0
0
0
0
0
0
0
0
0
0
0
0
0
0
0
0
0
0
0
0
0
0
0
0
0
0
0
0
0
0
0
0
0
0
0
0
0
0
0
0
0
0
0
0
0
0
0
0
0
0
0
0
0
0
0
0
0
0
0
0
0
0
0
0
0
0
0
0
0
0
0
0
0
0
0
0
0
0,746
0
0
0
0
0
0
0
0
0
0
0
0
0
0
0
0
0
0
0
0,176
0,182
0,299
1,122
0
0
0
0
0
0
0
0
0
0
0
0
0
0
0
0
0
0
0
0
0
0,873
1,238
1,036
0,438
0
0
0
0
0
0
0
0
0
0
0
0
0
0
0
0
0
0
0
0
0
0
0
0
0
0
0
0
0
0
0
0
0
0
0
0
0
0
0
0
0
0
0
0
1,537
2,082
1,202
0
0
0
0
0
0
0
0
0
0
0
0
0
0
0
0
0
0
0
0
0
0
0
0
0
0
0
0
0
0
0
0
0
0
0
0
0
0
0
0
0
0
0
0
0
0
0
0
0
0
0
0
0
0
0
0
0
0
0
0
0
0
0
0
0
0
0
0
0
0
0,161
1,438
1,17
0
0
0
0
0
0
0
0
0
0
0
0
0
0
0
0
0
0
0
0
0
0
0
0
0
0
0
0
0
0
0
0
0
0
0
0
0
0
0
0
0
0
0
0
0
0
0
0
0
0
0
0
0
0
0
0
0
0
0
0
0
0
0
0
0
0
0
0
0
0
0
0
0
0
0
0
0
0
0
0
0
0
0
0
0
0
0
0
0
0
0
0
0
0
0
0
0
0
0
0
0
0
0
0
0
0
0
0
0
0
0
0
0
0
0
0
0
0
0
0
0
0
0
0
0
0
0
0
0
0
0
0
0
0
0
0
0
0,247
2,357
5,289
6,872
7,114
6,134
3,952
1,961
0
0
0
0
0
0
0
0
0
0
0
0
0
0
0
0
0
0
0
0
0
0
0
0
0
0
0
0
0
0
0
0
0
0
0
0
0
0
0
0
0,51
1,98
5,357
7,452
3,989
1,978
0
0
0
0
0
0
0
0
0
0
0
0
0
0
0
0
0
0
0,642
2,009
4,69
4,458
3,041
1,585
0
0
0
0
0
0
0
0
0
0
0
0
0
0
0
0
0
0
0
0
0,718
0,251
0,115
0
0
0
0
0
0
0
0
0
0
0
0
0
0
0
0
0
0
0
0
0,165
0,912
1,591
1,588
1,526
2,613
1,599
0
0
0
0
0
0
0
0
0
0
0
0
0
0
0
0
0
1,957
6,784
9,429
8,757
8,757
5,117
2,417
0
0
0
0
0
0
0
0
0
0
0
0
0
0
0
0
0,777
4,093
6,682
7,826
8,025
6,97
4,786
2,279
0
0
0
0
0
0
0
0
0
0
0
0
0
0
0
0
0
0
1,017
1,52
2,11
1,802
0,959
0,324
0
0
0
0
0
0
0
0
0
0
0
0
0
0
0
0
0
0
0,243
1,262
1,72
2,013
2,18
1,376
0
0
0
0
0
0
0
0
0
0
0
0
0
0
0
0
1,114
2,772
6,586
2,997
9,576
8,053
3,159
2,617
0
0
0
0
0
0
0
0
0
0
0
0
0
0
0
0,502
1,532
4,42
1,733
5,291
3,316
8,773
7,714
2,445
0
0
0
0
0
0
0
0
0
0
0
0
0
0
0
0
1,023
3,893
7,116
4,764
7,691
4,518
0
0
0
0
0
0
0
0
0
0
0
0
0
0
0
0
0
0
0
0
1,466
0,492
0,487
0,214
0
0
0
0
0
0
0
0
0
0
0
0
0
0
0
0
0
0
0
0
0
0
0
0
0
0
0
0
0
0
0
0
0
0
0
0
0
0
0
0
0
0
0
0
0
0
0
0
0
0
0
0
0
0
0
0
0
0
0
0
0
0
0
0
0
0
0
0
0
0
0
0
0
0
0
0
0
0
0
0
0
0
0
0
0
0
0
0
0
0
0
0
0
0
0
0
0
0
0
0
0
0
0
0
0
0
0
0
0
0
0
0
0
0
0
0
0
0
0,26
0,193
0
0
0
0
0
0
0
0
0
0
0
0
0
0
0
0
0
0
0
0
0
0
0,04
0,922
0
0
0
0
0
0
0
0
0
0
0
0
0
0
0
0
0
0
0
0
0
0
0
0
0
0
0
0
0
0
0
0
0
0
0
0
0
0
0
0
0
0
0
0
0
0
0
0
0
0
0
0
0
0
0
0
0
0
0
0
0
0
0
0
0
0
0
0
0,44
1,948
2,474
4,341
4,157
2,541
0
0
0
0
0
0
0
0
0
0
0
0
0
0
0
0
0
0
0
0,744
0,216
1,011
0
0
0
0
0
0
0
0
0
0
0
0
0
0
0
0
0
0
0
0
2,219
1,113
0,933
0
0,989
1,274
0
0
0
0
0
0
0
0
0
0
0
0
0
0
0
0
0
0
0
0
0
0
0
0
0
0
0
0
0
0
0
0
0
0
0
0
0
0
0
0,353
1,238
3,396
5,51
2,043
8,979
4,359
1,927
0
0
0
0
0
0
0
0
0
0
0
0
0
0
0
0
0
0,753
1,464
0
0
0
0
0
0
0
0
0
0
0
0
0
0
0
0
0
0
0
0
0
0
0
0,832
1,626
1,919
0,566
0
0
0
0
0
0
0
0
0
0
0
0
0
0
0
0
0
0
0,192
2,184
5,448
7,402
8,275
1,139
0
0
0
0
0
0
0
0
0
0
0
0
0
0
0
0
0
0
0,657
3,067
7,112
9,076
10,107
10,107
8,983
6,778
3,569
1,728
0
0
0
0
0
0
0
0
0
0
0
0
0
0
1,406
2,512
1,866
0,531
0
0
0
0
0
0
0
0
0
0
0
0
0
0
0
0
0
0
0
0
0,7
2,691
5,856
2,915
2,264
2,385
4,877
3,284
3,284
1,741
0
0
0
0
0
0
0
0
0
0
0
0
0
0
0
0
0
0
0
0
0
0
0
0
0
0
0
0
0
0
0
0
0
0
0
0
0
0
0,807
3,378
7,062
8,591
10,497
10,157
8,653
6,729
3,17
1,665
0
0
0
0
0
0
0
0
0
0
0
0
0
0
1,071
2,966
6,48
9,227
4,326
5,721
2,79
1,652
0
0
0
0
0
0
0
0
0
0
0
0
0
0
0
0
0
0
0
0
0
0,677
0
2,348
3,285
1,657
0
0
0
0
0
0
0
0
0
0
0
0
0
0
1,243
3,666
6,957
8,139
11,032
4,484
4,243
1,729
0
0
0
0
0
0
0
0
0
0
0
0
0
0
0
0
0
0
0,407
0,373
0
0
0
0
0
0
0
0
0
0
0
0
0
0
0
0
0
0
0
0
0
0,222
1,122
1,945
9,669
4,719
2,667
2,081
1,387
0
0
0
0
0
0
0
0
0
0
0
0
0
0
0
0,489
0,524
0,906
6,33
3,254
3,255
3,549
3,269
1,404
0
0
0
0
0
0
0
0
0
0
0
0
0
0
0
0
3,567
2,688
2,255
2,255
2,367
1,857
1,257
1,415
0
0
0
0
0
0
0
0
0
0
0
0
0
0
0
0
0
0
0
0
0
0
0
0
0
0
0
0
0
0
0
0
0
0
0
0
0
0
0
0
0
0
0
0
0
0
0
0
0
0
0
0
0
0
0
0
0
0
0
0
0
0
0
0,676
0,868
2,956
4,473
5,55
9,162
3,703
3,913
2,128
0
0
0
0
0
0
0
0
0
0
0
0
0
0
0
0
0
0,694
4,114
5,412
2,289
2,404
2,375
1,248
0,762
0
0
0
0
0
0
0
0
0
0
0
0
0
0
0
0
0
0
0,363
1,319
1,763
0
0
0
0
0
0
0
0
0
0
0
0
0
0
0
0
0
1,166
0,876
0,406
0
2,219
5,786
1,738
1,123
1,54
0,723
0
0
0
0
0
0
0
0
0
0
0
0
0
0
0,548
0,28
0
1,719
3,43
4,819
4,835
4,892
2,585
2,039
0
0
0
0
0
0
0
0
0
0
0
0
0
0
0
0
0
0
0
0
0
0
0
0
0
0
0
0
0
0
0
0
0
0
0
0
0
0
0
3,2
2,252
0
1,334
0,63
0
0
0
0
0
0
0
0
0
0
0
0
0
0
0
0
0
0
0
1,059
0,942
1,722
2,73
1,864
2,507
1,958
0,867
0
0
0
0
0
0
0
0
0
0
0
0
0
0
0
0,371
0,211
0
0,787
1,101
0
0,488
2,528
2,025
0,764
0
0
0
0
0
0
0
0
0
0
0
0
0
0,308
1,701
4,267
3,631
2,875
8,5
5,044
4,639
4,637
0
0
0
0
0
0
0
0
0
0
0
0
0
0
0
0
0
0
1,432
0
0
0
0
0
0
0
0
0
0
0
0
0
0
0
0
0
0
0
0
0
1,066
2,144
6,998
4,811
9,587
3,849
4,389
8,635
3,21
1,879
0
0
0
0
0
0
0
0
0
0
0
0
0
0
0,502
0,793
0,826
1,82
9,206
8,024
1,978
0,73
0
0
0
0
0
0
0
0
0
0
0
0
0
0
0
0,123
1,661
3,015
6,977
6,595
10,176
8,735
7,048
2,678
1,046
0
0
0
0
0
0
0
0
0
0
0
0
0
0
0,518
2,153
6,2
9,05
9,505
8,327
2,662
7,46
5,255
3,032
2,054
0
0
0
0
0
0
0
0
0
0
0
0
0
0
0
0,672
0,982
0
1,446
1,205
1,89
6,48
4,964
2,6
0
0
0
0
0
0
0
0
0
0
0
0
0
0
2,468
1,866
2,463
6,962
2,811
0
2,057
1,705
0
0
0
0
0
0
0
0
0
0
0
0
0
0
0
0,712
2,051
6,215
9
10,899
11,789
11,789
10,913
8,022
3,22
1,444
0
0
0
0
0
0
0
0
0
0
0
0
0
0,299
1,429
4,976
8,025
10,208
11,366
11,572
10,443
8,535
4,934
2,432
0
0
0
0
0
0
0
0
0
0
0
0
0
0
2,353
4,574
7,972
5,574
6,503
4,979
2,091
1,101
0
0
0
0
0
0
0
0
0
0
0
0
0
0
0
0
1,714
2,242
4,29
4,475
5,595
4,039
6,005
2,065
0
0
0
0
0
0
0
0
0
0
0
0
0
0
0
0
0
1,282
1,218
2,452
2,711
2,512
2,384
2,503
2,046
0
0
0
0
0
0
0
0
0
0
0
0
0
0
0
0
1,234
1,649
2,069
2,644
2,199
2,01
4,141
3,524
1,947
0
0
0
0
0
0
0
0
0
0
0
0
0
0
0
0
0
1,494
2,011
2,835
2,489
2,137
1,561
0
0
0
0
0
0
0
0
0
0
0
0
0
0
0
0
0
0
0,678
0,487
1,063
1,901
1,718
2,255
2,042
0
0
0
0
0
0
0
0
0
0
0
0
0
0
0
0
0,741
0,71
1,268
1,708
2,374
2,731
1,968
0
0
0
0
0
0
0
0
0
0
0
0
0
0
0,694
1,703
5,516
8,528
10,217
11,148
10,905
9,76
7,618
4,776
2,493
0
0
0
0
0
0
0
0
0
0
0
0
0
0,934
1,743
5
8,002
9,828
10,611
10,517
9,799
8,182
5,5
2,881
0
0
0
0
0
0
0
0
0
0
0
0
0
0
1,738
5,329
8,889
10,345
7,246
6,881
2,66
1,55
0
0
0
0
0
0
0
0
0
0
0
0
0
0
0
1,11
2,704
6,907
9,495
11,409
12,401
12,62
10,992
8,961
6,215
2,965
0
0
0
0
0
0
0
0
0
0
0
0
0
1,635
2,849
6,943
9,598
11,769
12,336
11,454
11,185
8,978
6,093
3,089
0
0
0
0
0
0
0
0
0
0
0
0
0
1,465
2,703
6,991
5,36
8,056
5,353
8,401
3,14
2,868
1,459
0,748
0
0
0
0
0
0
0
0
0
0
0
0
0
0,942
2,942
4,428
3,093
7,417
11,488
8,42
9,117
8,951
6,027
2,912
1,065
0
0
0
0
0
0
0
0
0
0
0
0
0,55
2,08
4,438
7,633
9,032
8,691
9,762
9,774
8,345
5,651
3,912
1,397
0
0
0
0
0
0
0
0
0
0
0
0
0,187
1,591
5,075
4,322
4,842
6,329
4,191
2,247
2,15
0
0
0
0
0
0
0
0
0
0
0
0
0
0
0
0
0
1,48
1,499
2,012
2,816
2,285
7,43
6,489
4,879
3,264
0
0
0
0
0
0
0
0
0
0
0
0
0
0
1,462
2,255
3,096
4,167
10,7
8,506
4,617
6,918
4,867
2,76
0
0
0
0
0
0
0
0
0
0
0
0
0
0
0
0
0,999
1,672
3,2
2,182
1,108
2,714
1,942
0
0
0
0
0
0
0
0
0
0
0
0
0
0
1,158
2,561
5,031
8,291
8,708
7,138
6,379
4,229
4,702
2,898
2,733
1,755
0
0
0
0
0
0
0
0
0
0
0
0
0,923
0,674
0
0
0
2,133
2,957
3,049
0
1,438
1,969
0
0
0
0
0
0
0
0
0
0
0
0
0
0
1,052
3,518
3,759
7,819
4,357
4,121
2,952
2,395
4,11
2,441
0
0
0
0
0
0
0
0
0
0
0
0
0
0
1,072
1,487
2,814
2,891
3,248
3,559
4,016
7,849
4,044
2,1
0
0
0
0
0
0
0
0
0
0
0
0
0
0,972
1,431
4,162
3,924
3,088
3,088
3,052
3,218
1,876
1,49
1,014
0
0
0
0
0
0
0
0
0
0
0
0
0
1,079
3,098
4,287
7,955
8,347
3,759
4,431
9,555
8,174
5,734
3,638
1,238
0
0
0
0
0
0
0
0
0
0
0
0
0,394
1,637
4,769
8,12
4,95
11,151
11,468
6,459
3,615
2,402
0
0
0
0
0
0
0
0
0
0
0
0
0
0
0
1,539
2,358
7,048
8,815
11
11,014
3,711
2,457
2,435
0
0
0
0
0
0
0
0
0
0
0
0
0
0
0
1,51
0,627
3,415
10,409
8,854
4,699
2,578
2,04
0
2,626
1,309
0
0
0
0
0
0
0
0
0
0
0
0
0,728
1,897
2,432
2,149
1,758
2,288
1,562
0
0,668
0,503
0,503
0
0
0
0
0
0
0
0
0
0
0
0
0
0,424
1,336
3,258
6,152
5,244
6,63
4,823
4,311
3,328
2,442
1,218
0
0
0
0
0
0
0
0
0
0
0
0
0
1,216
2,912
5,696
8,902
10,373
9,585
10,296
7,655
6,981
5,649
4,047
1,756
0
0
0
0
0
0
0
0
0
0
0
0
1,172
2,822
5,451
8,509
10,233
11,286
11,298
9,851
8,102
5,292
3,81
0
0
0
0
0
0
0
0
0
0
0
0
0
0
0
0
0
0
1,285
0
0
0
0
0
0
0
0
0
0
0
0
0
0
0
0
0
0
0
0
1,415
1,026
0,842
1,822
2,282
2,021
1,038
0
0
0
0
0
0
0
0
0
0
0
0
0
0
0
0
0
0
0,699
1,204
1,578
1,316
1,59
2,624
2,243
0
0
0
0
0
0
0
0
0
0
0
0
0
0
0,984
2,12
3,832
5,576
10,211
11,32
5,046
7,667
8,3
5,322
4,134
1,869
0
0
0
0
0
0
0
0
0
0
0
0
0
0
0,689
1,039
0
0,909
1,019
1,054
0,747
0,672
0
0
0
0
0
0
0
0
0
0
0
0
0
0
0
0,813
4,212
7,293
4,023
6,766
5,205
7,135
6,619
4,912
2,693
0
0
0
0
0
0
0
0
0
0
0
0
0
1,383
2,383
3,237
6,481
5,268
11,712
11,5
9,525
4,182
5,103
3,885
1,792
0
0
0
0
0
0
0
0
0
0
0
0
0
0,71
0,757
0
0
0
0
0
0
0
0
0
0
0
0
0
0
0
0
0
0
0
0
0
0,721
2,144
3,312
3,891
6,2
6,67
11,692
10,643
7,087
4,697
2,7
1,002
0
0
0
0
0
0
0
0
0
0
0
0
0,604
0,958
2,178
5,011
10,518
11,253
11,253
10,648
8,652
6,195
4,175
2,008
0
0
0
0
0
0
0
0
0
0
0
0
1,374
2,567
4,862
5,752
7,88
6,015
6,5
4,05
0
0
0
0
0
0
0
0
0
0
0
0
0
0
0
0
0
1,517
2,006
2,583
7,917
9,12
8,669
8,085
7,644
5,366
4,024
0
0
0
0
0
0
0
0
0
0
0
0
0
0
0
0
0
2,092
1,924
4,314
9,8
8,007
5,397
3,971
1,774
0
0
0
0
0
0
0
0
0
0
0
0
1,646
3,144
5,724
8,796
10,436
6,23
5,026
4,528
2,898
2,66
2,732
0
0
0
0
0
0
0
0
0
0
0
0
0
1,843
3,167
6,189
9,146
10,483
4,416
4,329
5,792
7,913
5,254
3,774
1,78
0
0
0
0
0
0
0
0
0
0
0
0
1,618
3,232
6,112
9,109
10,849
11,833
11,182
10,085
7,689
5,56
4,089
2,192
0
0
0
0
0
0
0
0
0
0
0
0
0
0
2,919
4,594
5,151
6,118
4,525
4,206
4,3
2,265
2,639
1,896
0
0
0
0
0
0
0
0
0
0
0
0
1,563
3,163
5,91
8,863
10,516
11,177
11,18
9,952
8,105
5,503
4,009
1,826
0
0
0
0
0
0
0
0
0
0
0
0
1,596
3,026
5,639
8,513
10,385
11,342
11,132
10,16
8,34
6,004
4,29
2,161
0
0
0
0
0
0
0
0
0
0
0
0
1,902
3,462
6,633
9,592
11,371
11,8
11,512
10,352
8,381
5,506
4,151
2,106
0
0
0
0
0
0
0
0
0
0
0
0
1,783
3,335
6,182
9,031
10,526
10,535
10,377
9,762
8,042
5,524
4,102
2,054
0
0
0
0
0
0
0
0
0
0
0
0
2,222
3,608
5,806
4,774
8,01
11,347
9,153
9,633
7,555
5,224
3,86
0
0
0
0
0
0
0
0
0
0
0
0
0
2,273
3,047
5,518
6,592
10,244
10,276
8,612
10,315
6,816
6,073
4,262
2,25
0
0
0
0
0
0
0
0
0
0
0
0
1,118
1,941
4,266
7,912
9,65
11,065
10,777
9,876
8,315
5,643
4,17
1,943
0
0
0
0
0
0
0
0
0
0
0
0,777
1,561
2,196
2,286
5,496
9,792
11,374
8,698
9,809
7,548
4,968
3,696
1,821
0
0
0
0
0
0
0
0
0
0
0
0
1,572
3,252
5,939
8,927
10,524
11,816
11,586
10,465
8,438
5,524
3,891
1,776
0
0
0
0
0
0
0
0
0
0
0
0
1,462
2,052
3,635
7,617
8,773
5,778
6,887
7,262
7,126
5,098
3,706
0
0
0
0
0
0
0
0
0
0
0
0
0
2,409
3,204
6,326
6,855
8,93
3,96
2,879
3,217
5,839
4,331
2,75
1,561
0
0
0
0
0
0
0
0
0
0
0
0
2,186
3,613
6,193
5,442
7,737
2,998
7,41
9,918
8,298
5,288
3,431
0
0
0
0
0
0
0
0
0
0
0
0
0
0
0
0
1,911
2,742
1,984
1,071
1,27
2,491
2,032
1,416
0
0
0
0
0
0
0
0
0
0
0
0
0
0
2,134
3,342
2,746
2,704
4,495
3,861
1,617
1,609
1,43
1,012
0
0
0
0
0
0
0
0
0
0
0
0
0
0
1,194
1,942
3,08
8,067
7,899
9,16
7,115
3,271
0
0
0
0
0
0
0
0
0
0
0
0
0
0
0
1,131
2,216
2,503
3,596
4,281
4,045
3,952
2,199
1,988
1,466
0,991
0,801
0
0
0
0
0
0
0
0
0
0
0
0
0,883
0,927
1,006
2,332
3,4
3,776
2,447
1,585
2,442
0
0
0
0
0
0
0
0
0
0
0
0
0
0
1,371
1,259
2,896
6,023
8,694
9,571
5,69
2,642
2,197
2,913
1,72
0
0
0
0
0
0
0
0
0
0
0
0
0
0
1,781
3,201
4,931
6,826
8,416
4,99
8,307
3,764
4,259
2,331
1,069
0
0
0
0
0
0
0
0
0
0
0
0
0,871
1,317
3,347
4,222
2,692
3,135
4,49
7,437
3,147
1,143
0,855
0
0
0
0
0
0
0
0
0
0
0
0
0
0
0
1,543
1,661
1,931
6,672
7,555
9,955
9,188
7,991
5,357
2,817
0
0
0
0
0
0
0
0
0
0
0
0
0
0
0
1,641
2,007
2,913
5,649
4,189
2,123
0,921
3,742
3,51
1,544
0
0
0
0
0
0
0
0
0
0
0
0
1,84
3,228
5,333
7,965
9,411
7,101
5,296
3,539
5,495
5,05
3,306
1,851
0
0
0
0
0
0
0
0
0
0
0
0
0
0
0
0
1,142
0
0,649
0
0
0
0
0
0
0
0
0
0
0
0
0
0
0
0
0
0
0
0
0
0
0
0
0
1,612
1,013
1,354
1,34
0
0
0
0
0
0
0
0
0
0
0
0
1,129
1,742
3,935
5,577
6,406
7,752
10,22
9,631
8,243
6,207
4,61
2,351
0
0
0
0
0
0
0
0
0
0
0
0
1,91
2,787
3,965
4,373
6,16
7,332
6,949
7,873
4,837
4,078
2,957
1,656
0
0
0
0
0
0
0
0
0
0
0
0
1,193
1,881
3,175
3,881
3,681
10,709
11,252
9,623
4,876
4,243
2,701
0
0
0
0
0
0
0
0
0
0
0
0
0
2,026
3,159
5,834
8,822
10,466
10,987
10,78
9,88
8,136
5,743
4,105
2,044
0
0
0
0
0
0
0
0
0
0
0
0
1,823
3,2
6,142
8,827
10,48
9,378
9,549
8,438
8,438
5,821
4,191
2,169
0
0
0
0
0
0
0
0
0
0
0
0
1,784
3,038
5,879
8,725
10,299
8,253
8,385
5,851
4,727
4,348
3,719
2,011
0
0
0
0
0
0
0
0
0
0
0
0
0
0
0
1,921
1,193
2,744
4,922
6,057
5,432
3,79
2,532
0
0
0
0
0
0
0
0
0
0
0
0
0
0
0
0
2,045
2,504
4,55
2,984
1,861
0
1,619
1,034
0
0
0
0
0
0
0
0
0
0
0
0
0
0
1,052
0,925
1,186
1,186
0
0
1,132
1,997
0
0
0
0
0
0
0
0
0
0
0
0
0
0
0
0
0
0
1,527
2,737
3,51
3,283
0
0
0
0
0
0
0
0
0
0
0
0
0
0
0
0
0
0
1,898
2,503
2,324
0
2,356
0
2,494
3,076
1,818
0,954
0
0
0
0
0
0
0
0
0
0
0
0
0
1,366
1,523
0
1,75
3,542
5,817
4,36
1,839
3,418
4,436
2,428
1,26
0
0
0
0
0
0
0
0
0
0
0
0
1,715
1,836
2,102
2,666
7,96
4,123
4,041
4,396
3,355
3,219
3,561
1,927
0
0
0
0
0
0
0
0
0
0
0
0
1,377
2,64
2,241
2,486
3,247
6,525
5,459
4,279
4,618
3,347
2,114
0
0
0
0
0
0
0
0
0
0
0
0
0
0
2,254
3,145
0
1,943
1,644
3,766
4,328
3,726
4,255
3,503
1,634
0
0
0
0
0
0
0
0
0
0
0
0
0
0
1,904
3,653
3,515
6,047
6,928
6,987
4,63
3,519
2,072
0
0
0
0
0
0
0
0
0
0
0
0
0
0
0
0
1,746
2,505
3,952
4,755
4,947
0
0
0
0
0
0
0
0
0
0
0
0
0
0
0
0
0
2,255
2,249
5,271
5,85
3,79
2,821
5,515
4,065
1,873
1,68
0
0
0
0
0
0
0
0
0
0
0
0
0
0
1,285
2,919
4,807
3,844
3,168
3,33
2,591
1,83
1,645
1,874
0
0
0
0
0
0
0
0
0
0
0
0
0
1,774
2,642
4,701
7,087
7,399
9,629
8,069
4,771
3,869
2,884
1,96
0
0
0
0
0
0
0
0
0
0
0
0
0
0
1,224
0
2,141
8,438
11,128
10,623
9,893
7,834
5,406
4
0
0
0
0
0
0
0
0
0
0
0
0
0
1,881
1,657
3,065
4,092
4,815
10,496
10,683
10,145
8,339
5,686
4,099
1,801
0
0
0
0
0
0
0
0
0
0
0
0
1,486
2,709
5,564
7,178
10,053
10,607
10,17
8,964
8,484
5,653
4,25
2,03
0
0
0
0
0
0
0
0
0
0
0
0
1,156
2,219
4,258
6,435
7,484
9,655
9,673
8,522
6,385
4,862
3,274
0
0
0
0
0
0
0
0
0
0
0
0
0
0
0
1,92
3,7
5,164
8,324
5,374
5,768
7,44
5,402
2,85
0
0
0
0
0
0
0
0
0
0
0
0
0
0
1,729
0
1,241
1,276
0
0
0
0
0
0
0
0
0
0
0
0
0
0
0
0
0
0
0
1,92
1,587
2,639
4,09
7,818
9,058
9,199
8,641
6,969
5,166
3,805
1,911
0
0
0
0
0
0
0
0
0
0
0
0
1,735
2,956
5,379
8,393
9,682
6,385
5,684
9,98
7,989
5,618
4,136
1,899
0
0
0
0
0
0
0
0
0
0
0
0
1,776
2,966
4,007
5,696
5,497
8,288
5,039
4,369
3,501
3,326
1,88
0
0
0
0
0
0
0
0
0
0
0
0
0
1,761
2,872
4,835
5,694
3,508
3,718
3,07
6,775
5,759
0
3,135
1,431
0
0
0
0
0
0
0
0
0
0
0
0
1,354
2,657
4,814
8,579
11,014
7,939
4,756
7,251
5,333
5,411
0
0
0
0
0
0
0
0
0
0
0
0
0
0
0
0
0
0
0
0
2,426
0
0
0
0
0
0
0
0
0
0
0
0
0
0
0
0
0
0
1,145
1,423
3,712
6,812
10,629
9,178
9,76
8,262
5,001
3,909
1,903
0
0
0
0
0
0
0
0
0
0
0
0
0
1,843
2,633
1,808
1,543
6,369
7,995
6,999
4,173
3,547
2,501
0
0
0
0
0
0
0
0
0
0
0
0
0
0
1,661
3,506
5,525
8,179
8,971
9,657
8,868
6,946
5,102
3,452
0
0
0
0
0
0
0
0
0
0
0
0
0
0
0
0
3,129
7,495
7,69
10,84
7,115
7,732
4,537
3,265
1,647
0
0
0
0
0
0
0
0
0
0
0
0
1,563
2,734
4,659
7,392
8,153
9,902
8,467
4,885
6,497
5,008
3,538
0
0
0
0
0
0
0
0
0
0
0
0
0
2,089
2,64
3,835
7,001
6,12
6,989
9,026
6,165
4,904
3,558
2,773
0
0
0
0
0
0
0
0
0
0
0
0
0
0
0
0
0
1,673
1,53
4,306
5,223
4,252
2,723
0
0
0
0
0
0
0
0
0
0
0
0
0
0
0
0
2,28
5,795
6,686
7,43
5,044
4,972
3,353
3,335
1,943
0
0
0
0
0
0
0
0
0
0
0
0
0
0
0
0
0
0
0
0
0
0
0
0
0
0
0
0
0
0
0
0
0
0
0
0
0
1,681
1,905
2,816
2,392
0
0
0
0
0
0
0
0
0
0
0
0
0
0
0
0
0
0
0
0
0
0
1,553
1,838
2,531
4,111
3,44
4,569
4,173
2,157
0
0
0
0
0
0
0
0
0
0
0
0
0
0
0
1,215
0
2,074
2,985
7,488
7,774
8,322
5
3,668
0
0
0
0
0
0
0
0
0
0
0
0
0
0
0
0
0
2,08
1,341
1,807
1,344
0
0
0
0
0
0
0
0
0
0
0
0
0
0
0
0
0
0
0
1,67
2,025
3,746
4,98
4,386
3,925
3,551
0
0
0
0
0
0
0
0
0
0
0
0
0
0
0
1,875
0,98
2,161
1,981
0
2,941
5,035
5,798
4,305
2,619
0
0
0
0
0
0
0
0
0
0
0
0
0
0
1,467
2,575
2,169
1,838
1,473
0
3,101
4,159
3,27
3,047
2,805
0
0
0
0
0
0
0
0
0
0
0
0
0
0
1,62
1,494
3,628
3,493
4,323
9,706
8,471
6,049
5,12
3,418
0
0
0
0
0
0
0
0
0
0
0
0
0
1,313
1,771
3,251
3,389
3,469
3,453
4,182
7,422
6,235
4,426
2,753
0
0
0
0
0
0
0
0
0
0
0
0
0
1,213
1,759
4,038
6,996
9,386
10,631
10,296
9,203
7,327
4,756
3,089
0
0
0
0
0
0
0
0
0
0
0
0
0
0
2,564
3,627
4,3
8,171
6,444
4,835
4,347
4,438
2,546
1,365
0
0
0
0
0
0
0
0
0
0
0
0
0
0
1,751
3,117
5,865
7,754
6,721
5,792
7,416
6,415
3,872
2,045
0
0
0
0
0
0
0
0
0
0
0
0
0
1,168
1,297
3,684
4,315
7,554
6,691
8,196
7,309
6,093
4,538
2,729
0
0
0
0
0
0
0
0
0
0
0
0
0
1,439
2,139
4,62
6,61
7,857
10,844
7,841
6,083
7,466
4,317
2,86
0
0
0
0
0
0
0
0
0
0
0
0
0
1,364
1,85
4,229
7,289
9,169
10
10,005
9,212
7,214
5,061
3,277
0
0
0
0
0
0
0
0
0
0
0
0
0
1,269
1,694
4,17
7,641
8,538
10,341
10,353
9,348
7,484
5,028
3,25
0
0
0
0
0
0
0
0
0
0
0
0
0
1,442
1,935
4,329
7,619
9,528
10,39
10,39
8,855
7,592
4,898
3,057
0
0
0
0
0
0
0
0
0
0
0
0
0
0
2,456
3,585
5,065
7,378
7,378
5,601
2,517
1,739
1,401
0
0
0
0
0
0
0
0
0
0
0
0
0
0
1,318
1,315
2,22
2,66
1,891
2,48
1,813
0
0
0
0
0
0
0
0
0
0
0
0
0
0
0
0
0
1,191
2,13
4,133
6,751
8,984
9,889
3,891
3,133
2,96
1,887
0
0
0
0
0
0
0
0
0
0
0
0
0
0
0
0
1,183
1,95
3,722
4,243
8,442
4,239
4,868
4,102
2,41
0
0
0
0
0
0
0
0
0
0
0
0
0
0
1,803
2,584
1,575
1,082
3,57
4,555
3,328
3,705
3,303
0
0
0
0
0
0
0
0
0
0
0
0
0
0
0
0
0
0
0
0
0
0
0
0
0
0
0
0
0
0
0
0
0
0
0
0
0
0
0
1,524
0,953
2,324
0
2,378
2,093
0
0
1,783
0,994
0
0
0
0
0
0
0
0
0
0
0
0
0
0
1,867
3,161
5,556
7,734
5,183
3,942
2,452
1,224
1,176
0
0
0
0
0
0
0
0
0
0
0
0
0
0
0
2,202
3,419
6,381
8,525
8,719
8,851
3,833
2,068
0
0
0
0
0
0
0
0
0
0
0
0
0
0
0
0
0
0
0
1,36
2,201
3,971
5,858
3,654
3,109
2,007
0
0
0
0
0
0
0
0
0
0
0
0
0
0
1,68
1,441
1,935
2,865
3,784
3,122
3,176
4,588
3,669
1,662
0
0
0
0
0
0
0
0
0
0
0
0
0
0
0
0
0
0
0
0
0
0
0
0
0
0
0
0
0
0
0
0
0
0
0
0
0
0
1,999
2,353
4,476
5,444
7,182
4,368
3,992
2,662
0
0
0
0
0
0
0
0
0
0
0
0
0
0
0
0
1,855
3,163
2,663
3,079
3,835
3,245
2,032
0
1,638
0,916
0
0
0
0
0
0
0
0
0
0
0
0
0
0
0
0
0
0
3,058
4,566
3,346
3,791
3,043
1,56
0
0
0
0
0
0
0
0
0
0
0
0
0
0
1,086
2,983
5,899
6,822
6,797
4,635
5,784
3,865
3,185
1,852
0
0
0
0
0
0
0
0
0
0
0
0
0
0
0
0
2,598
1,427
0
0
0
0
0
0
0
0
0
0
0
0
0
0
0
0
0
0
0
0
1,435
2,689
4,417
3,951
2,884
2,633
1,607
0
0
0
0
0
0
0
0
0
0
0
0
0
0
0
0
0
1,909
2,654
4,611
8,417
7,618
8,974
3,26
0
1,493
0
0
0
0
0
0
0
0
0
0
0
0
0
0
0
1,722
3,193
4,718
6,286
9,553
8,58
7,977
5,451
3,656
0
0
0
0
0
0
0
0
0
0
0
0
0
0
0
1,372
1,34
2,449
3,997
5,161
5,501
5,058
3,564
1,72
0
0
0
0
0
0
0
0
0
0
0
0
0
0
0
0
0
1,122
2,36
3,307
4,655
3,976
3,789
2,518
0
0
0
0
0
0
0
0
0
0
0
0
0
0
0
0
0
1,295
3,079
2,46
1,535
4,17
4,395
0
1,872
0
0
0
0
0
0
0
0
0
0
0
0
0
0
0
0
0
0
0
1,158
1,78
1,619
0,889
0
0
0
0
0
0
0
0
0
0
0
0
0
0
0
1,48
1,082
1,46
3,501
4,603
6,537
4,573
3,659
2,098
0
0
0
0
0
0
0
0
0
0
0
0
0
0
0
0
1,176
2,319
2,85
5,457
3,895
2,103
1,765
1,254
0
0
0
0
0
0
0
0
0
0
0
0
0
0
0
1,341
2,655
4,413
6,773
7,987
7,698
6,167
4,727
2,397
0
0
0
0
0
0
0
0
0
0
0
0
0
0
0
0
1,402
2,99
5,602
7,149
7,035
5,89
3,883
2,126
0
0
0
0
0
0
0
0
0
0
0
0
0
0
0
1,016
2,118
4,119
6,336
7,269
6,589
5,169
4,044
2,602
0
0
0
0
0
0
0
0
0
0
0
0
0
0
0
1,474
2,369
4,308
6,102
7,116
6,596
5,556
4,443
2,637
0
0
0
0
0
0
0
0
0
0
0
0
0
0
0
1,516
2,456
4,51
6,846
7,996
8,117
6,763
4,733
3,013
0
0
0
0
0
0
0
0
0
0
0
0
0
0
0
1,593
1,944
2,712
1,954
1,079
0,873
0
0
0
0
0
0
0
0
0
0
0
0
0
0
0
0
0
0
0,941
2,032
3,624
4,702
6,441
5,419
0
0
0
0
0
0
0
0
0
0
0
0
0
0
0
0
0
0
1,858
1,505
2,397
3,311
2,984
3,05
2,474
1,701
1,031
0
0
0
0
0
0
0
0
0
0
0
0
0
0
0
0,851
1,15
2,319
4,971
6,352
5,71
5,036
3,274
1,439
0
0
0
0
0
0
0
0
0
0
0
0
0
0
0
0
0
0
0
3,434
6,295
7,039
4,42
2,354
0
0
0
0
0
0
0
0
0
0
0
0
0
0
0
1,329
2,988
5,938
8,533
9,112
8,267
5,42
2,998
1,812
0
0
0
0
0
0
0
0
0
0
0
0
0
0
0
1,058
1,679
4,033
4,235
6,901
5,403
3,403
2,153
0
0
0
0
0
0
0
0
0
0
0
0
0
0
0
0
0
1,241
0,958
0
0
1,252
0
1,719
0
0
0
0
0
0
0
0
0
0
0
0
0
0
0
0
0
2,569
5,799
8,397
9,21
8,063
2,201
0,951
0
0
0
0
0
0
0
0
0
0
0
0
0
0
0
0
0
0
0,361
0,215
0
0
0
0
0
0
0
0
0
0
0
0
0
0
0
0
0
0
0
0
0
0
0
1,035
1,669
1,415
0
0
0
0
0
0
0
0
0
0
0
0
0
0
0
0
0
0
0
0
0
1,365
0,969
1,436
3,722
4,095
2,072
0
0
0
0
0
0
0
0
0
0
0
0
0
0
0
0
0
0
0
0
0
0
0
0
0
0
0
0
0
0
0
0
0
0
0
0
0
0
0
0
0
0
0
0,622
0,67
5,499
4,106
1,621
0
0
0
0
0
0
0
0
0
0
0
0
0
0
0
0
0
0
0
0
0,472
0
0
0
0
0
0
0
0
0
0
0
0
0
0
0
0
0
0
0
1,41
5,085
7,188
7,397
6,95
5,529
3,152
1,436
0
0
0
0
0
0
0
0
0
0
0
0
0
0
0
0
1,741
4,584
5,501
4,756
3,982
4,881
2,905
1,45
0
0
0
0
0
0
0
0
0
0
0
0
0
0
0
0,619
0
0
0,74
0,579
0
2,144
3,205
1,819
0
0
0
0
0
0
0
0
0
0
0
0
0
0
0
1,021
2,275
5,758
7,938
8,877
8,074
7,1
2,102
0
0
0
0
0
0
0
0
0
0
0
0
0
0
0
0
0
0
0
1,695
1,779
0
0
0
0
0
0
0
0
0
0
0
0
0
0
0
0
0
0
0
0
1,925
4,439
4,84
4,529
6,771
0
1,662
0
0
0
0
0
0
0
0
0
0
0
0
0
0
0
0
0
0
0
0
1,293
2,019
0
0
0
0
0
0
0
0
0
0
0
0
0
0
0
0
0
0
1,128
2,093
4,023
3,886
3,884
3,271
2,29
0
0
0
0
0
0
0
0
0
0
0
0
0
0
0
0
0
0,89
2,01
5,565
7,717
8,088
7,629
5,83
2,969
0
0
0
0
0
0
0
0
0
0
0
0
0
0
0
0
0
0
0
0
0
0
0
0
0
0
0
0
0
0
0
0
0
0
0
0
0
0
0
0
0
0
0
0
0
0
0
0
0
0
0
0
0
0
0
0
0
0
0
0
0
0
0
0
0
0
0
0
0
0
0
0
0
0
0
0
0
0
0
0
0
0
0
0
0
0
0
0
0
0,595
0,224
0
0
0
1,147
1,32
0
0
0
0
0
0
0
0
0
0
0
0
0
0
0
0
0
0
0
0
0
0
0
0
0
0
0
0
0
0
0
0
0
0
0
0
0
0
0
0
0
0
0
0
0
0
0
0
0
0
0
0
0
0
0
0
0
0
0
0
0
0
0
0
0,12
1,557
4,429
3,162
2,756
5,764
4,242
2,176
0
0
0
0
0
0
0
0
0
0
0
0
0
0
0
0
0
0
0
1,468
2,47
2,717
2,211
1,136
0
0
0
0
0
0
0
0
0
0
0
0
0
0
0
0
0
0
1,376
0
0
0
0
0
0
0
0
0
0
0
0
0
0
0
0
0
0
0
0
0
0
0
0
0
0
0
0
0
0
0
0
0
0
0
0
0
0
0
0
0
0
0
0
0
0
0
1,741
0,882
0
0
0
0
0
0
0
0
0
0
0
0
0
0
0
0
0
0
0
0
0
0
0
0
0
0
0
0
0
0
0
0
0
0
0
0
0
0
0
0
0
0
0
0
0
0
0
0
0
0
0
0
0
0
0
0
0
0
0
0
0
0
0
0
0
0
0
0
0
0
1,009
0,642
0
0
0
0
0
0
0
0
0
0
0
0
0
0
0
0
0
0
0
0
0
0
0
0
0
0
0
0
0
0
0
0
0
0
0
0
0
0
0
0
0
0
0
0
0
0
0,454
0,803
0,833
1,175
0,83
0
0
0
0
0
0
0
0
0
0
0
0
0
0
0
0
0
0
0
0,971
0
0,639
1,691
2,17
0
0
0
0
0
0
0
0
0
0
0
0
0
0
0
0
0
0
1,088
1,616
3,515
5,218
4,895
2,196
1,194
0
0
0
0
0
0
0
0
0
0
0
0
0
0
0
0
0
0,518
1,532
3,153
4,902
4,687
2,512
0
0
0
0
0
0
0
0
0
0
0
0
0
0
0
0
0
0
0
0,778
1,993
2,732
1,054
0
0
0
0
0
0
0
0
0
0
0
0
0
0
0
0
0
0
0
0,862
1,806
3,599
5,104
4,917
3,18
1,922
0
0
0
0
0
0
0
0
0
0
0
0
0
0
0
0
0
0
0
0
0
0
0
0
0
0
0
0
0
0
0
0
0
0
0
0
0
0
0
0
0
0
0
0
0
0
0
0
0
0
0
0
0
0
0
0
0
0
0
0
0
0
0
0
0
0
0
1,581
0
0,838
0
0
0
0
0
0
0
0
0
0
0
0
0
0
0
0
0
0
0
0
0
0
0
0
0
0
0
0
0
0
0
0
0
0
0
0
0
0
0
0
0
0
0
0
0
1,026
1,812
2,931
1,765
0
0
0
0
0
0
0
0
0
0
0
0
0
0
0
0
0
0
0
0
0
0
0
0
0
0
0
0
0
0
0
0
0
0
0
0
0
0
0
0
0
0
0
0,716
0
0
2,234
2,336
0
0
0
0
0
0
0
0
0
0
0
0
0
0
0
0
0
0
0
1,178
2,132
3,428
3,591
2,396
0
0
0
0
0
0
0
0
0
0
0
0
0
0
0
0
0
0
0
0
0
0
0
0
0
0
0
0
0
0
0
0
0
0
0
0
0
0
0
0
0
0
0
0
0
0
0,63
0
0
0
0
0
0
0
0
0
0
0
0
0
0
0
0
0
0
0
0
0
0
0,628
0
0
0
0
0
0
0
0
0
0
0
0
0
0
0
0
0
0
0
0
0
0
0
0
0
0
0
0
0
0
0
0
0
0
0
0
0
0
0
0
0
0
0
0
0
0
0
0
0
0
0
0
0
0
0
0
0
0
0
0
0
0
0
0
0
0
0
0
0
0
0
0
0
0
0
0
0
0
0
0
0
0
0
0
0
0
0
0
0
0
0
0
0
0
0
0
0
0
0
0
0
0
0
0
0
0
0
0
0
0
0
0
0
0
0
0
0
0,763
1,829
2,277
2,029
1,691
0
0
0
0
0
0
0
0
0
0
0
0
0
0
0
0
0
0
0
0
0
1,107
1,304
0,986
0
0
0
0
0
0
0
0
0
0
0
0
0
0
0
0
0
0
0
0
0,328
0,69
1,206
0,719
0
0
0
0
0
0
0
0
0
0
0
0
0
0
0
0
0
0
0
0,488
2,105
2,613
1,386
0
0
0
0
0
0
0
0
0
0
0
0
0
0
0
0
0
0
0
0
0
0
0
0,097
0
0
0
0
0
0
0
0
0
0
0
0
0
0
0
0
0
0
0
0
0
0
0
0
0
0
0
0
0
0
0
0
0
0
0
0
0
0
0
0
0
0
0
0
0,361
1,812
0
0
0
0
0
0
0
0
0
0
0
0
0
0
0
0
0
0
0
0
0
0
0
0
0
0
1,25
0
0
0
0
0
0
0
0
0
0
0
0
0
0
0
0
0
0
0
0,885
0,935
1,792
1,31
0,643
0
0
0
0
0
0
0
0
0
0
0
0
0
0
0
0
0
0
0
0
0
1,161
2,074
1,326
0
0
0
0
0
0
0
0
0
0
0
0
0
0
0
0
0
0
0
0
0
0
0
0
0
0
0
0
0
0
0
0
0
0
0
0
0
0
0
0
0
0
0
0
0
0
0
0
0
0
0
0
0
0
0
0
0
0
0
0
0
0
0
0
0
0
0
0
0
0
0,104
0
0
0
0
0
0
0
0
0
0
0
0
0
0
0
0
0
0
0
0
0,17
1,391
2,341
2,355
1,556
0
0
0
0
0
0
0
0
0
0
0
0
0
0
0
0
0
0
0
0
0
0
0
0
0
0
0
0
0
0
0
0
0
0
0
0
0
0
0
0
0
0
0
0
0
0
0
0
0
0
0
0
0
0
0
0
0
0
0
0
0
0
0
0
0
0
0
0
0
0
0
0
0
0
0
0
0
0
0
0
0
0
0
0
0
0
0
0
0
0
0
0
0
0
0
0
0
0
0
0
0
0
0
0
0
0
0
0
0
0
0
0
0
0
0
0,136
0
0
0
0
0
0
0
0
0
0
0
0
0
0
0
0
0
0
0
0
0
0
0
0,25
1,232
2,248
2,502
2,011
0
0
0
0
0
0
0
0
0
0
0
0
0
0
0
0
0
0
0
0
0
0
0
0
0
0
0
0
0
0
0
0
0
0
0
0
0
0
0
0
0
0
0
0
0,814
0,873
0,786
0
0
0
0
0
0
0
0
0
0
0
0
0
0
0
0
0
0
0
0
0
0,324
0,536
0
0
0
0
0
0
0
0
0
0
0
0
0
0
0
0
0
0
0
0
0
0
0
0
0
0
0
0
0
0
0
0
0
0
0
0
0
0
0
0
0
0
0
0
0
0
0
0
0
0,723
0
0
0
0
0
0
0
0
0
0
0
0
0
0
0
0
0
0
0
0
0,556
1,782
1,775
0,992
0
0
0
0
0
0
0
0
0
0
0
0
0
0
0
0
0
0
0
0,207
1,003
2,005
2,222
1,595
0
0
0
0
0
0
0
0
0
0
0
0
0
0
0
0
0
0
0
0,912
1,662
0,524
0
0
0
0
0
0
0
0
0
0
0
0
0
0
0
0
0
0
0
0
0
0
1,316
2,772
2,932
1,741
0
0
0
0
0
0
0
0
0
0
0
0
0
0
0
0
0
0
0
0,825
1,609
2,263
2,178
0
0
0
0
0
0
0
0
0
0
0
0
0
0
0
0
0
0
0
0
0
0
0
0
0
0
0
0
0
0
0
0
0
0
0
0
0
0
0
0
0
0
0
0
0
0
0
0
0
0
0
0
0
0
0
0
0
0
0
0
0
0
0
0
0
0
0
0
0
0
0
0
0
0
0
0
0
0
0
0
0
0
0
0
0
0
0
0
0
0
0
0
0
0
0
0
0
0
0
0
0
0
0
0
0
0
0
0
0
0
0
0
0
0
0
0
0
0
1,408
2,583
2,106
0,521
0
0
0
0
0
0
0
0
0
0
0
0
0
0
0
0
0
0
0
0,458
0,666
0,815
0,488
0
0
0
0
0
0
0
0
0
0
