0,05862
0,06351
0,06736
0,07293
0,08985
0,11570
0,16948
0,16798
0,17348
0,17342
0,13606
0,15205
0,16522
0,14340
0,15018
0,14412
0,12434
0,14580
0,14537
0,13279
0,13446
0,10895
0,11029
0,09775
0,09517
0,07292
0,07370
0,06875
0,06958
0,05265
0,05527
0,05006
0,04708
0,04945
0,03348
0,04333
0,04800
0,04634
0,05137
0,04555
0,04939
0,04580
0,05326
0,05390
0,05716
0,05975
0,05424
0,05342
0,04444
0,04998
0,06719
0,06668
0,07595
0,07768
0,10092
0,08699
0,08899
0,07206
0,07143
0,04471
0,04742
0,04965
0,05715
0,05541
0,05888
0,05756
0,06331
0,07184
0,12387
0,09760
0,10384
0,08157
0,08449
0,08934
0,05806
0,08467
0,07532
0,07907
0,08030
0,09205
0,09627
0,09782
0,09477
0,08760
0,08616
0,06825
0,05942
0,06859
0,05457
0,05235
0,06103
0,06061
0,05514
0,06534
0,05536
0,04778
0,04487
0,04410
0,04608
0,04269
0,04226
0,04383
0,06494
0,10339
0,07411
0,08019
0,06606
0,07423
0,05918
0,04654
0,04261
0,04277
0,04191
0,03869
0,03813
0,04027
0,03036
0,03378
0,02352
0,02979
0,01850
0,01654
0,01209
0,01118
0,01234
0,01508
0,01793
0,02623
0,03282
0,04454
0,04221
0,03747
0,06370
0,07785
0,06767
0,07017
0,12138
0,10396
0,09970
0,11842
0,12296
0,11406
0,11801
0,11922
0,12505
0,10362
0,12415
0,16504
0,13183
0,12752
0,10134
0,09896
0,10419
0,15394
0,12303
0,11925
0,14258
0,13877
0,14185
0,12636
0,10753
0,12128
0,11147
0,08985
0,10330
0,10443
0,08216
0,10633
0,09339
0,10233
0,11276
0,08781
0,09875
0,08328
0,09476
0,10328
0,10171
0,11096
0,09080
0,09433
0,09424
0,07410
0,06912
0,05651
0,05978
0,04865
0,04465
0,04708
0,05142
0,03616
0,03839
0,03823
0,04264
0,03707
0,04168
0,03956
0,03856
0,03570
0,02660
0,03696
0,03172
0,04473
0,03601
0,03770
0,03168
0,03143
0,04001
0,03410
0,03600
0,03323
0,03494
0,02786
0,03507
0,03727
0,03346
0,02951
0,02330
0,01793
0,01574
0,01351
0,01333
0,01041
0,00867
0,00881
0,00660
0,00860
0,00789
0,00955
0,00746
0,00762
0,00591
0,00509
0,00581
0,00473
0,00410
0,00300
0,00325
0,00318
0,00331
0,00424
0,00430
0,00494
0,00394
0,00290
0,00274
0,00350
0,00511
0,00667
0,01177
0,01841
0,02206
0,02811
0,03649
0,03036
0,02780
0,03528
0,03111
0,02890
0,02908
0,02368
0,02174
0,01962
0,02545
0,02984
0,02921
0,02628
0,02918
0,02624
0,01651
0,01498
0,01513
0,01131
0,00897
0,00700
0,00919
0,01058
0,01425
0,01482
0,01445
0,01040
0,00959
0,00854
0,00782
0,00628
0,00531
0,00554
0,02545
0,02984
0,02921
0,00910
0,00908
0,00661
0,00734
0,00534
0,00375
0,00432
0,00449
0,00380
0,00274
0,00282
0,00297
0,00525
0,00471
0,00634
0,00474
0,00467
0,00450
0,00558
0,00565
0,00611
0,00649
0,00887
0,01238
0,01629
0,02187
0,02009
0,02263
0,01989
0,02027
0,02061
0,01771
0,01392
0,01067
0,00884
0,00995
0,00758
0,01078
0,01214
0,01061
0,01016
0,00913
0,00772
0,00765
0,00603
0,00504
0,00550
0,01329
0,01395
0,01468
0,01785
0,01225
0,01502
0,01349
0,01181
0,01144
0,01392
0,01105
0,01339
0,01058
0,01114
0,01370
0,01683
0,01650
0,01338
0,01366
0,01371
0,01730
0,01761
0,01273
0,00550
0,01858
0,01388
0,01619
0,01767
0,02021
0,00842
0,00928
0,00846
0,01910
0,00817
0,01597
0,01241
0,01166
0,00429
0,01033
0,01227
0,01370
0,01176
0,00984
0,01100
0,01409
0,01545
0,00666
0,00671
0,00728
0,00601
0,00575
0,00611
0,01339
0,00569
0,01238
0,01406
0,00703
0,00937
0,01246
0,01160
0,01277
0,01058
0,01185
0,00997
0,01183
0,01032
0,00803
0,01083
0,01366
0,01396
0,01294
0,01284
0,00974
0,01163
0,01407
0,01614
0,02176
0,01677
0,01793
0,01929
0,01872
0,01635
0,01890
0,01646
0,01558
0,01155
0,01161
0,01055
0,01433
0,01678
0,01999
0,01950
0,02083
0,01939
0,02183
0,01681
0,01566
0,01774
0,01461
0,01682
0,01861
0,01597
0,01475
0,01165
0,01199
0,01191
0,00881
0,00740
0,00651
0,00513
0,00542
0,00406
0,00386
0,00340
0,00583
0,00621
0,00559
0,00553
0,00548
0,00511
0,00539
0,00322
0,00338
0,00325
0,00435
0,00484
0,00536
0,00703
0,00697
0,00538
0,00488
0,00566
0,00423
0,00416
0,00574
0,00562
0,00586
0,00554
0,00519
0,00603
0,00655
0,00644
0,00502
0,00674
0,00754
0,00758
0,01021
0,00976
0,00875
0,00937
0,00911
0,01504
0,01453
0,01369
0,01288
0,01395
0,01458
0,01336
0,01457
0,01261
0,01217
0,01372
0,01554
0,01711
0,01797
0,01947
0,01461
0,01572
0,01555
0,01387
0,01389
0,02029
0,02062
0,01977
0,02151
0,02647
0,02272
0,03106
0,02370
0,03099
0,03292
0,03892
0,04884
0,03837
0,04274
0,04274
0,04765
0,04473
0,04459
0,05334
0,04950
0,04726
0,06293
0,06638
0,05940
0,05032
0,04101
0,04368
0,03325
0,03005
0,02959
0,02877
0,03106
0,03120
0,02712
0,02549
0,02507
0,01837
0,01703
0,01897
0,02221
0,02494
0,02695
0,03503
0,04366
0,05350
0,06250
0,08482
0,07273
0,10562
0,12476
0,10963
0,09570
0,09595
0,08881
0,09011
0,08689
0,09890
0,12086
0,16194
0,15334
0,16238
0,14249
0,11975
0,11008
0,08922
0,09266
0,08148
0,06934
0,07159
0,06460
0,07135
0,09530
0,09797
0,11132
0,09523
0,07893
0,06772
0,07708
0,07600
0,09838
0,08047
0,07846
0,07851
0,06979
0,07184
0,07110
0,06763
0,06570
0,05494
0,05342
0,04234
0,04605
0,04161
0,04175
0,03572
0,02894
0,03277
0,02986
0,03350
0,03780
0,04043
0,04028
0,04049
0,05558
0,05844
0,04747
0,04928
0,06016
0,05490
0,06423
0,04897
0,05035
0,05041
0,04116
0,04896
0,05875
0,05784
0,06165
0,05674
0,05182
0,05261
0,05073
0,04188
0,04380
0,04470
0,03752
0,03264
0,02950
0,03021
0,02202
0,02110
0,01875
0,01800
0,01564
0,01643
0,01578
0,01433
0,01374
0,01121
0,01290
0,01147
0,01200
0,02375
0,01216
0,01074
0,00934
0,00489
0,00759
0,00775
0,00615
0,00533
0,00571
0,00628
0,00823
0,00885
0,00882
0,00817
0,00937
0,01094
0,01160
0,00951
0,01039
0,00770
0,00903
0,00833
0,00762
0,00870
0,00841
0,00769
0,01193
0,00865
0,00591
0,01163
0,00716
0,00521
0,00616
0,00578
0,00573
0,00642
0,01319
0,00928
0,01142
0,00783
0,00820
0,00730
0,00687
0,00733
0,00365
0,00706
0,00810
0,00485
0,00565
0,01158
0,00779
0,00350
0,00869
0,00723
0,00779
0,00761
0,00823
0,00544
0,00966
0,01168
0,01537
0,01358
0,01166
0,01111
0,00933
0,00829
0,00828
0,00804
0,00721
0,00535
0,00733
0,00884
0,00998
0,01174
0,00955
0,00622
0,00591
0,00554
0,00486
0,00463
0,00506
0,00542
0,00460
0,00518
0,00447
0,00591
0,00588
0,01478
0,01139
0,01249
0,01469
0,01538
0,01429
0,01231
0,01388
0,07431
0,06466
0,04232
0,04245
0,04248
0,04052
0,05287
0,06718
0,08254
0,09115
0,10120
0,12365
0,10953
0,09607
0,10899
0,11833
0,13143
0,17443
0,22686
0,24196
0,24245
0,22954
0,20001
0,15548
0,13917
0,13574
0,12104
0,08147
0,07704
0,07397
0,07402
0,06710
0,06478
0,06245
0,06730
0,07328
0,07766
0,09540
0,13866
0,19306
0,28538
0,28214
0,32104
0,31952
0,42525
0,39248
0,42285
0,49675
0,35100
0,35232
0,29987
0,31736
0,31073
0,22217
0,21664
0,24424
0,24367
0,17873
0,13457
0,13854
0,13785
0,11495
0,09886
0,07571
0,05747
0,05652
0,05180
0,04735
0,04097
0,04682
0,03766
0,03629
0,03971
0,05173
0,03753
0,04147
0,04479
0,05238
0,06360
0,09182
0,13522
0,14900
0,19360
0,16459
0,18497
0,21181
0,22838
0,19328
0,30702
0,19426
0,21664
0,17356
0,18562
0,19090
0,17463
0,14858
0,16538
0,11726
0,12964
0,11491
0,10311
0,10718
0,09786
0,08877
0,08553
0,08629
0,08120
0,06955
0,07325
0,07423
0,07991
0,06670
0,08721
0,07988
0,06408
0,07341
0,06890
0,08398
0,07532
0,08623
0,08111
0,07315
0,07608
0,07998
0,07246
0,07041
0,05662
0,05403
0,06206
0,06023
0,06413
0,06038
0,04204
0,04693
0,03928
0,03723
0,04143
0,04406
0,04262
0,04300
0,04598
0,04517
0,05741
0,06626
0,09045
0,08119
0,09948
0,12215
0,13752
0,12561
0,13347
0,14144
0,12395
0,12246
0,14448
0,14259
0,17711
0,16364
0,18902
0,23235
0,19791
0,21742
0,20332
0,18718
0,20189
0,23982
0,28740
0,28906
0,27970
0,30682
0,32806
0,31587
0,29332
0,30027
0,33218
0,27350
0,26219
0,17334
0,29311
0,32555
0,32840
0,31516
0,18902
0,22964
0,25731
0,21434
0,11866
0,11029
0,09454
0,10424
0,15874
0,24686
0,30331
0,34947
0,50544
0,58379
0,47992
0,72112
0,81779
0,64251
0,76600
0,57005
0,53305
0,77551
0,64862
1,00000
0,63268
0,40626
0,53668
0,45260
0,30876
0,26713
0,20449
0,15065
0,16524
0,16163
0,13014
0,10572
0,10004
0,11140
0,13011
0,11612
0,10997
0,11635
0,13257
0,14715
0,19804
0,17886
0,31328
0,30533
0,24375
0,32123
0,33053
0,32285
0,30460
0,23282
0,18271
0,16740
0,14296
0,13369
0,17100
0,11662
0,15655
0,21525
0,22349
0,18135
0,22231
0,24264
0,19734
0,19806
0,16908
0,16481
0,31328
0,21000
0,18221
0,10239
0,13707
0,16327
0,15466
0,11283
0,10572
0,09491
0,09663
0,09758
0,09859
0,11526
0,10014
0,11001
0,11161
0,11595
0,10717
0,09906
0,15112
0,16129
0,16698
0,21723
0,19980
0,35133
0,31172
0,40007
0,33024
0,33259
0,25987
0,22233
0,20298
0,19832
0,17174
0,17577
0,20448
0,24504
0,27723
0,36162
0,29804
0,25780
0,19369
0,22914
0,22974
0,26779
0,27300
0,21977
0,11166
0,19929
0,19147
0,15793
0,13936
0,18071
0,19857
0,19177
0,16502
0,16386
0,14802
0,12887
0,15303
0,12138
0,12073
0,11774
0,13385
0,14626
0,12089
0,11655
0,07788
0,08556
0,07437
0,06764
0,05657
0,04986
0,03679
0,04126
0,03274
0,03668
0,02729
0,03112
0,03709
0,06106
0,06078
0,07526
0,07268
0,07881
0,09468
0,07072
0,07489
0,07146
0,06142
0,06303
0,05686
0,05622
0,05642
0,05129
0,05098
0,04443
0,04501
0,03900
0,03685
0,04363
0,03929
0,04404
0,05124
0,05908
0,07485
0,06079
0,05693
0,05156
0,04388
0,03758
0,04294
0,04402
0,03817
0,03736
0,03724
0,04252
0,04303
0,03610
0,04146
0,04465
0,06802
0,09075
0,11534
0,10677
0,16139
0,12745
0,14076
0,16470
0,11859
0,11664
0,10355
0,08414
0,07467
0,07296
0,07040
0,06009
0,04867
0,04490
0,04589
0,03907
0,04188
0,03976
0,03224
0,03019
0,03035
0,02453
0,02250
0,02196
0,02254
0,02850
0,02637
0,02203
0,01868
0,01695
0,01759
0,01879
0,01762
0,02239
0,02516
0,01796
0,02443
0,03619
0,04843
0,07659
0,06324
0,07755
0,06610
0,09197
0,09632
0,08469
0,08199
0,08606
0,07994
0,06397
0,06596
0,05170
0,04723
0,03050
0,02498
0,02362
0,03077
0,02404
0,02133
0,02569
0,02722
0,02479
0,02791
0,03044
0,03520
0,04391
0,04214
0,03783
0,03462
0,04390
0,04235
0,03534
0,02681
0,02680
0,01633
0,01524
0,01484
0,01613
0,01339
0,01014
0,00896
0,00727
0,01443
0,00584
0,00927
0,00906
0,01434
0,01604
0,01857
0,02109
0,01881
0,02003
0,02030
0,01599
0,01246
0,01107
0,00987
0,00930
0,01093
0,01105
0,01332
0,01197
0,01086
0,00998
0,01177
0,00947
0,00644
0,00504
0,00516
0,00404
0,00387
0,00314
0,00439
0,00693
0,00790
0,00841
0,00938
0,01185
0,01624
0,01694
0,02017
0,02134
0,03085
0,04115
0,04938
0,05934
0,06017
0,05925
0,05846
0,06121
0,05906
0,04753
0,04322
0,03264
0,02457
0,01967
0,02349
0,02469
0,02273
0,02361
0,03983
0,05063
0,04599
0,04094
0,03083
0,03295
0,02976
0,02577
0,03055
0,02770
0,02336
0,02695
0,02195
0,01423
0,01711
0,01251
0,00967
0,00764
0,00832
0,00520
0,00527
0,00600
0,00551
0,01149
0,00574
0,00439
0,00270
0,00302
0,00442
0,01230
0,01550
0,02681
0,02974
0,03553
0,04680
0,06184
0,07925
0,08774
0,10649
0,09715
0,06819
0,06104
0,06277
0,05749
0,03359
0,05332
0,06240
0,06886
0,05332
0,04420
0,05332
0,05968
0,07223
0,06640
0,07470
0,08795
0,09261
0,09785
0,07327
0,10547
0,09569
0,10036
0,08508
0,08263
0,07555
0,06606
0,05203
0,06907
0,05775
0,07257
0,09701
0,11362
0,12017
0,12403
0,12666
0,10035
0,10517
0,13715
0,09981
0,10885
0,10885
0,10591
0,12284
0,10471
0,09272
0,08975
0,06852
0,06402
0,05555
0,07065
0,05729
0,03949
0,05122
0,03663
0,04325
0,04303
0,04463
0,04014
0,03053
0,03474
0,02952
0,03009
0,03102
0,02796
0,03107
0,02797
0,03079
0,03220
0,03410
0,04145
0,04435
0,05047
0,07442
0,08685
0,10025
0,12987
0,05122
0,14552
0,15059
0,13497
0,15034
0,17004
0,16675
0,22670
0,19939
0,19427
0,21375
0,24545
0,22888
0,19642
0,19628
0,16840
0,21401
0,19860
0,17252
0,20013
0,20997
0,22805
0,18481
0,14380
0,13937
0,08521
0,09110
0,08945
0,08045
0,07140
0,12355
0,09464
0,14555
0,14322
0,13597
0,12252
0,13293
0,17156
0,17552
0,23399
0,19608
0,23636
0,21972
0,22329
0,20723
0,18779
0,20458
0,19680
0,22226
0,15275
0,23198
0,22987
0,17275
0,23019
0,18899
0,26116
0,22969
0,16446
0,19831
0,21165
0,18441
0,14597
0,11502
0,08775
0,07560
0,06319
0,07342
0,06102
0,07176
0,06061
0,07112
0,07958
0,07609
0,10625
0,09619
0,09755
0,10949
0,14184
0,16199
0,15189
0,18294
0,18779
0,19648
0,23614
0,22449
0,22706
0,21521
0,17101
0,18703
0,14777
0,12209
0,12593
0,11239
0,14465
0,12717
0,10790
0,09264
0,09661
0,06833
0,06768
0,06687
0,07721
0,07962
0,09538
0,14986
0,19830
0,27432
0,25052
0,34616
0,32825
0,30464
0,30010
0,37210
0,31926
0,30327
0,37322
0,32523
0,38882
0,25381
0,32203
0,34571
0,36719
0,49197
0,54255
0,47014
0,55300
0,48470
0,45970
0,50446
0,38438
0,34876
0,36223
0,40743
0,37643
0,37156
0,29132
0,36221
0,34392
0,22828
0,19905
0,21263
0,18895
0,17524
0,22487
0,26549
0,16824
0,19422
0,14829
0,47014
0,12889
0,15523
0,10828
0,07832
0,10118
0,10389
0,07249
0,13825
0,11581
0,11192
0,14308
0,14078
0,11697
0,10694
0,09048
0,09390
0,09527
0,08124
0,09176
0,09037
0,07186
0,07324
0,06077
0,05281
0,04927
0,03420
0,03781
0,03180
0,04032
0,03864
0,04713
0,07113
0,07895
0,07707
0,08814
0,10605
0,11935
0,16355
0,18658
0,20664
0,25730
0,27789
0,25636
0,35854
0,25855
0,30444
0,24595
0,24716
0,37754
0,27669
0,27992
0,27080
0,30104
0,26340
0,32062
0,25979
0,31048
0,30244
0,25973
0,23895
0,22970
0,22935
0,20774
0,19163
0,17716
0,17151
0,20358
0,21423
0,20566
0,19855
0,25629
0,23858
0,18353
0,18446
0,18289
0,15022
0,12218
0,11858
0,11408
0,14392
0,09906
0,09014
0,08659
0,08736
0,06413
0,05592
0,06618
0,05112
0,08011
0,09494
0,09730
0,13626
0,14805
0,10384
0,12432
0,13100
0,16787
0,06492
0,17375
0,17756
0,15720
0,14707
0,13469
0,13878
0,17279
0,17206
0,20729
0,16918
0,17283
0,18475
0,14774
0,12945
0,12990
0,11003
0,11144
0,12412
0,11928
0,10878
0,11327
0,12861
0,09866
0,07225
0,10849
0,07133
0,06853
0,06397
0,05626
0,05340
0,08144
0,06256
0,07601
0,09020
0,07586
0,08840
0,06772
0,05869
0,05236
0,04114
0,03737
0,12412
0,02383
0,02828
0,02345
0,01800
0,01483
0,01645
0,02054
0,01982
0,02616
0,03875
0,04385
0,05903
0,05116
0,04454
0,05725
0,05553
0,07916
0,08478
0,10511
0,11537
0,10735
0,07938
0,09329
0,09213
0,15778
0,16483
0,14083
0,15680
0,15569
0,11543
0,08697
0,08088
0,09596
0,09324
0,06796
0,05728
0,06319
0,05432
0,04977
0,05637
0,03814
0,04044
0,03675
0,02990
0,02656
0,02740
0,02642
0,02772
0,01832
0,02499
0,02445
0,02590
0,02022
0,01795
0,01685
0,01340
0,01680
0,01235
0,01161
0,00944
0,01383
0,00776
0,00979
0,01276
0,01746
0,00931
0,00784
0,00636
0,00667
0,00620
0,00798
0,00849
0,00963
0,01295
0,01818
0,02655
0,02460
0,02291
0,02630
0,03603
0,02176
0,01915
0,01711
0,01670
0,01391
0,01480
0,01630
0,02285
0,02259
0,02855
0,03359
0,02894
0,02512
0,02427
0,02103
0,02434
0,02989
0,02552
0,03224
0,05212
0,09100
0,15253
0,13798
0,14220
0,19406
0,18061
0,17534
0,16681
0,15569
0,16173
0,17365
0,17547
0,18460
0,19710
0,25464
0,17298
0,10305
0,21754
0,21965
0,16360
0,14738
0,07339
0,09406
0,10402
0,08778
0,05331
0,07733
0,08606
0,10091
0,09793
0,12309
0,12599
0,13502
0,12848
0,13652
0,11625
0,12150
0,12126
0,14289
0,11050
0,14966
0,08414
0,08447
0,06740
0,05584
0,07339
0,09406
0,10402
0,08778
0,05331
0,07733
0,08606
0,10091
0,09793
0,12309
0,12599
0,13502
0,12848
0,13652
0,11625
0,12150
0,12126
0,14289
0,11050
0,14966
0,08414
0,04512
0,03708
0,03629
0,02968
0,02106
0,01936
0,01499
0,01461
0,01777
0,02489
0,02696
0,03045
0,02799
0,02796
0,02456
0,02022
0,01449
0,01551
0,01030
0,12126
0,01775
0,02697
0,04731
0,05753
0,06088
0,06280
0,06611
0,04391
0,05235
0,03810
0,02648
0,03096
0,03204
0,03039
0,03296
0,02683
0,02777
0,02162
0,02145
0,01997
0,01581
0,01185
0,01083
0,12126
0,00911
0,01008
0,01136
0,01305
0,01415
0,01320
0,01153
0,01923
0,01964
0,02046
0,02209
0,00873
0,01166
0,00916
0,01116
0,01319
0,01549
0,01642
0,01430
0,01366
0,02362
0,02518
0,01287
0,12126
0,01099
0,01093
0,01325
0,01441
0,01759
0,01840
0,01983
0,01726
0,01430
0,02556
0,02414
0,02049
0,01881
0,01754
0,01702
0,01867
0,02255
0,02434
0,02286
0,02043
0,01968
0,01664
0,01805
0,12126
0,01648
0,01451
0,01423
0,01774
0,02008
0,02265
0,02258
0,01862
0,01569
0,01540
0,01488
0,01713
0,00996
0,01141
0,01325
0,01449
0,01327
0,01700
0,01617
0,01444
0,02609
0,02195
0,01137
0,12126
0,00972
0,00887
0,00886
0,00904
0,00926
0,01012
0,02586
0,01110
0,01679
0,01540
0,01488
0,01713
0,00996
0,01141
0,01325
0,01449
0,01327
0,01700
0,01617
0,01395
0,01210
0,01234
0,01113
0,01051
0,00972
0,01068
0,01031
0,01011
0,01036
0,01114
0,01265
0,01491
0,01485
0,01164
0,01170
0,01012
0,01083
0,00964
0,00882
0,00851
0,00763
0,00958
0,01617
0,01198
0,01586
0,00697
0,00880
0,01356
0,01228
0,01274
0,01407
0,01573
0,01704
0,02153
0,02212
0,02785
0,03895
0,03558
0,04982
0,05648
0,04230
0,04534
0,03597
0,03130
0,02620
0,02322
0,02387
0,02860
0,03299
0,02603
0,02602
0,02137
0,02322
0,01618
0,01300
0,00870
0,00626
0,00462
0,00362
0,00312
0,00284
0,00668
0,00672
0,00686
0,00283
0,00246
0,00258
0,00358
0,00404
0,00446
0,00374
0,00388
0,00391
0,00436
0,00315
0,00590
0,00507
0,00340
0,00345
0,00698
0,00268
0,00295
0,00626
0,00205
0,00455
0,00531
0,00425
0,00253
0,00370
0,00526
0,00425
0,00363
0,00324
0,00329
0,00304
0,00295
0,00426
0,00558
0,00521
0,00543
0,00775
0,01044
0,01309
0,01454
0,01367
0,01091
0,00626
0,01347
0,01500
0,01228
0,02603
0,01062
0,01475
0,02610
0,02201
0,02252
0,02521
0,02103
0,02019
0,01820
0,02441
0,02408
0,02952
0,02336
0,02418
0,03170
0,03002
0,03013
0,03082
0,02337
0,02213
0,02147
0,02059
0,02038
0,02085
0,02353
0,02259
0,01738
0,01710
0,01623
0,01664
0,01463
0,01147
0,01059
0,00932
0,00808
0,00762
0,00709
0,00726
0,00896
0,00678
0,00684
0,00599
0,00738
0,00623
0,00521
0,00408
0,00297
0,00320
0,00325
0,00369
0,00370
0,00501
0,00372
0,00485
0,00654
0,00459
0,00472
0,00443
0,00449
0,00588
0,00563
0,00636
0,00855
0,00851
0,00769
0,00633
0,00728
0,00642
0,00606
0,01006
0,01145
0,01018
0,00631
0,01079
0,01369
0,01201
0,01224
0,01333
0,01007
0,00909
0,00758
0,00634
0,00515
0,00532
0,00469
0,00483
0,00932
0,00948
0,00778
0,00353
0,00606
0,00667
0,00688
0,00715
0,00797
0,00913
0,00729
0,00946
0,00551
0,00753
0,00791
0,00792
0,00656
0,00730
0,00813
0,00837
0,00745
0,00697
0,00469
0,00955
0,00989
0,01025
0,02246
0,00990
0,00648
0,01265
0,00894
0,01070
0,00879
0,01189
0,01060
0,01126
0,01243
0,01227
0,01293
0,01259
0,01223
0,01352
0,00964
0,01244
0,00900
0,00841
0,00469
0,00932
0,01427
0,01580
0,01484
0,01585
0,01442
0,01196
0,01105
0,00916
0,00975
0,00786
0,00886
0,00806
0,00787
0,01286
0,01198
0,00939
0,00972
0,01098
0,01198
0,00685
0,00732
0,00924
0,00469
0,00935
0,01002
0,01169
0,01415
0,01126
0,00985
0,00827
0,01723
0,01611
0,01525
0,01248
0,01171
0,00662
0,01394
0,00893
0,01055
0,01082
0,01099
0,01759
0,01900
0,01803
0,01902
0,01584
0,00469
0,01472
0,01424
0,01791
0,01877
0,02739
0,02564
0,03396
0,04286
0,04090
0,08240
0,01248
0,06888
0,00662
0,06081
0,05966
0,07957
0,08717
0,08152
0,14239
0,11686
0,10801
0,12503
0,11035
0,00469
0,05869
0,05915
0,05709
0,06138
0,02739
0,05038
0,08777
0,06074
0,06282
0,04184
0,05516
0,03584
0,04125
0,03058
0,04167
0,04639
0,05140
0,05360
0,05848
0,04362
0,04229
0,03554
0,02550
0,02324
0,01389
0,01573
0,01454
0,06138
0,01481
0,01839
0,01977
0,01815
0,02144
0,01839
0,01844
0,01790
0,02029
0,02142
0,01604
0,01359
0,02054
0,02406
0,03058
0,02533
0,02510
0,02492
0,02185
0,02324
0,02456
0,02225
0,01893
0,01664
0,01739
0,02035
0,02515
0,02323
0,02729
0,01948
0,01877
0,01320
0,01142
0,01009
0,00770
0,00725
0,00714
0,00918
0,00942
0,00941
0,00869
0,00762
0,00462
0,02324
0,00408
0,00319
0,00335
0,00310
0,00269
0,00313
0,00314
0,00423
0,00857
0,00732
0,00324
0,00418
0,00576
0,00875
0,00969
0,00969
0,00843
0,00822
0,00696
0,00710
0,00713
0,00533
0,00589
0,02324
0,00349
0,00363
0,00383
0,00303
0,00411
0,00212
0,00243
0,00246
0,00362
0,00577
0,00367
0,00344
0,00342
0,00269
0,00316
0,00278
0,00257
0,00217
0,00201
0,00305
0,00516
0,00508
0,00406
0,02324
0,00242
0,00186
0,00177
0,00262
0,00226
0,00384
0,00223
0,00265
0,00206
0,00273
0,00321
0,00265
0,00309
0,00386
0,00422
0,00950
0,00657
0,00577
0,00497
0,00447
0,00514
0,00529
0,00585
0,02324
0,00378
0,00319
0,00368
0,00469
0,00232
0,00272
0,00410
0,00743
0,00631
0,00594
0,00938
0,01203
0,01136
0,01397
0,01988
0,02246
0,02293
0,02030
0,02015
0,02095
0,02063
0,02449
0,02422
0,02392
0,02210
0,02002
0,01850
0,02306
0,02646
0,01989
0,01526
0,01780
0,01575
0,01208
0,01327
0,00974
0,01350
0,01586
0,02668
0,02786
0,02463
0,01996
0,01875
0,01572
0,01757
0,02009
0,02089
0,01593
0,01949
0,01909
0,01587
0,01500
0,01770
0,01816
0,02311
0,01505
0,01383
0,01789
0,02559
0,02223
0,02804
0,02412
0,02402
0,02770
0,02593
0,02154
0,02268
0,01358
0,02011
0,02024
0,02559
0,01542
0,02751
0,01410
0,02031
0,02322
0,02303
0,02692
0,02542
0,02328
0,02615
0,02073
0,02444
0,02813
0,02898
0,03157
0,02625
0,02620
0,02350
0,02436
0,02268
0,01772
0,01778
0,01689
0,01496
0,01577
0,01294
0,02317
0,02541
0,02014
0,01795
0,01426
0,01299
0,01254
0,01024
0,01261
0,01122
0,00868
0,00982
0,00934
0,01351
0,01353
0,00968
0,00820
0,00612
0,00585
0,00505
0,00467
0,00448
0,00400
0,00553
0,00655
0,00897
0,01234
0,01825
0,02904
0,04608
0,05607
0,06860
0,06535
0,07689
0,07362
0,06352
0,05136
0,04924
0,05497
0,04846
0,04425
0,03333
0,03319
0,02779
0,02700
0,02138
0,01747
0,01759
0,01643
0,01905
0,01990
0,01739
0,01106
0,01042
0,01153
0,01545
0,01680
0,01567
0,01490
0,01280
0,01269
0,01339
0,01291
0,01574
0,01611
0,02243
0,02287
0,02853
0,03379
0,05029
0,05377
0,05284
0,04478
0,05493
0,06538
0,06278
0,05128
0,06256
0,05429
0,05599
0,05282
0,04525
0,04335
0,03690
0,03049
0,03449
0,03499
0,02892
0,03107
0,02548
0,02407
0,02134
0,01912
0,01724
0,01294
0,01330
0,01386
0,02431
0,01458
0,01715
0,01754
0,00815
0,00666
0,01228
0,01084
0,01093
0,01165
0,01193
0,01060
0,00883
0,00685
0,00646
0,00714
0,00752
0,00555
0,00511
0,00597
0,00347
0,00581
0,00814
0,01126
0,01269
0,01346
0,01336
0,01469
0,01284
0,00808
0,00646
0,00559
0,00438
0,00325
0,00264
0,00238
0,00228
0,00334
0,00469
0,00816
0,00946
0,01052
0,01110
0,01021
0,01163
0,01544
0,01514
0,01206
0,01103
0,00950
0,01090
0,01300
0,01197
0,01288
0,01205
0,01033
0,01173
0,01374
0,01245
0,01207
0,01252
0,01195
0,01225
0,01459
0,01888
0,01791
0,01893
0,01812
0,01554
0,01759
0,01824
0,01786
0,01860
0,02072
0,02313
0,02099
0,01793
0,01809
0,01533
0,01459
0,01198
0,01394
0,01216
0,01330
0,01527
0,01240
0,01012
0,00677
0,00506
0,00456
0,00921
0,00605
0,00434
0,00418
0,00328
0,00320
0,00277
0,00275
0,00275
0,00257
0,00288
0,00359
0,00375
0,00483
0,00439
0,00552
0,00227
0,00474
0,01527
0,02679
0,02968
0,04361
0,08941
0,05233
0,00916
0,00756
0,04678
0,06634
0,00868
0,00825
0,00819
0,01005
0,01633
0,01446
0,01251
0,00976
0,00962
0,00942
0,00993
0,00906
0,00716
0,00760
0,01527
0,02679
0,02968
0,04361
0,08941
0,05233
0,00916
0,00756
0,04678
0,06634
0,00588
0,00886
0,00890
0,00894
0,00758
0,00760
0,00956
0,01166
0,01140
0,01152
0,01114
0,00803
0,00872
0,00910
0,01527
0,02679
0,02968
0,04361
0,08941
0,05233
0,00916
0,00756
0,04678
0,01393
0,01011
0,01105
0,01052
0,01083
0,00834
0,00873
0,00897
0,01166
0,01140
0,01152
0,01114
0,00803
0,00872
0,00910
0,01527
0,02679
0,02968
0,04361
0,08941
0,05233
0,00916
0,00756
0,04678
0,00766
0,00740
0,00566
0,00483
0,00518
0,00470
0,00505
0,00411
0,00347
0,00407
0,00374
0,01114
0,00591
0,00872
0,00320
0,01527
0,02679
0,02968
0,04361
0,08941
0,05233
0,00916
0,00756
0,04678
0,00766
0,00740
0,00566
0,00804
0,00518
0,00470
0,00505
0,00741
0,00825
0,01259
0,01253
0,01468
0,01977
0,01987
0,01845
0,01527
0,02679
0,02968
0,04361
0,08941
0,05233
0,00916
0,00756
0,04678
0,01104
0,00946
0,00794
0,00816
0,00790
0,00603
0,00478
0,00301
0,00413
0,00249
0,00258
0,00279
0,00392
0,00416
0,00340
0,01527
0,02679
0,02968
0,04361
0,08941
0,05233
0,00916
0,00756
0,04678
0,01893
0,01518
0,01417
0,00965
0,01010
0,00856
0,00779
0,00657
0,00652
0,00622
0,00739
0,00869
0,00936
0,00923
0,00853
0,11320
0,11888
0,10024
0,10933
0,09498
0,09521
0,09001
0,07094
0,06774
0,06340
0,06369
0,06797
0,06230
0,05335
0,05443
0,03216
0,00657
0,04557
0,04406
0,04249
0,04287
0,04486
0,03732
0,04313
0,03929
0,03911
0,03740
0,03508
0,02755
0,03461
0,03451
0,02490
0,02395
0,02404
0,02308
0,02078
0,01851
0,01680
0,01558
0,01397
0,01373
0,01211
0,01605
0,01424
0,01301
0,00953
0,00804
0,01025
0,00589
0,01346
0,01115
0,00639
0,00560
0,00618
0,00724
0,00953
0,01144
0,00830
0,00660
0,00638
0,00752
0,00804
0,00815
0,00745
0,00651
0,00568
0,00648
0,01256
0,01414
0,02355
0,02512
0,02709
0,02686
0,02950
0,02495
0,01996
0,01880
0,02415
0,02871
0,03095
0,03741
0,01948
0,01979
0,02324
0,02832
0,03054
0,03611
0,03578
0,02956
0,03613
0,03865
0,04242
0,04577
0,04349
0,04458
0,03722
0,03488
0,02939
0,02540
0,02175
0,01862
0,02034
0,02181
0,02552
0,02433
0,02857
0,03319
0,03568
0,04032
0,03387
0,03954
0,02759
0,02541
0,02331
0,02255
0,02148
0,02179
0,02452
0,02311
0,01828
0,01962
0,01798
0,01678
0,01661
0,01398
0,01331
0,00947
0,01073
0,01136
0,01241
0,00997
0,01140
0,01110
0,01173
0,00942
0,00819
0,00907
0,00829
0,00693
0,00958
0,00794
0,00747
0,00807
0,01025
0,00938
0,00747
0,00705
0,00544
0,00724
0,00576
0,00711
0,00602
0,00504
0,00449
0,00520
0,00468
0,00635
0,00660
0,00460
0,00819
0,00907
0,00829
0,00632
0,00698
0,00511
0,00478
0,00687
0,00329
0,00591
0,00572
0,00498
0,00463
0,00414
0,00448
0,00491
0,00683
0,00649
0,00518
0,00733
0,00746
0,00798
0,00887
0,01187
0,00903
0,00836
0,00871
0,01083
0,01152
0,00938
0,00984
0,00924
0,01029
0,01072
0,01454
0,01520
0,01178
0,00934
0,01001
0,01012
0,01153
0,00943
0,01022
0,00950
0,01028
0,00859
0,00912
0,01192
0,01239
0,01023
0,00887
0,00943
0,00954
0,01115
0,01084
0,01275
0,01029
0,01072
0,01454
0,01520
0,01178
0,00934
0,01001
0,01012
0,01153
0,00943
0,01022
0,00950
0,01028
0,00859
0,01981
0,01805
0,01473
0,01023
0,00887
0,00943
0,00954
0,01425
0,01700
0,01909
0,01029
0,02075
0,02754
0,02509
0,02077
0,02050
0,01639
0,01347
0,01121
0,00904
0,00812
0,00868
0,00855
0,00609
0,00469
0,00338
0,00292
0,00419
0,00183
0,00156
0,00209
0,00224
0,00235
0,00245
0,00358
0,00330
0,00292
0,00311
0,00413
0,00453
0,00410
0,00330
0,00365
0,00403
0,00412
0,00538
0,00395
0,00324
0,00546
0,01056
0,03987
0,04061
0,04012
0,03110
0,02588
0,02336
0,02367
0,02008
0,01931
0,01505
0,01461
0,01544
0,02472
0,00453
0,01399
0,01674
0,02165
0,01778
0,01804
0,01637
0,01657
0,01548
0,01706
0,02233
0,02208
0,02104
0,01707
0,01246
0,01128
0,01074
0,01106
0,01212
0,01034
0,00931
0,00984
0,01096
0,01463
0,01945
0,01762
0,01866
0,01690
0,01980
0,01747
0,01833
0,01962
0,01961
0,02600
0,04162
0,02208
0,02104
0,07126
0,07975
0,08415
0,07555
0,05177
0,04526
0,04146
0,03273
0,03026
0,03597
0,03223
0,02830
0,02774
0,03109
0,02657
0,02767
0,02703
0,02401
0,02603
0,02079
0,02031
0,02135
0,02456
0,01866
0,02010
0,01815
0,01724
0,01686
0,02036
0,01958
0,01997
0,02071
0,02293
0,02372
0,02466
0,02629
0,02417
0,02828
0,02326
0,02084
0,02111
0,02310
0,02275
0,01895
0,01816
0,01776
0,01731
0,01738
0,01906
0,01695
0,01569
0,01309
0,01383
0,01183
0,01193
0,01256
0,01480
0,01059
0,01597
0,01095
0,01655
0,01892
0,01284
0,01589
0,01388
0,01435
0,01658
0,01824
0,01896
0,01772
0,01847
0,02012
0,01862
0,02429
0,02372
0,02050
0,01896
0,01840
0,01555
0,01468
0,01269
0,00988
0,00927
0,00852
0,01280
0,01552
0,01523
0,01544
0,01548
0,01218
0,01058
0,00907
0,00676
0,00792
0,00721
0,00897
0,00907
0,01063
0,01173
0,00970
0,00942
0,00739
0,00705
0,00679
0,00600
0,00484
0,00513
0,00477
0,00491
0,00555
0,00776
0,00951
0,01038
0,00828
0,00779
0,00988
0,01281
0,01210
0,01000
0,01039
0,01154
0,00989
0,01027
0,01195
0,00891
0,00876
0,00826
0,00738
0,00714
0,00664
0,00663
0,00582
0,00486
0,00404
0,00504
0,00428
0,00505
0,00438
0,00419
0,00399
0,00415
0,00479
0,00452
0,00407
0,00315
0,00336
0,00344
0,00320
0,00314
0,00288
0,00235
0,00233
0,00302
0,00346
0,00702
0,00841
0,01081
0,01051
0,01272
0,01204
0,01444
0,01448
0,01550
0,01656
0,01372
0,01440
0,01368
0,01063
0,00735
0,00665
0,00778
0,00977
0,00992
0,00980
0,00955
0,01025
0,01326
0,01271
0,01649
0,01776
0,01718
0,01678
0,01309
0,01169
0,01199
0,01189
0,01378
0,01172
0,01017
0,01037
0,01091
0,01044
0,00736
0,00709
0,00584
0,00568
0,00530
0,00420
0,00396
0,00306
0,00230
0,00177
0,00153
0,00134
0,00133
0,00153
0,00174
0,00172
0,00394
0,00701
0,00683
0,00503
0,00367
0,00374
0,00343
0,00374
0,00416
0,00451
0,00466
0,00493
0,00502
0,00458
0,00505
0,00532
0,00539
0,00573
0,00521
0,00493
0,00520
0,00633
0,00735
0,00939
0,00976
0,00980
0,01090
0,01314
0,01373
0,00374
0,00343
0,00374
0,00416
0,01569
0,01214
0,01674
0,01617
0,01506
0,00505
0,03109
0,04732
0,04636
0,05088
0,05605
0,06998
0,06866
0,06129
0,05524
0,03993
0,04242
0,03635
0,04050
0,03577
0,03562
0,00343
0,00374
0,04121
0,01569
0,01214
0,01674
0,05061
0,04910
0,04024
0,04537
0,04328
0,03957
0,03690
0,04142
0,03529
0,03865
0,03336
0,02831
0,02759
0,02530
0,02103
0,01805
0,02151
0,01925
0,02027
0,02039
0,01971
0,01738
0,01357
0,01443
0,01543
0,02252
0,03034
0,03215
0,02352
0,02105
0,01152
0,00846
0,00661
0,00665
0,00754
0,00930
0,00563
0,00820
0,01141
0,00702
0,00699
0,00875
0,01196
0,01390
0,01075
0,01068
0,00967
0,00784
0,00903
0,00916
0,00986
0,00757
0,00837
0,00912
0,00806
0,00604
0,00590
0,00566
0,00531
0,00513
0,00434
0,00362
0,00573
0,00440
0,00394
0,00419
0,00418
0,00495
0,00466
0,00418
0,00349
0,00261
0,00223
0,00254
0,00279
0,00285
0,00307
0,00256
0,00194
0,00162
0,00200
0,00207
0,00160
0,00153
0,00138
0,00120
0,00141
0,00160
0,00207
0,00355
0,00308
0,00351
0,00360
0,00312
0,00354
0,00514
0,00676
0,00907
0,01968
0,02384
0,02446
0,02007
0,02038
0,02372
0,02121
0,02255
0,02092
0,02059
0,01817
0,01946
0,01897
0,02291
0,02059
0,01863
0,01816
0,01885
0,02075
0,01675
0,01683
0,01566
0,01535
0,01716
0,01740
0,01846
0,01938
0,01783
0,01837
0,02159
0,02530
0,02456
0,02070
0,02328
0,02880
0,02596
0,03104
0,03008
0,02777
0,02209
0,02324
0,01885
0,02075
0,01675
0,02366
0,02591
0,02586
0,02419
0,02388
0,02830
0,03540
0,02546
0,03075
0,02596
0,02684
0,02740
0,02765
0,02695
0,02379
0,02740
0,02390
0,02225
0,02141
0,01931
0,01867
0,01905
0,02180
0,01784
0,01828
0,01694
0,01564
0,01312
0,01236
0,01146
0,01182
0,01227
0,00949
0,00752
0,00676
0,00517
0,00603
0,00688
0,00704
0,00610
0,00526
0,00384
0,00485
0,00401
0,00395
0,00274
0,00234
0,00292
0,00244
0,00273
0,00220
0,00167
0,00094
0,00077
0,00093
0,00098
0,00303
0,00643
0,00926
0,00904
0,01280
0,01493
0,01365
0,01628
0,01770
0,02117
0,02001
0,01974
0,01963
0,01791
0,01875
0,01439
0,01468
0,01577
0,01468
0,01425
0,01768
0,01763
0,01537
0,01820
0,01926
0,02073
0,01814
0,01236
0,01127
0,01100
0,00802
0,00578
0,00422
0,00309
0,00360
0,00252
0,00196
0,00163
0,00149
0,00124
0,00307
0,00139
0,00115
0,00134
0,00092
0,00069
0,00075
0,00080
0,00143
0,00186
0,00142
0,00348
0,01117
0,01308
0,01576
0,01728
0,01618
0,01573
0,01443
0,01275
0,01058
0,01112
0,01087
0,01344
0,01778
0,02402
0,03102
0,03297
0,03019
0,02599
0,02767
0,02751
0,02747
0,02825
0,02909
0,02315
0,01962
0,02155
0,02069
0,01909
0,01603
0,01444
0,00950
0,00765
0,00869
0,01356
0,01873
0,03060
0,03408
0,03378
0,03220
0,02666
0,02598
0,02381
0,02174
0,02140
0,02595
0,02558
0,02810
0,02228
0,01969
0,01549
0,01376
0,01576
0,01571
0,01287
0,01139
0,01273
0,01455
0,01912
0,01873
0,02654
0,02728
0,02879
0,02614
0,02671
0,02001
0,01524
0,01353
0,01117
0,01102
0,00976
0,00935
0,00983
0,00944
0,01088
0,01146
0,01082
0,00917
0,00705
0,00424
0,00257
0,00193
0,00159
0,00193
0,00195
0,00241
0,00335
0,00424
0,00456
0,00503
0,00754
0,00803
0,00912
0,00651
0,00492
0,00488
0,00451
0,00425
0,00508
0,00550
0,00524
0,00917
0,00558
0,00508
0,00433
0,00331
0,00298
0,00281
0,00297
0,00418
0,00470
0,00466
0,00383
0,00260
0,00219
0,00146
0,00105
0,00213
0,00180
0,00160
0,00094
0,00089
0,00112
0,00188
0,00286
0,00349
0,00428
0,00272
0,00203
0,00181
0,00180
0,00158
0,00188
0,00253
0,00624
0,00841
0,00943
0,00979
0,01093
0,01575
0,01826
0,01935
0,01626
0,01535
0,01807
0,01839
0,01677
0,01583
0,02049
0,02309
0,02246
0,02242
0,02121
0,01858
0,01616
0,01480
0,01342
0,01396
0,01429
0,01906
0,01984
0,01670
0,01681
0,01881
0,01803
0,01672
0,01717
0,01457
0,01390
0,01211
0,01259
0,01552
0,01451
0,01708
0,01685
0,02069
0,02508
0,02605
0,02758
0,01650
0,01561
0,01286
0,01885
0,01977
0,01921
0,01640
0,01530
0,01092
0,01019
0,01015
0,00940
0,00906
0,00672
0,00691
0,00585
0,00586
0,00627
0,00882
0,00882
0,00795
0,00891
0,01357
0,01218
0,01621
0,02267
0,03488
0,03084
0,03903
0,04550
0,04867
0,04841
0,05186
0,04747
0,05301
0,05496
0,06129
0,05447
0,05844
0,05553
0,04753
0,04787
0,00882
0,00882
0,00795
0,00891
0,01357
0,01218
0,02280
0,01790
0,01712
0,01355
0,01337
0,01210
0,01219
0,01222
0,01117
0,00880
0,00883
0,01069
0,01120
0,00981
0,01037
0,01463
0,01550
0,01716
0,02009
0,01724
0,01446
0,01417
0,01168
0,01065
0,01349
0,01586
0,01941
0,03095
0,03798
0,05169
0,05276
0,04868
0,05185
0,04038
0,03823
0,03395
0,03639
0,03398
0,03101
0,02747
0,02507
0,02042
0,02093
0,01876
0,01936
0,01669
0,01611
0,01431
0,01672
0,01757
0,01456
0,01181
0,01220
0,01037
0,01061
0,01100
0,00982
0,01082
0,01237
0,01296
0,01125
0,01253
0,01409
0,01195
0,01081
0,01031
0,01007
0,01087
0,00966
0,01087
0,00840
0,00895
0,00941
0,00950
0,00907
0,00970
0,00798
0,00724
0,00601
0,00612
0,00549
0,00533
0,00528
0,00557
0,00570
0,00611
0,00577
0,00514
0,00542
0,00474
0,00313
0,01417
0,01594
0,01626
0,02001
0,02682
0,02122
0,02353
0,02364
0,02041
0,02297
0,02440
0,02236
0,03237
0,03739
0,02759
0,03217
0,03331
0,02986
0,03293
0,02429
0,02764
0,02791
0,02270
0,01873
0,02154
0,02138
0,02533
0,01901
0,02265
0,01931
0,02195
0,01596
0,01330
0,01024
0,01217
0,01194
0,01215
0,01079
0,01159
0,00716
0,00762
0,00603
0,00608
0,00726
0,00691
0,00867
0,01104
0,01432
0,01714
0,01708
0,02162
0,02347
0,02138
0,02748
0,03027
0,03031
0,02945
0,02865
0,02534
0,02467
0,02875
0,02562
0,02747
0,02773
0,02105
0,02162
0,02023
0,02015
0,01710
0,01428
0,01511
0,01574
0,01297
0,01619
0,01948
0,01974
0,01465
0,01694
0,01812
0,01905
0,02159
0,02852
0,03667
0,04223
0,05065
0,05511
0,04156
0,04809
0,04713
0,05686
0,05220
0,05987
0,04901
0,03678
0,04284
0,02780
0,02380
0,02804
0,03554
0,03915
0,04038
0,04312
0,03812
0,03349
0,02981
0,02775
0,02984
0,02375
0,02307
0,03159
0,02750
0,02622
0,02490
0,02891
0,02272
0,02117
0,02522
0,02054
0,02033
0,01977
0,01677
0,01483
0,01848
0,01538
0,01752
0,02085
0,02371
0,01766
0,01921
0,01790
0,01622
0,01601
0,01235
0,01219
0,01412
0,01308
0,01412
0,01402
0,01625
0,01533
0,01130
0,01478
0,01417
0,01316
0,01203
0,00894
0,00963
0,00878
0,00887
0,01003
0,00940
0,00895
0,00833
0,00811
0,00840
0,00781
0,00776
0,00596
0,00646
0,00663
0,00469
0,00506
0,00492
0,00708
0,00690
0,00684
0,00782
0,00763
0,00706
0,00628
0,00561
0,00597
0,00688
0,00625
0,00773
0,00888
0,00839
0,00661
0,00782
0,00641
0,00639
0,00448
0,00532
0,00471
0,00443
0,00327
0,00371
0,00381
0,00544
0,00428
0,00488
0,00435
0,00359
0,00383
0,00398
0,00287
0,00253
0,00297
0,00266
0,00291
0,00243
0,00244
0,00210
0,00176
0,00220
0,00250
0,00222
0,00182
0,00168
0,00173
0,00134
0,00107
0,00164
0,00136
0,00178
0,00210
0,00291
0,00309
0,00320
0,00300
0,00276
0,00286
0,00338
0,00286
0,00448
0,00396
0,00463
0,00430
0,00406
0,00371
0,00297
0,00177
0,00156
0,00128
0,00145
0,00132
0,00280
0,00345
0,00688
0,00503
0,00646
0,00579
0,00572
0,00480
0,00517
0,00592
0,00618
0,00609
0,00722
0,00784
0,00730
0,00837
0,00641
0,00662
0,00689
0,00964
0,01021
0,00756
0,00761
0,00665
0,01007
0,01143
0,01189
0,00767
0,00778
0,00605
0,00661
0,00767
0,00949
0,01019
0,00919
0,00926
0,00867
0,01105
0,01011
0,00837
0,00675
0,00736
0,00767
0,00682
0,00640
0,00793
0,00642
0,00820
0,00950
0,00957
0,01189
0,01615
0,00985
0,00924
0,00860
0,00995
0,00770
0,01177
0,01181
0,01198
0,01208
0,01197
0,01288
0,01421
0,01208
0,01095
0,00864
0,00854
0,01106
0,01176
0,00998
0,00792
0,01059
0,01187
0,01342
0,01615
0,01410
0,01884
0,01974
0,02049
0,02003
0,02037
0,02478
0,02289
0,02681
0,03127
0,03349
0,03852
0,03739
0,03856
0,00864
0,02061
0,03999
0,03441
0,02606
0,03109
0,02930
0,02391
0,02773
0,03051
0,02777
0,02167
0,02042
0,02292
0,02144
0,01706
0,01693
0,01406
0,00969
0,03127
0,00696
0,00871
0,00756
0,00780
0,00753
0,00722
0,00517
0,00507
0,00502
0,00463
0,00374
0,00329
0,00251
0,00231
0,00195
0,00210
0,00238
0,00241
0,00198
0,00159
0,00193
0,00180
0,00168
0,00173
0,00155
0,00120
0,00108
0,00109
0,00103
0,00108
0,00081
0,00063
0,00057
0,00071
0,00126
0,00164
0,00227
0,00290
0,00307
0,00338
0,00321
0,00350
0,00198
0,00191
0,00186
0,00221
0,00197
0,00182
0,00148
0,00100
0,00105
0,00074
0,00071
0,00083
0,00141
0,00194
0,00192
0,00225
0,00234
0,00188
0,00233
0,00283
0,00226
0,00189
0,00122
0,00123
0,00110
0,00076
0,00049
0,00073
0,00061
0,00057
0,00066
0,00081
0,00080
0,00072
0,00035
0,00074
0,00080
0,00089
0,00067
0,00155
0,00063
0,00072
0,00087
0,00089
0,00094
0,00071
0,00067
0,00064
0,00064
0,00135
0,00112
0,00081
0,00092
0,00043
0,00054
0,00078
0,00084
0,00100
0,00105
0,00081
0,00108
0,00156
0,00188
0,00208
0,00267
0,00401
0,00423
0,00528
0,00441
0,00437
0,00338
0,00244
0,00229
0,00227
0,00292
0,00273
0,00346
0,00473
0,00347
0,00254
0,00174
0,00230
0,00261
0,00265
0,00243
0,00185
0,00132
0,00105
0,00122
0,00147
0,00126
0,00145
0,00176
0,00143
0,00165
0,00203
0,00297
0,00489
0,00465
0,00503
0,00672
0,00787
0,00782
0,00855
0,01071
0,01000
0,01126
0,01178
0,01557
0,01597
0,01563
0,01746
0,02155
0,02218
0,03596
0,03264
0,03130
0,02510
0,02272
0,02613
0,02689
0,02935
0,02753
0,02438
0,02410
0,01587
0,01764
0,01743
0,01735
0,01479
0,01305
0,01482
0,01454
0,01985
0,01978
0,02338
0,02086
0,02110
0,02209
0,02353
0,02337
0,02750
0,02537
0,01798
0,02235
0,02374
0,02751
0,02784
0,03331
0,03044
0,02620
0,02275
0,02148
0,02385
0,02631
0,02846
0,02558
0,01985
0,01978
0,02338
0,07195
0,07144
0,07689
0,08342
0,07772
0,07691
0,07051
0,08935
0,11557
0,10159
0,13248
0,14852
0,14357
0,17546
0,23485
0,22461
0,28286
0,21262
0,14592
0,12591
0,11957
0,14507
0,19178
0,23126
0,29977
0,29701
0,24596
0,23899
0,22197
0,25336
0,19354
0,15681
0,17920
0,17512
0,18238
0,19042
0,20764
0,16059
0,16117
0,13703
0,12962
0,12179
0,08888
0,07874
0,07512
0,06884
0,08232
0,08855
0,06997
0,07215
0,08118
0,08512
0,10197
0,25336
0,19354
0,15681
0,17920
0,17512
0,18238
0,19042
0,20764
0,16059
0,16117
0,13703
0,12962
0,12179
0,08888
0,07874
0,07512
0,06884
0,08232
0,01428
0,01868
0,02090
0,01558
0,01732
0,01617
0,01544
0,01232
0,01061
0,01104
0,01015
0,01067
0,00858
0,01087
0,01051
0,00687
0,00816
0,00610
0,00791
0,00611
0,00753
0,00494
0,00763
0,00620
0,00906
0,00894
0,00940
0,01444
0,01732
0,01738
0,01674
0,01721
0,01856
0,01723
0,01730
0,01908
0,02072
0,02117
0,02586
0,02507
0,02786
0,02334
0,01951
0,01830
0,01631
0,01488
0,01295
0,01117
0,01107
0,00999
0,00871
0,00795
0,00844
0,00724
0,00524
0,00506
0,00546
0,00614
0,00736
0,00641
0,00598
0,00505
0,00586
0,00694
0,00746
0,00836
0,00734
0,00844
0,00727
0,00613
0,00678
0,00469
0,00395
0,00378
0,00327
0,00349
0,00345
0,00475
0,00581
0,00591
0,00583
0,00646
0,00805
0,00783
0,00732
0,00568
0,00674
0,00766
0,00634
0,00936
0,00873
0,00838
0,00762
0,00727
0,00913
0,00814
0,00645
0,00464
0,00501
0,00366
0,00492
0,00753
0,00830
0,00871
0,00856
0,00782
0,00984
0,01119
0,01223
0,01756
0,01591
0,01863
0,01491
0,01174
0,00776
0,00750
0,00505
0,00491
0,00672
0,00606
0,00570
0,00580
0,00760
0,00680
0,00701
0,00708
0,00862
0,00838
0,00727
0,00537
0,00580
0,00775
0,00591
0,00658
0,00598
0,00484
0,00670
0,00438
0,00842
0,00422
0,00877
0,00793
0,00385
0,00685
0,00917
0,00744
0,00739
0,00772
0,00613
0,00794
0,00587
0,00725
0,00848
0,00854
0,00483
0,00557
0,00529
0,00672
0,00760
0,00802
0,00777
0,00972
0,01223
0,01351
0,01591
0,01607
0,01627
0,01326
0,01255
0,01146
0,00739
0,01118
0,00928
0,00979
0,00906
0,00844
0,01132
0,01169
0,01025
0,00969
0,01246
0,01562
0,01484
0,01700
0,02445
0,02483
0,02666
0,02725
0,03532
0,03773
0,03461
0,03381
0,03588
0,03418
0,03039
0,03268
0,02796
0,02407
0,02245
0,02346
0,02149
0,02138
0,01768
0,01849
0,01846
0,01596
0,01697
0,01698
0,01329
0,01733
0,01546
0,01388
0,01609
0,01576
0,01380
0,01353
0,01013
0,00860
0,00863
0,00663
0,00658
0,00658
0,00632
0,00496
0,00486
0,00425
0,00567
0,00511
0,00406
0,01596
0,01697
0,00271
0,00258
0,00211
0,00213
0,00185
0,00154
0,00142
0,00159
0,00170
0,00340
0,00146
0,00253
0,00211
0,00173
0,00186
0,00216
0,00102
0,00110
0,00082
0,00130
0,00215
0,00293
0,00119
0,00143
0,00113
0,00078
0,00105
0,00128
0,00054
0,00060
0,00109
0,00078
0,00067
0,00101
0,00127
0,00108
0,00080
0,00070
0,00072
0,00081
0,00093
0,00110
0,00060
0,00069
0,00066
0,00053
0,00063
0,00090
0,00120
0,00150
0,00242
0,00378
0,00450
0,00302
0,00375
0,00257
0,00227
0,00225
0,00216
0,00204
0,00152
0,00139
0,00124
0,00130
0,00113
0,00179
0,00133
0,00103
0,00101
0,00102
0,00130
0,00245
0,00226
0,00201
0,00120
0,00203
0,00134
0,00093
0,00083
0,00092
0,00089
0,00073
0,00091
0,00125
0,00078
0,00119
0,00120
0,00148
0,00158
0,00116
0,00114
0,00114
0,00122
0,00121
0,00093
0,00082
0,00071
0,00069
0,00122
0,00091
0,00083
0,00094
0,00125
0,00117
0,00104
0,00098
0,00120
0,00117
0,00173
0,00159
0,00084
0,00082
0,00104
0,00087
0,00171
0,00163
0,00180
0,00180
0,00390
0,00444
0,00491
0,00556
0,00582
0,00571
0,00589
0,00666
0,00617
0,00449
0,00343
0,00342
0,00346
0,00331
0,00337
0,00716
0,00468
0,00395
0,00514
0,00667
0,00171
0,00163
0,00617
0,00653
0,00810
0,01598
0,01778
0,00556
0,00582
0,00571
0,00589
0,00666
0,02263
0,00449
0,00343
0,01428
0,01490
0,00331
0,00337
0,00716
0,01399
0,02241
0,00514
0,00667
0,00171
0,00163
0,00617
0,00653
0,00810
0,01598
0,01778
0,00556
0,00582
0,00571
0,00589
0,00666
0,03065
0,00449
0,00343
0,01428
0,01490
0,00331
0,00337
0,02338
0,02601
0,02465
0,02100
0,01993
0,01843
0,01675
0,01436
0,00653
0,00810
0,01598
0,01778
0,00556
0,00582
0,00571
0,00589
0,00666
0,03065
0,00449
0,00343
0,01428
0,01490
0,00331
0,00337
0,02338
0,02601
0,02465
0,02100
0,01993
0,01843
0,01675
0,01436
0,00653
0,02662
0,01969
0,02358
0,01457
0,01427
0,01488
0,01521
0,01605
0,01629
0,01421
0,01464
0,01268
0,01427
0,00981
0,01135
0,01271
0,01012
0,01449
0,01378
0,01993
0,01200
0,01037
0,00793
0,00828
0,00896
0,00857
0,00782
0,00589
0,00686
0,00999
0,01473
0,01589
0,01641
0,02019
0,02127
0,02717
0,02508
0,03007
0,02702
0,03070
0,03108
0,03261
0,02292
0,01580
0,01522
0,01563
0,01444
0,01386
0,01563
0,01939
0,03397
0,05606
0,05184
0,06103
0,07082
0,11315
0,10539
0,07612
0,05329
0,04773
0,04017
0,03109
0,02805
0,02198
0,02367
0,02124
0,02775
0,02508
0,02863
0,02326
0,02335
0,01799
0,02305
0,02494
0,02516
0,02266
0,01733
0,01973
0,01851
0,02299
0,02135
0,02296
0,01616
0,01857
0,01812
0,01610
0,01545
0,01547
0,01276
0,01498
0,01353
0,01264
0,01370
0,01312
0,01135
0,00944
0,01253
0,02017
0,01906
0,01616
0,01680
0,01725
0,01724
0,02039
0,02192
0,02341
0,02418
0,03281
0,03296
0,03449
0,03319
0,02995
0,02539
0,02154
0,02288
0,02562
0,03135
0,02945
0,02537
0,01814
0,01953
0,02227
0,02342
0,01605
0,01592
0,01412
0,01298
0,01179
0,00906
0,01060
0,01210
0,01101
0,00862
0,00969
0,00764
0,00782
0,00897
0,00687
0,00596
0,00741
0,00801
0,00915
0,00769
0,00831
0,00554
0,00523
0,00580
0,00395
0,00461
0,00449
0,00463
0,00704
0,00767
0,01461
0,01767
0,02165
0,02998
0,03163
0,04345
0,05037
0,03931
0,03128
0,03062
0,02411
0,04276
0,05726
0,06083
0,08416
0,11851
0,12392
0,13860
0,19730
0,21617
0,15717
0,15556
0,14798
0,20503
0,23999
0,21855
0,21399
0,17851
0,19094
0,17501
0,18357
0,19054
0,19842
0,15996
0,13937
0,11492
0,11226
0,09831
0,08775
0,05951
0,07903
0,07216
0,06215
0,04775
0,05161
0,04264
0,03626
0,04162
0,03898
0,04468
0,03390
0,03309
0,02739
0,03284
0,02403
0,02077
0,02331
0,01771
0,01918
0,01684
0,02481
0,02409
0,02331
0,02179
0,02848
0,03022
0,02621
0,02959
0,02767
0,03014
0,02363
0,02413
0,03567
0,04724
0,03968
0,04021
0,04482
0,03059
0,03619
0,02875
0,02598
0,02607
0,02057
0,02143
0,02201
0,02120
0,02733
0,03095
0,02273
0,02171
0,02393
0,02210
0,02518
0,02369
0,03330
0,03370
0,04012
0,05634
0,06285
0,08282
0,10266
0,11628
0,11652
0,10748
0,08931
0,09391
0,08245
0,06682
0,05310
0,06053
0,04970
0,06756
0,05003
0,04169
0,04888
0,04166
0,04482
0,04666
0,04253
0,03414
0,02844
0,02822
0,02680
0,02748
0,02309
0,02631
0,02996
0,03618
0,02850
0,03113
0,02695
0,02733
0,02630
0,02538
0,02698
0,02684
0,02665
0,02237
0,02480
0,02755
0,02598
0,03152
0,03034
0,02778
0,02598
0,02081
0,02101
0,02353
0,02587
0,02854
0,02237
0,02266
0,02332
0,01878
0,02014
0,01750
0,01956
0,01854
0,01914
0,01679
0,01598
0,01803
0,01395
0,01287
0,01185
0,00995
0,01043
0,00960
0,01046
0,00905
0,00849
0,00819
0,00746
0,00767
0,00869
0,00757
0,00671
0,00564
0,00533
0,00519
0,00469
0,00382
0,00373
0,00344
0,00239
0,00205
0,00217
0,00220
0,00155
0,00111
0,00116
0,00115
0,00119
0,00118
0,00099
0,00094
0,00089
0,00084
0,00158
0,00200
0,00671
0,00229
0,00142
0,00355
0,00388
0,00615
0,00859
0,01282
0,01888
0,03127
0,04141
0,04098
0,05305
0,07529
0,08176
0,07749
0,05938
0,06810
0,05617
0,06220
0,03344
0,03177
0,03197
0,03109
0,03048
0,03476
0,03150
0,02803
0,02920
0,02702
0,02897
0,03016
0,02656
0,02426
0,02112
0,01743
0,01536
0,01920
0,01223
0,01261
0,01175
0,00985
0,01120
0,01109
0,00997
0,00730
0,00799
0,00836
0,00688
0,00884
0,00915
0,00803
0,00646
0,00533
0,00386
0,00391
0,00373
0,00495
0,00336
0,00411
0,00317
0,00413
0,00747
0,01108
0,01036
0,00867
0,01104
0,01176
0,01492
0,01389
0,01456
0,01469
0,01682
0,01728
0,01663
0,01550
0,01364
0,01449
0,00386
0,01038
0,00960
0,00741
0,00626
0,00489
0,00353
0,00328
0,00287
0,00299
0,00276
0,00287
0,00358
0,00363
0,00453
0,00536
0,00839
0,01233
0,01965
0,02827
0,03417
0,03035
0,03373
0,03003
0,02534
0,02953
0,03408
0,02744
0,02241
0,01917
0,01807
0,01587
0,01479
0,01663
0,01251
0,01116
0,01049
0,00998
0,00993
0,00938
0,01025
0,00911
0,01218
0,01197
0,01333
0,01954
0,02033
0,01809
0,01186
0,00946
0,00695
0,00740
0,00626
0,00696
0,00462
0,00382
0,00329
0,00234
0,00276
0,00281
0,00593
0,00232
0,00280
0,00312
0,00225
0,00216
0,00203
0,00171
0,00164
0,00142
0,00153
0,00149
0,00307
0,00080
0,00137
0,00121
0,00148
0,00147
0,00181
0,00191
0,00153
0,00158
0,00126
0,00180
0,00123
0,00154
0,00164
0,00197
0,00203
0,00276
0,00214
0,00239
0,00252
0,00252
0,00231
0,00235
0,00232
0,00316
0,00269
0,00124
0,00115
0,00104
0,00102
0,00210
0,00182
0,00194
0,00170
0,00078
0,00171
0,00171
0,00153
0,00161
0,00194
0,00067
0,00214
0,00255
0,00228
0,00268
0,00222
0,00241
0,00233
0,00283
0,00208
0,00157
0,00164
0,00123
0,00142
0,00195
0,00231
0,00446
0,00388
0,00409
0,00592
0,00631
0,00568
0,00627
0,00736
0,00880
0,00717
0,00639
0,00488
0,00445
0,00337
0,00267
0,00236
0,00389
0,00356
0,00243
0,00157
0,00184
0,00226
0,00226
0,00216
0,00206
0,00174
0,00185
0,00142
0,00295
0,00445
0,00535
0,00272
0,00238
0,00183
0,00196
0,00280
0,00404
0,00409
0,00282
0,00235
0,00222
0,00413
0,00622
0,00675
0,00924
0,01213
0,00773
0,00719
0,00592
0,00632
0,00746
0,00822
0,01490
0,02387
0,03178
0,00272
0,03860
0,04679
0,03930
0,04508
0,04359
0,04830
0,06757
0,00235
0,08149
0,09930
0,12033
0,11037
0,13195
0,12623
0,11626
0,11951
0,12372
0,07007
0,10199
0,08470
0,10134
0,10155
0,11372
0,10020
0,08584
0,06995
0,09283
0,07198
0,08593
0,09493
0,07069
0,06218
0,06678
0,09930
0,11034
0,06912
0,08426
0,09170
0,07466
0,10105
0,07337
0,05249
0,03643
0,03648
0,02963
0,03265
0,02135
0,02790
0,02605
0,02296
0,01560
0,01436
0,01386
0,01257
0,00966
0,00795
0,00796
0,00627
0,00708
0,00699
0,00618
0,00692
0,00729
0,00677
0,00393
0,00744
0,00385
0,00416
0,00274
0,00454
0,00591
0,00599
0,00664
0,00668
0,00801
0,00682
0,00483
0,00454
0,00467
0,00407
0,00363
0,00873
0,00393
0,00637
0,00663
0,00772
0,00795
0,00830
0,00831
0,01103
0,01367
0,01444
0,01263
0,01004
0,01126
0,01121
0,01074
0,01453
0,00891
0,00540
0,00432
0,00315
0,00350
0,00276
0,00260
0,00218
0,00199
0,00178
0,00173
0,00173
0,00221
0,00306
0,00407
0,00740
0,01066
0,00969
0,01003
0,00977
0,00833
0,00886
0,01047
0,02331
0,03689
0,06605
0,07942
0,05478
0,05421
0,05377
0,05027
0,05097
0,04966
0,04513
0,04619
0,03563
0,03947
0,04409
0,03520
0,03124
0,03579
0,03685
0,03200
0,02641
0,03138
0,03162
0,04807
0,05509
0,06560
0,06330
0,06229
0,07161
0,06972
0,06447
0,07419
0,06700
0,06869
0,05853
0,05229
0,05097
0,05262
0,05840
0,05353
0,05328
0,04360
0,04762
0,04811
0,03739
0,03138
0,03162
0,02988
0,03363
0,03235
0,03544
0,03084
0,02282
0,02114
0,01707
0,02029
0,01842
0,01797
0,01478
0,01640
0,01827
0,02187
0,01874
0,01892
0,02252
0,01983
0,01877
0,02160
0,02003
0,01424
0,01738
0,01550
0,01848
0,01895
0,02572
0,02677
0,03573
0,03765
0,04480
0,04212
0,04217
0,03298
0,03169
0,03911
0,02103
0,03105
0,04181
0,04198
0,03452
0,03336
0,02976
0,02570
0,02918
0,01985
0,02404
0,02879
0,02525
0,02866
0,04570
0,02677
0,04133
0,03478
0,04480
0,02475
0,02203
0,02359
0,02153
0,02070
0,01132
0,01571
0,01584
0,01460
0,01382
0,01445
0,01731
0,01663
0,01439
0,01700
0,01921
0,01534
0,01389
0,01283
0,01642
0,01600
0,01500
0,01822
0,01723
0,02049
0,01792
0,01975
0,01941
0,01770
0,02176
0,02291
0,02348
0,03743
0,04082
0,04116
0,03723
0,04398
0,04006
0,04190
0,03958
0,03326
0,03303
0,02629
0,03241
0,04045
0,03497
0,04426
0,04442
0,03992
0,04612
0,04458
0,04688
0,04001
0,03613
0,03842
0,03466
0,02807
0,02644
0,02343
0,02237
0,02734
0,03096
0,07043
0,09455
0,10515
0,12135
0,13136
0,12775
0,15020
0,12377
0,12389
0,14783
0,15915
0,16755
0,17088
0,16783
0,15534
0,14332
0,12732
0,10170
0,02807
0,02644
0,02343
0,02237
0,02734
0,03096
0,07043
0,09455
0,10515
0,12135
0,13136
0,12775
0,15020
0,12377
0,12389
0,14783
0,15915
0,16755
0,17088
0,16783
0,15534
0,14332
0,12732
0,10170
0,02807
0,02644
0,02343
0,02237
0,02734
0,03096
0,07043
0,09455
0,10515
0,12135
0,13136
0,12775
0,15020
0,12377
0,12389
0,14783
0,15915
0,16755
0,17088
0,16783
0,15534
0,14332
0,12732
0,10170
0,02807
0,02644
0,02343
0,02237
0,02734
0,03096
0,07043
0,09455
0,10515
0,12135
0,13136
0,12775
0,15020
0,12377
0,12389
0,14783
0,15915
0,16755
0,17088
0,16783
0,15534
0,14332
0,12732
0,10170
0,02807
0,02644
0,02343
0,02237
0,02734
0,03096
0,07043
0,09455
0,10515
0,12135
0,13136
0,12775
0,15020
0,12377
0,12389
0,14783
0,15915
0,16755
0,17088
0,16783
0,15534
0,14332
0,12732
0,10170
0,02807
0,02644
0,02343
0,02237
0,02734
0,03096
0,07043
0,09455
0,05750
0,06544
0,07304
0,10585
0,09621
0,07748
0,07178
0,06107
0,05877
0,05310
0,06145
0,05021
0,03507
0,03845
0,03424
0,04386
0,04319
0,04124
0,05725
0,05158
0,04763
0,03922
0,04248
0,04622
0,04882
0,05318
0,04566
0,02987
0,02419
0,02367
0,02420
0,02192
0,01959
0,01763
0,01935
0,01688
0,02033
0,03013
0,03017
0,04609
0,04268
0,03523
0,03027
0,02471
0,01770
0,01908
0,01651
0,01607
0,01976
0,02314
0,02468
0,02377
0,02799
0,03585
0,03869
0,03369
0,04022
0,03299
0,03749
0,03813
0,06571
0,07945
0,08814
0,08698
0,07834
0,05803
0,05423
0,05835
0,04603
0,04284
0,03023
0,03019
0,03063
0,03052
0,03105
0,02818
0,03092
0,03468
0,02386
0,02406
0,01919
0,01816
0,01654
0,01959
0,02235
0,02992
0,03913
0,03805
0,03010
0,03075
0,03356
0,03111
0,03396
0,02350
0,03012
0,02147
0,02788
0,03029
0,04756
0,05445
0,05768
0,05561
0,03222
0,02502
0,03824
0,02807
0,01584
0,01648
0,01484
0,01814
0,01536
0,01707
0,02020
0,02315
0,01651
0,02610
0,01851
0,01784
0,02581
0,01322
0,01299
0,01439
0,01596
0,01881
0,01363
0,01381
0,01180
0,01274
0,02397
0,02444
0,02066
0,01913
0,01920
0,01792
0,02294
0,01947
0,02526
0,01632
0,01970
0,01574
0,01623
0,02081
0,02375
0,02072
0,04088
0,06082
0,05628
0,06999
0,05885
0,05885
0,05508
0,06344
0,05642
0,03711
0,04978
0,03216
0,02485
0,02224
0,02020
0,02066
0,01669
0,01528
0,01664
0,01608
0,01394
0,01622
0,02033
0,01919
0,01611
0,01471
0,01383
0,00870
0,01197
0,01446
0,01734
0,01586
0,01656
0,02409
0,02329
0,01849
0,01840
0,01719
0,01904
0,02382
0,02170
0,02264
0,02838
0,02648
0,02870
0,02969
0,02815
0,02666
0,02460
0,02666
0,02345
0,02376
0,02014
0,02393
0,02312
0,02182
0,02160
0,01638
0,01550
0,01699
0,01009
0,00761
0,00753
0,00670
0,00589
0,00705
0,00527
0,00651
0,00951
0,00938
0,01067
0,00862
0,00780
0,00698
0,00606
0,00498
0,00507
0,00430
0,00690
0,01158
0,00946
0,00955
0,00727
0,00914
0,00976
0,01262
0,01024
0,00971
0,00884
0,00754
0,00945
0,00924
0,00751
0,00989
0,00883
0,00984
0,00802
0,01021
0,00887
0,00914
0,00744
0,00617
0,01505
0,01529
0,00921
0,01080
0,00998
0,00925
0,01170
0,01295
0,00978
0,01145
0,01107
0,01041
0,01004
0,00976
0,02249
0,00887
0,00900
0,00830
0,00934
0,01059
0,00862
0,01062
0,01082
0,01181
0,01195
0,01335
0,01363
0,01703
0,01695
0,01793
0,01563
0,01601
0,01527
0,01199
0,01186
0,00835
0,00780
0,00731
0,00968
0,01275
0,01145
0,00859
0,00796
0,01008
0,01138
0,01050
0,00719
0,00704
0,00792
0,00776
0,00884
0,00809
0,00951
0,00933
0,00832
0,00870
0,01189
0,01431
0,01255
0,01303
0,01203
0,01536
0,01192
0,01038
0,00781
0,00872
0,00812
0,00735
0,00857
0,01016
0,01124
0,01164
0,01085
0,00910
0,01032
0,01079
0,00938
0,00954
0,00709
0,00661
0,00463
0,00427
0,00428
0,00464
0,00498
0,00521
0,00442
0,00494
0,00409
0,00356
0,00263
0,00214
0,00170
0,00149
0,00156
0,00107
0,00122
0,00112
0,00104
0,00090
0,00104
0,00121
0,00129
0,00126
0,00220
0,00171
0,00175
0,00229
0,00220
0,00236
0,00269
0,00284
0,00238
0,00214
0,00289
0,00294
0,00217
0,00204
0,00223
0,00250
0,00213
0,00286
0,00311
0,00138
0,00198
0,00578
0,00392
0,00735
0,00831
0,00699
0,00901
0,00629
0,00863
0,00645
0,00586
0,00510
0,00372
0,00463
0,00400
0,00475
0,00787
0,00423
0,00585
0,00778
0,00992
0,00909
0,00864
0,01023
0,01388
0,01833
0,01903
0,02222
0,02447
0,02507
0,02280
0,02054
0,02476
0,02060
0,01897
0,02347
0,01936
0,02386
0,02107
0,02324
0,02176
0,01457
0,01237
0,00937
0,00766
0,00535
0,00377
0,00317
0,00292
0,00303
0,00409
0,00467
0,00810
0,01224
0,01654
0,01857
0,02287
0,04194
0,05183
0,05913
0,01936
0,12591
0,16795
0,25828
0,23925
0,29650
0,18740
0,23868
0,22722
0,25427
0,19828
0,17117
0,14389
0,13304
0,13421
0,13616
0,15758
0,14897
0,20821
0,21175
0,19256
0,19505
0,23305
0,20598
0,22678
0,20452
0,15511
0,14752
0,14958
0,16436
0,12138
0,23868
0,10825
0,11011
0,08873
0,07824
0,08302
0,07549
0,07349
0,06309
0,05982
0,07631
0,07402
0,09838
0,08878
0,10201
0,11586
0,11058
0,11246
0,08470
0,09603
0,09451
0,09688
0,11893
0,11901
0,13153
0,15584
0,18273
0,15988
0,18706
0,13780
0,13875
0,13806
0,11244
0,10142
0,10225
0,12222
0,11869
0,10914
0,08006
0,09634
0,08458
0,06952
0,05726
0,05677
0,06931
0,12001
0,07688
0,10504
0,09609
0,08928
0,08874
0,10045
0,08859
0,07646
0,07102
0,06625
0,05915
0,05694
0,05712
0,06032
0,05403
0,04959
0,04398
0,04762
0,03725
0,03198
0,02902
0,02748
0,02457
0,02080
0,02750
0,03285
0,02960
0,03210
0,02746
0,02735
0,02562
0,02395
0,02192
0,01905
0,01775
0,01877
0,01820
0,02288
0,02274
0,02301
0,01939
0,01812
0,02065
0,02045
0,01912
0,02010
0,02331
0,02542
0,03171
0,03894
0,03722
0,04240
0,02746
0,02971
0,02687
0,02558
0,02308
0,01815
0,01741
0,01602
0,01781
0,02190
0,02135
0,02055
0,02104
0,01985
0,01914
0,02326
0,02157
0,02293
0,01780
0,01690
0,01780
0,01908
0,02494
0,02373
0,02524
0,02784
0,03211
0,03865
0,03953
0,03391
0,03173
0,03549
0,03323
0,03728
0,04725
0,04809
0,06980
0,08164
0,09018
0,11300
0,11983
0,14888
0,16844
0,16294
0,20136
0,17107
0,17515
0,19334
0,17829
0,20352
0,18236
0,16330
0,14907
0,11690
0,13447
0,12056
0,11403
0,11347
0,13340
0,17410
0,15766
0,17459
0,20170
0,24440
0,21731
0,20334
0,19259
0,16573
0,18303
0,18608
0,20494
0,18302
0,22713
0,19294
0,17863
0,17865
0,15678
0,15659
0,13503
0,12056
0,11403
0,11347
0,13340
0,17410
0,15766
0,17459
0,20170
0,24440
0,21731
0,20334
0,19259
0,16573
0,18303
0,18608
0,12759
0,13982
0,19358
0,21747
0,24449
0,28749
0,25375
0,20592
0,19855
0,17103
0,14623
0,13036
0,09583
0,09091
0,08821
0,08558
0,07279
0,06974
0,06777
0,05893
0,05201
0,04556
0,04160
0,04244
0,03639
0,03829
0,04472
0,03921
0,03931
0,04970
0,04668
0,05014
0,05007
0,04410
0,04566
0,04066
0,04384
0,04247
0,03641
0,04767
0,04393
0,04861
0,05050
0,04452
0,05466
0,04644
0,04615
0,04928
0,04322
0,04140
0,04424
0,03921
0,04836
0,04426
0,04182
0,04149
0,03561
0,04177
0,03403
0,02851
0,02741
0,02180
0,02095
0,01876
0,01637
0,01694
0,01691
0,01670
0,01449
0,01399
0,01495
0,01714
0,01335
0,01225
0,01149
0,00889
0,01282
0,01063
0,00843
0,01051
0,01124
0,00972
0,01114
0,01074
0,01049
0,00938
0,00839
0,00801
0,00803
0,00883
0,00947
0,01131
0,01177
0,01159
0,01201
0,01233
0,01484
0,01267
0,00916
0,00972
0,00683
0,00606
0,00651
0,00680
0,00928
0,01148
0,00907
0,00778
0,00701
0,00604
0,00605
0,00606
0,00751
0,00555
0,01038
0,00837
0,01765
0,01396
0,01754
0,01399
0,01533
0,01786
0,01982
0,02418
0,02108
0,02277
0,02078
0,01875
0,01838
0,01803
0,01515
0,01965
0,01682
0,01888
0,01900
0,01517
0,01762
0,01532
0,01576
0,01547
0,01801
0,02775
0,02988
0,02894
0,03002
0,02439
0,02753
0,02197
0,02536
0,02317
0,01971
0,02078
0,01825
0,01655
0,01522
0,01268
0,01139
0,01019
0,01001
0,00758
0,00841
0,00981
0,00753
0,00695
0,00642
0,00687
0,00911
0,00935
0,00732
0,00578
0,00506
0,00410
0,00496
0,00748
0,01165
0,01554
0,01483
0,01630
0,01534
0,01772
0,01428
0,01681
0,02537
0,02291
0,02487
0,02472
0,02501
0,02724
0,02360
0,02897
0,02895
0,02809
0,02773
0,02783
0,02430
0,02101
0,02436
0,02254
0,02162
0,02009
0,01904
0,01889
0,02280
0,02279
0,02131
0,02790
0,02895
0,03137
0,03125
0,02957
0,02689
0,02631
0,02134
0,02168
0,02327
0,02682
0,02535
0,02234
0,02150
0,01901
0,01874
0,01546
0,01222
0,00914
0,00837
0,00820
0,00690
0,00686
0,00703
0,00686
0,00674
0,00931
0,01304
0,01833
0,02003
0,02165
0,02645
0,02738
0,02252
0,02480
0,02239
0,02124
0,02225
0,02526
0,02266
0,02641
0,02381
0,02770
0,02965
0,02911
0,03036
0,02907
0,02370
0,02725
0,02430
0,02228
0,02202
0,02407
0,02392
0,02354
0,02111
0,01575
0,01512
0,01450
0,01215
0,01372
0,01526
0,01812
0,01517
0,01455
0,01508
0,01430
0,01548
0,01604
0,01678
0,01711
0,01363
0,01447
0,01217
0,01036
0,01084
0,01318
0,01280
0,02354
0,02111
0,01442
0,01329
0,02043
0,01863
0,01727
0,01506
0,01381
0,01323
0,01660
0,01544
0,01645
0,01820
0,01694
0,01652
0,01722
0,01849
0,02112
0,02191
0,02823
0,02791
0,02646
0,03182
0,03255
0,03378
0,03162
0,03436
0,03919
0,04133
0,04660
0,04439
0,04387
0,03294
0,04070
0,04748
0,05803
0,05593
0,05151
0,05106
0,04598
0,05261
0,05565
0,05328
0,05207
0,05388
0,05242
0,05164
0,06005
0,07421
0,06055
0,05007
0,04480
0,04197
0,04533
0,04066
0,04445
0,03663
0,04188
0,04048
0,03421
0,03600
0,03365
0,02953
0,03039
0,03066
0,03015
0,02943
0,03452
0,03803
0,03599
0,03595
0,02942
0,02412
0,02126
0,01849
0,01988
0,01747
0,01876
0,01961
0,02157
0,02128
0,02076
0,02086
0,02337
0,02219
0,02421
0,02567
0,03248
0,02898
0,02920
0,02796
0,03158
0,03219
0,03857
0,04365
0,04753
0,06136
0,06816
0,08319
0,07194
0,07378
0,08520
0,08308
0,09759
0,09238
0,10035
0,09991
0,12110
0,13269
0,14978
0,18813
0,16083
0,16272
0,14688
0,15983
0,13028
0,12695
0,08794
0,07515
0,06303
0,06295
0,06793
0,06639
0,07452
0,05620
0,06603
0,06551
0,06553
0,06353
0,06421
0,06766
0,07993
0,09479
0,14978
0,12098
0,12554
0,12347
0,13521
0,13004
0,12653
0,12808
0,13381
0,14624
0,15199
0,15611
0,06793
0,15492
0,15252
0,14451
0,14578
0,10279
0,09661
0,09474
0,08056
0,07279
0,07517
0,07180
0,06336
0,06111
0,06320
0,06345
0,06459
0,06739
0,06977
0,06859
0,06502
0,06533
0,08578
0,09303
0,08920
0,08563
0,10813
0,09205
0,09031
0,09359
0,09473
0,12223
0,11132
0,13429
0,16440
0,18999
0,23321
0,31074
0,06320
0,36429
0,32713
0,34531
0,29309
0,28343
0,22684
0,26657
0,27504
0,29338
0,25101
0,23256
0,19437
0,16424
0,14350
0,13605
0,11066
0,09322
0,11129
0,11955
0,14380
0,14626
0,17167
0,19541
0,21175
0,25508
0,23428
0,23745
0,25059
0,19988
0,24558
0,23139
0,25283
0,24158
0,29376
0,28800
0,31984
0,33195
0,14350
0,32296
0,36039
0,25243
0,31495
0,31322
0,27028
0,26412
0,28545
0,28828
0,29762
0,26546
0,25884
0,23619
0,27705
0,24665
0,18879
0,19426
0,22338
0,20097
0,21990
0,19966
0,16209
0,16887
0,15613
0,15196
0,12384
0,09899
0,07386
0,06399
0,05379
0,05278
0,04715
0,04936
0,04145
0,03968
0,03955
0,03498
0,02973
0,03131
0,02791
0,02744
0,02483
0,03267
0,03269
0,04529
0,04298
0,04095
0,04364
0,04085
0,04057
0,04043
0,04134
0,03553
0,03576
0,03804
0,04708
0,06234
0,06775
0,07151
0,06796
0,06332
0,06336
0,04898
0,05921
0,05731
0,05196
0,06065
0,05773
0,06509
0,06017
0,06785
0,06366
0,05601
0,04645
0,04741
0,03992
0,04162
0,03847
0,03810
0,04328
0,05751
0,06027
0,06362
0,06602
0,06236
0,06640
0,06425
0,06309
0,05121
0,05221
0,05378
0,06695
0,06974
0,08641
0,09419
0,06366
0,10858
0,11744
0,13936
0,13580
0,13455
0,12817
0,13508
0,14373
0,14857
0,18444
0,18468
0,19217
0,18639
0,18232
0,16750
0,23459
0,16980
0,15504
0,14995
0,12745
0,12558
0,11036
0,11532
0,10497
0,10556
0,07504
0,08329
0,06926
0,04801
0,03974
0,04045
0,03376
0,04416
0,05486
0,07777
0,08954
0,10305
0,14501
0,15321
0,22032
0,21046
0,20504
0,18146
0,17168
0,18571
0,22879
0,21596
0,24118
0,24454
0,23041
0,21770
0,20433
0,17900
0,17189
0,12702
0,09527
0,08819
0,09753
0,08837
0,08018
0,07143
0,06200
0,05523
0,04704
0,05027
0,05035
0,04693
0,05974
0,06843
0,07278
0,07817
0,09262
0,10831
0,11976
0,09775
0,08569
0,07035
0,05986
0,05423
0,04488
0,06088
0,07737
0,09434
0,10238
0,08700
0,06720
0,06411
0,05236
0,04477
0,05096
0,04122
0,04071
0,03634
0,04430
0,04604
0,04059
0,04692
0,04888
0,04447
0,04335
0,04160
0,05035
0,05602
0,07837
0,08010
0,07385
0,07878
0,07658
0,08901
0,10684
0,10465
0,08452
0,07649
0,07103
0,07243
0,06655
0,05292
0,04649
0,03841
0,04678
0,03511
0,03243
0,03082
0,02849
0,02998
0,02606
0,02404
0,02209
0,02015
0,02216
0,02101
0,02128
0,01859
0,01938
0,02056
0,01767
0,02001
0,02778
0,02180
0,02971
0,03819
0,04405
0,06996
0,08164
0,11629
0,12160
0,13751
0,15897
0,15104
0,12892
0,12564
0,12340
0,12689
0,10745
0,11128
0,09332
0,08125
0,08382
0,07935
0,07778
0,06904
0,07884
0,08134
0,08369
0,03819
0,07647
0,07612
0,07987
0,08192
0,07301
0,07457
0,07967
0,07638
0,08480
0,08309
0,07661
0,07556
0,06970
0,05158
0,04304
0,03911
0,03987
0,03868
0,03568
0,03312
0,03506
0,03598
0,03719
0,04519
0,05035
0,04999
0,05088
0,04507
0,04793
0,05205
0,05248
0,05556
0,06009
0,06968
0,07354
0,08210
0,09288
0,09405
0,07856
0,06777
0,05609
0,05010
0,05404
0,05368
0,04783
0,04987
0,07485
0,06117
0,08037
0,07157
0,04786
0,05923
0,04377
0,04385
0,04563
0,05131
0,04542
0,04989
0,04513
0,04994
0,05158
0,04315
0,04877
0,03808
0,03666
0,02778
0,03306
0,02986
0,02781
0,02820
0,02045
0,01779
0,02536
0,01855
0,02099
0,01686
0,01633
0,01210
0,00993
0,00966
0,00842
0,00860
0,01073
0,01117
0,00970
0,01088
0,01268
0,01841
0,02524
0,04385
0,04897
0,05300
0,06700
0,10439
0,11976
0,16331
0,19701
0,18649
0,16235
0,14021
0,12113
0,13484
0,12938
0,09782
0,09994
0,09464
0,09899
0,11486
0,12180
0,09605
0,09594
0,09169
0,07948
0,06747
0,06431
0,04173
0,04078
0,03938
0,04192
0,03982
0,03620
0,04124
0,03365
0,02766
0,02475
0,02073
0,01997
0,01628
0,01608
0,01540
0,01750
0,01773
0,01958
0,01946
0,01625
0,01679
0,01512
0,01618
0,01936
0,01632
0,01343
0,01456
0,01608
0,02202
0,02393
0,02180
0,02299
0,02067
0,02187
0,02162
0,02157
0,02215
0,01983
0,01922
0,02070
0,02093
0,02393
0,02824
0,02435
0,02621
0,02674
0,02469
0,02019
0,01822
0,01959
0,01531
0,01409
0,01304
0,01659
0,02220
0,02333
0,02472
0,02207
0,02579
0,02077
0,02085
0,01740
0,01483
0,01886
0,01757
0,01674
0,02087
0,01935
0,01847
0,01757
0,01622
0,01814
0,02093
0,02166
0,01898
0,01667
0,01343
0,01409
0,01169
0,01175
0,01106
0,00961
0,00973
0,00979
0,00781
0,00935
0,00494
0,00625
0,00479
0,05397
0,05358
0,00585
0,00638
0,00552
0,00400
0,00628
0,00666
0,00582
0,00416
0,00409
0,00440
0,00450
0,00605
0,00783
0,00793
0,00658
0,00589
0,00678
0,00557
0,00906
0,01322
0,01533
0,02679
0,03390
0,03490
0,04631
0,06926
0,08131
0,07221
0,08772
0,08920
0,09016
0,11461
0,11584
0,10998
0,13584
0,12068
0,17232
0,17795
0,23658
0,23223
0,20382
0,18809
0,20286
0,19710
0,19634
0,18404
0,17112
0,17844
0,20013
0,19001
0,19492
0,21010
0,21872
0,23709
0,21753
0,22701
0,20032
0,18064
0,14883
0,12047
0,17599
0,16791
0,20047
0,21290
0,19246
0,19234
0,22620
0,17667
0,18074
0,16909
0,12485
0,11711
0,11927
0,10294
0,12014
0,10984
0,08652
0,06227
0,07654
0,07523
0,06240
0,04517
0,03626
0,03363
0,03367
0,02475
0,03581
0,03345
0,03664
0,02859
0,02687
0,02563
0,02472
0,02148
0,01945
0,01820
0,01675
0,01761
0,01624
0,01914
0,01367
0,01525
0,01205
0,01233
0,01340
0,01247
0,01076
0,00934
0,00759
0,00749
0,00821
0,00901
0,00951
0,01035
0,01148
0,01180
0,01384
0,01406
0,01294
0,01174
0,01018
0,01132
0,01105
0,01135
0,01196
0,01119
0,01002
0,00924
0,00927
0,00830
0,00819
0,00773
0,00774
0,01504
0,01466
0,01971
0,02004
0,02438
0,02367
0,01574
0,01798
0,02105
0,02636
0,02831
0,02672
0,02495
0,02444
0,03571
0,04469
0,04480
0,04391
0,04109
0,04632
0,04621
0,04604
0,05170
0,04770
0,03211
0,03696
0,03530
0,03689
0,03693
0,03253
0,03190
0,02675
0,02044
0,02292
0,01919
0,01785
0,01617
0,02219
0,02099
0,01819
0,01981
0,01534
0,01808
0,02028
0,02249
0,01567
0,02038
0,02245
0,03228
0,04829
0,06714
0,10331
0,08578
0,11038
0,13333
0,16212
0,16652
0,19142
0,20186
0,14895
0,10498
0,08019
0,06455
0,06966
0,06833
0,06663
0,06594
0,06847
0,06792
0,07873
0,07774
0,08174
0,06349
0,06659
0,07012
0,05912
0,06124
0,05127
0,05735
0,06166
0,05628
0,05104
0,04245
0,03866
0,03283
0,02720
0,02327
0,02479
0,02708
0,03240
0,03315
0,02652
0,02734
0,02868
0,02894
0,03792
0,03748
0,03398
0,03293
0,03100
0,03682
0,03283
0,03974
0,03742
0,04245
0,03745
0,03828
0,04312
0,03959
0,04283
0,03514
0,02865
0,03138
0,04257
0,05472
0,06154
0,06347
0,09409
0,07006
0,06983
0,06833
0,06465
0,06668
0,05824
0,05559
0,06043
0,06874
0,07074
0,07955
0,08446
0,09143
0,09230
0,09713
0,09045
0,06965
0,06643
0,05341
0,06290
0,06555
0,07151
0,07211
0,08396
0,08023
0,09135
0,08261
0,08789
0,07577
0,07195
0,07159
0,06426
0,04716
0,04709
0,04788
0,03937
0,04114
0,04272
0,04520
0,04017
0,03771
0,03669
0,03305
0,03055
0,03047
0,03196
0,03761
0,03193
0,02697
0,02672
0,02623
0,02687
0,01945
0,01763
0,01259
0,01212
0,01142
0,01339
0,01242
0,01021
0,00996
0,00861
0,00930
0,00821
0,00730
0,00605
0,00536
0,00687
0,00436
0,00564
0,00683
0,00675
0,01113
0,00726
0,00457
0,00548
0,00580
0,00687
0,01038
0,01496
0,01647
0,02296
0,02638
0,03753
0,03307
0,03862
0,04457
0,05356
0,04837
0,05208
0,05912
0,05471
0,05112
0,04973
0,05991
0,06542
0,06814
0,07783
0,06756
0,07631
0,07919
0,07712
0,08259
0,07232
0,05251
0,03033
0,03720
0,05055
0,06677
0,11201
0,13646
0,17069
0,17193
0,16059
0,15244
0,13657
0,10901
0,07555
0,08640
0,06187
0,05570
0,05279
0,04016
0,03722
0,02843
0,02837
0,02157
0,01973
0,01652
0,01758
0,01666
0,02000
0,02170
0,02842
0,01726
0,01873
0,01968
0,02279
0,01876
0,01722
0,01995
0,01481
0,01498
0,01342
0,01254
0,01259
0,01468
0,01546
0,01387
0,01387
0,01495
0,01272
0,01221
0,01044
0,01071
0,01158
0,01078
0,01563
0,01671
0,01259
0,01343
0,01367
0,01053
0,00869
0,00723
0,00711
0,00689
0,00550
0,00514
0,00496
0,00528
0,00519
0,00474
0,00339
0,00281
0,00279
0,00219
0,00251
0,00299
0,00253
0,00374
0,00559
0,00690
0,00854
0,00842
0,01111
0,01182
0,01707
0,01905
0,02698
0,02705
0,02488
0,02180
0,02502
0,02639
0,02997
0,02937
0,02743
0,01964
0,01790
0,01662
0,01509
0,01891
0,01431
0,01486
0,01447
0,01429
0,01489
0,01366
0,01233
0,01163
0,01046
0,02583
0,02276
0,01774
0,02339
0,02022
0,02108
0,02016
0,02183
0,02637
0,02581
0,02081
0,01907
0,01845
0,01911
0,01779
0,02411
0,01332
0,01307
0,01202
0,01327
0,01536
0,01561
0,01163
0,01456
0,01334
0,01264
0,01247
0,01237
0,01137
0,00999
0,00733
0,00863
0,00808
0,00806
0,00929
0,00961
0,00958
0,00914
0,00833
0,00827
0,00736
0,00708
0,00643
0,00549
0,00700
0,00633
0,00692
0,00938
0,00738
0,00629
0,01119
0,01237
0,01355
0,01260
0,01335
0,00866
0,00977
0,01077
0,01143
0,01286
0,01028
0,00920
0,00769
0,00776
0,00937
0,00878
0,00958
0,00880
0,01073
0,00923
0,01317
0,01111
0,01516
0,01252
0,00995
0,01580
0,00735
0,01234
0,01029
0,01228
0,01071
0,00744
0,00726
0,00975
0,00816
0,01009
0,00722
0,00623
0,00565
0,00564
0,00581
0,00548
0,00559
0,00531
0,00598
0,00662
0,00596
0,00737
0,00767
0,00339
0,00420
0,00639
0,00488
0,00424
0,00485
0,00630
0,00460
0,00381
0,00412
0,00468
0,00699
0,00643
0,00484
0,00541
0,00473
0,00482
0,00505
0,00607
0,00682
0,00427
0,07472
0,02939
0,00581
0,00984
0,00445
0,00396
0,00367
0,00712
0,00912
0,01148
0,00848
0,00526
0,00470
0,00669
0,01177
0,01046
0,00596
0,00485
0,00525
0,00508
0,00608
0,00791
0,00704
0,00823
0,00633
0,00661
0,00981
0,00907
0,01116
0,00736
0,00445
0,00524
0,00577
0,00564
0,00723
0,00910
0,00784
0,00372
0,00998
0,00878
0,00800
0,00561
0,00473
0,00460
0,00419
0,00506
0,00427
0,00413
0,00297
0,00321
0,00326
0,00476
0,00574
0,00487
0,00481
0,00799
0,01389
0,01387
0,01452
0,01628
0,01501
0,01537
0,01547
0,01284
0,01309
0,01219
0,00996
0,01032
0,01031
0,01165
0,01043
0,01022
0,01237
0,01053
0,01198
0,01427
0,01557
0,01176
0,01156
0,01027
0,00946
0,00806
0,00796
0,00651
0,00525
0,00649
0,00654
0,00754
0,00895
0,01053
0,01217
0,01384
0,01227
0,01330
0,01043
0,02134
0,03079
0,04097
0,06193
0,06434
0,06601
0,06417
0,05143
0,05099
0,04848
0,04935
0,04418
0,03908
0,03839
0,03739
0,03789
0,03810
0,04573
0,05224
0,05946
0,06837
0,07900
0,08823
0,09751
0,11167
0,11531
0,10503
0,06193
0,18096
0,19778
0,20931
0,18835
0,19518
0,17228
0,16821
0,17689
0,16829
0,12606
0,12198
0,11047
0,11615
0,11016
0,11973
0,09707
0,09794
0,09182
0,07739
0,07544
0,06969
0,05543
0,05099
0,03937
0,04349
0,04057
0,04498
0,05455
0,19518
0,06314
0,07029
0,09715
0,15134
0,16649
0,15121
0,16449
0,21998
0,24449
0,21366
0,23228
0,20027
0,17623
0,15889
0,15745
0,15297
0,16086
0,13016
0,12693
0,14568
0,17282
0,04498
0,14328
0,12230
0,09869
0,10314
0,08638
0,08564
0,07192
0,05691
0,06230
0,05759
0,04629
0,04935
0,05161
0,03838
0,03367
0,03475
0,03795
0,03535
0,02475
0,03646
0,03325
0,14568
0,03613
0,03080
0,03087
0,02893
0,03070
0,03150
0,02232
0,04468
0,04300
0,02742
0,03376
0,02793
0,03364
0,02861
0,02665
0,02900
0,02581
0,02010
0,02868
0,02611
0,02475
0,17574
0,03325
0,14568
0,07662
0,03080
0,03087
0,02893
0,03070
0,03150
0,12979
0,04468
0,16588
0,16405
0,03376
0,22014
0,20853
0,23481
0,20232
0,02900
0,18161
0,15302
0,16130
0,13531
0,12289
0,13167
0,09421
0,14568
0,07197
0,06630
0,06884
0,06285
0,06924
0,06452
0,05975
0,06450
0,07503
0,09053
0,10319
0,12877
0,16810
0,23445
0,29827
0,24849
0,26427
0,22614
0,22436
0,18301
0,17197
0,13636
0,09939
0,10650
0,07197
0,06630
0,13010
0,10791
0,11799
0,12003
0,11644
0,14246
0,12679
0,13348
0,13046
0,12322
0,11711
0,09724
0,11185
0,11796
0,14610
0,15250
0,16045
0,13919
0,17197
0,13636
0,09939
0,10650
0,07197
0,09370
0,13010
0,08726
0,09926
0,09504
0,09184
0,07857
0,08124
0,07204
0,06035
0,06206
0,06277
0,04585
0,05175
0,04542
0,04531
0,05168
0,04812
0,04288
0,13991
0,02941
0,09939
0,04175
0,07197
0,09370
0,08085
0,07273
0,07118
0,06310
0,05854
0,06838
0,06732
0,06588
0,05989
0,04807
0,04333
0,03912
0,04090
0,03397
0,02464
0,03087
0,02876
0,04619
0,13991
0,02941
0,09939
0,05286
0,08674
0,13343
0,08085
0,17406
0,18150
0,17086
0,19959
0,18001
0,16565
0,15662
0,14038
0,15174
0,14359
0,11902
0,11050
0,10072
0,08117
0,06684
0,06399
0,04846
0,04046
0,04120
0,03177
0,03071
0,03024
0,02973
0,02155
0,01794
0,01897
0,02259
0,02105
0,02288
0,02323
0,02661
0,02404
0,02389
0,02970
0,03577
0,03095
0,02939
0,03030
0,02550
0,02501
0,03163
0,03111
0,02714
0,03177
0,03071
0,03450
0,02502
0,02606
0,02405
0,01897
0,01809
0,02412
0,01856
0,01796
0,01789
0,01699
0,01619
0,01470
0,03577
0,00620
0,02939
0,03030
0,02550
0,00782
0,03163
0,01623
0,02179
0,01811
0,01765
0,03450
0,02502
0,02606
0,01813
0,01897
0,01949
0,02412
0,01856
0,01796
0,01789
0,04252
