0.097
0.133
0.2
0.261
0.375
0.308
0.309
0.43
0.386
0.336
0.407
0.376
0.39
0.319
0.385
0.38
0.383
0.321
0.262
0.184
0.262
0.218
0.226
0.263
0.354
0.549
0.659
0.725
0.792
0.745
0.778
0.846
0.945
0.964
0.79
0.84
0.854
0.826
0.794
0.818
0.746
0.655
0.59
0.523
0.547
0.401
0.381
0.412
0.435
0.493
0.657
0.68
0.661
0.749
0.749
0.64
0.513
0.55
0.61
0.619
0.6
0.492
0.446
0.428
0.346
0.227
0.24
0.191
0.096
0.138
0.114
0.122
0.169
0.134
0.203
0.287
0.307
0.434
0.351
0.306
0.323
0.324
0.351
0.46
0.567
0.58
0.544
0.55
0.645
0.639
0.646
0.665
0.625
0.671
0.651
0.571
0.707
0.715
0.692
0.683
0.782
0.793
0.821
0.742
0.735
0.565
0.699
0.727
0.792
0.76
0.815
0.881
0.871
0.911
0.842
0.834
0.69
0.667
0.666
0.578
0.574
0.615
0.683
0.786
0.791
0.807
0.84
0.815
0.846
0.878
0.898
0.836
0.883
0.837
0.865
0.883
0.882
0.872
0.924
0.925
0.956
0.931
0.943
0.938
0.904
0.864
0.827
0.762
0.723
0.66
0.599
0.552
0.495
0.317
0.27
0.272
0.158
0.191
0.216
0.255
0.392
0.569
0.601
0.632
0.666
0.668
0.746
0.597
0.489
0.461
0.606
0.763
0.679
0.893
0.764
0.811
0.866
0.757
0.758
0.751
0.788
0.769
0.694
0.579
0.451
0.51
0.349
0.289
0.236
0.313
0.409
0.415
0.618
0.672
0.858
0.954
0.924
0.797
0.785
0.751
0.642
0.726
0.774
0.933
0.936
0.918
0.917
0.775
0.739
0.575
0.546
0.518
0.397
0.436
0.361
0.377
0.361
0.362
0.506
0.655
0.763
0.789
0.853
0.791
0.79
0.822
0.864
0.912
0.928
0.897
0.852
0.83
0.872
0.874
0.898
0.915
0.972
0.934
0.941
0.969
0.943
0.939
0.844
0.799
0.581
0.517
0.526
0.578
0.615
0.67
0.567
0.553
0.605
0.569
0.482
0.343
0.328
0.231
0.175
0.14
0.104
0.105
0.084
0.109
0.092
0.111
0.173
0.207
0.263
0.27
0.356
0.244
0.22
0.174
0.221
0.272
0.241
0.289
0.261
0.208
0.201
0.176
0.193
0.118
0.117
0.105
0.091
0.128
0.114
0.075
0.066
0.099
0.039
0.05
0.054
0.05
0.019
0.044
0.022
0.004
0.007
0.017
0
0
0.008
0
0.001
0.002
0
0
0
0
0.004
0.007
0.003
0
0
0
0
0
0
0
0
0
0
0
0
0.009
0
0
0
0
0
0
0.001
0.02
0.006
0.009
0
0
0
0
0
0.001
0
0
0
0.002
0.013
0.024
0.045
0.034
0.035
0.036
0.044
0.049
0.05
0.034
0.023
0.053
0.044
0.057
0.049
0.049
0.076
0.076
0.069
0.061
0.117
0.093
0.181
0.169
0.162
0.153
0.167
0.134
0.096
0.1
0.119
0.154
0.188
0.17
0.196
0.181
0.148
0.184
0.097
0.135
0.144
0.112
0.068
0.062
0.087
0.094
0.136
0.136
0.165
0.112
0.059
0.067
0.08
0.047
0.055
0.069
0.186
0.218
0.154
0.092
0.035
0.085
0.107
0.079
0.046
0.033
0.029
0.021
0.021
0.005
0.023
0.017
0.028
0.004
0.039
0.023
0
0.041
0.075
0.064
0.086
0.078
0.094
0.085
0.077
0.123
0.088
0.195
0.147
0.229
0.264
0.282
0.282
0.381
0.467
0.398
0.249
0.173
0.118
0.07
0.059
0.037
0.03
0.026
0.041
0.065
0.062
0.054
0.077
0.123
0.088
0.089
0.103
0.136
0.185
0.239
0.349
0.422
0.475
0.432
0.536
0.571
0.596
0.605
0.654
0.633
0.662
0.689
0.614
0.499
0.437
0.464
0.426
0.333
0.292
0.252
0.179
0.183
0.165
0.151
0.096
0.07
0.18
0.234
0.249
0.246
0.222
0.186
0.198
0.222
0.266
0.244
0.199
0.158
0.131
0.122
0.063
0.075
0.087
0.035
0.019
0
0
0.003
0
0.016
0.033
0.06
0.058
0.103
0.121
0.14
0.143
0.173
0.191
0.227
0.268
0.281
0.316
0.38
0.398
0.434
0.433
0.447
0.448
0.481
0.498
0.487
0.517
0.468
0.516
0.623
0.715
0.692
0.64
0.583
0.432
0.422
0.506
0.436
0.411
0.337
0.261
0.25
0.22
0.239
0.281
0.168
0.052
0.037
0.075
0.053
0
0
0.014
0.014
0.007
0.015
0.02
0
0.011
0
0.007
0.003
0.02
0.028
0.045
0.077
0.146
0.204
0.248
0.294
0.309
0.261
0.424
0.529
0.559
0.568
0.66
0.687
0.744
0.757
0.744
0.711
0.708
0.719
0.702
0.722
0.726
0.651
0.597
0.652
0.642
0.633
0.616
0.57
0.485
0.416
0.396
0.369
0.298
0.257
0.303
0.371
0.441
0.407
0.346
0.265
0.158
0.129
0.116
0.11
0.103
0.092
0.077
0.055
0.06
0.045
0.034
0.022
0.035
0.028
0.006
0.021
0.027
0.044
0.042
0.046
0.075
0.084
0.094
0.106
0.042
0.033
0
0.007
0
0.064
0
0
0
0
0.002
0.02
0.012
0.031
0.044
0.064
0.069
0.064
0.054
0.08
0.091
0.092
0.136
0.102
0.085
0.09
0.054
0.045
0.026
0.005
0.007
0.012
0
0.102
0.112
0.136
0.149
0.123
0.078
0.04
0.069
0.045
0.023
0.047
0.046
0.04
0.027
0.017
0.009
0
0.002
0.016
0.01
0.006
0.014
0.031
0.013
0.002
0.022
0.021
0.043
0.059
0.04
0.099
0.045
0.01
0.023
0.047
0.071
0.074
0.043
0.057
0.085
0.065
0.077
0.097
0.154
0.146
0.124
0.175
0.139
0.117
0.101
0.089
0.038
0.027
0.061
0.065
0.08
0.13
0.173
0.183
0.201
0.164
0.203
0.187
0.131
0.058
0.084
0.094
0.095
0.096
0.07
0.084
0.102
0.1
0.106
0.117
0.114
0.126
0.122
0.129
0.109
0.125
0.095
0.219
0.186
0.179
0.225
0.215
0.139
0.08
0.088
0.106
0.131
0.11
0.109
0.081
0.052
0.034
0.039
0.01
0.021
0.032
0.028
0.035
0.032
0.061
0.119
0.245
0.341
0.345
0.338
0.255
0.188
0.161
0.171
0.24
0.215
0.217
0.166
0.245
0.182
0.213
0.203
0.278
0.32
0.307
0.273
0.228
0.236
0.312
0.401
0.446
0.565
0.576
0.471
0.431
0.377
0.333
0.341
0.373
0.293
0.25
0.243
0.204
0.221
0.238
0.268
0.268
0.249
0.24
0.199
0.21
0.25
0.241
0.264
0.337
0.374
0.294
0.248
0.204
0.207
0.139
0.14
0.102
0.077
0.091
0.116
0.074
0.09
0.115
0.107
0.047
0.05
0.086
0.091
0.095
0.1
0.109
0.2
0.193
0.346
0.404
0.283
0.488
0.344
0.348
0.386
0.392
0.404
0.498
0.546
0.527
0.613
0.505
0.435
0.43
0.422
0.451
0.434
0.441
0.455
0.5
0.571
0.694
0.722
0.769
0.773
0.727
0.71
0.698
0.744
0.659
0.615
0.606
0.6
0.504
0.491
0.558
0.548
0.492
0.53
0.537
0.499
0.472
0.499
0.517
0.586
0.667
0.69
0.719
0.699
0.727
0.702
0.781
0.809
0.796
0.826
0.852
0.807
0.801
0.734
0.761
0.738
0.747
0.735
0.726
0.773
0.673
0.637
0.709
0.702
0.69
0.723
0.748
0.714
0.732
0.721
0.708
0.525
0.605
0.597
0.575
0.495
0.474
0.452
0.443
0.507
0.358
0.399
0.441
0.431
0.409
0.397
0.4
0.406
0.463
0.429
0.41
0.384
0.372
0.361
0.323
0.278
0.265
0.27
0.251
0.23
0.249
0.287
0.252
0.284
0.276
0.3
0.23
0.288
0.25
0.264
0.196
0.196
0.153
0.182
0.227
0.293
0.236
0.307
0.284
0.24
0.254
0.232
0.238
0.202
0.179
0.194
0.193
0.175
0.142
0.133
0.113
0.107
0.088
0.077
0.086
0.109
0.155
0.185
0.135
0.188
0.192
0.241
0.339
0.342
0.14
0.174
0.126
0.138
0.158
0.225
0.296
0.403
0.479
0.445
0.437
0.402
0.384
0.281
0.222
0.162
0.197
0.237
0.313
0.219
0.182
0.127
0.059
0.082
0.048
0.052
0.026
0.037
0.046
0.044
0.044
0.057
0.024
0.037
0.037
0.046
0.072
0.071
0.143
0.136
0.272
0.325
0.332
0.316
0.285
0.228
0.146
0.366
0.256
0.245
0.238
0.25
0.188
0.143
0.146
0.134
0.161
0.191
0.181
0.211
0.169
0.204
0.224
0.175
0.207
0.301
0.188
0.137
0.14
0.113
0.09
0.115
0.101
0.109
0.055
0.073
0.067
0.089
0.077
0.119
0.1
0.091
0.099
0.118
0.132
0.105
0.077
0.12
0.126
0.129
0.154
0.112
0.074
0.075
0.042
0.013
0.125
0.027
0.025
0.012
0
0
0.01
0.046
0.05
0.016
0.033
0.125
0.069
0.084
0.064
0.069
0.063
0.06
0.033
0.027
0.066
0.033
0
0.007
0.014
0.042
0.084
0.091
0.105
0.113
0.07
0.106
0.125
0.101
0.093
0.106
0.063
0.079
0.138
0.159
0.21
0.323
0.38
0.438
0.545
0.484
0.385
0.358
0.319
0.266
0.197
0.245
0.207
0.117
0.119
0.165
0.159
0.018
0.011
0.015
0.011
0.005
0.011
0.009
0.098
0.013
0.028
0.017
0.006
0.004
0.022
0.002
0.006
0
0
0.018
0.037
0.023
0.011
0.033
0.065
0.067
0.053
0.113
0.168
0.176
0.19
0.283
0.332
0.357
0.371
0.332
0.374
0.347
0.353
0.368
0.426
0.464
0.421
0.494
0.452
0.364
0.376
0.39
0.357
0.339
0.346
0.325
0.367
0.369
0.359
0.362
0.347
0.336
0.327
0.307
0.271
0.239
0.295
0.246
0.291
0.308
0.218
0.218
0.231
0.21
0.227
0.157
0.167
0.182
0.175
0.146
0.134
0.151
0.127
0.119
0.105
0.07
0.08
0.077
0.057
0.044
0.052
0.019
0.052
0.026
0.082
0.122
0.096
0.132
0.13
0.149
0.151
0.167
0.287
0.302
0.37
0.344
0.338
0.39
0.405
0.417
0.512
0.57
0.493
0.475
0.442
0.366
0.32
0.35
0.297
0.408
0.518
0.557
0.666
0.738
0.798
0.831
0.835
0.869
0.755
0.675
0.641
0.732
0.746
0.757
0.759
0.735
0.804
0.776
0.69
0.682
0.636
0.626
0.662
0.717
0.711
0.783
0.738
0.726
0.69
0.665
0.618
0.578
0.692
0.746
0.816
0.827
0.825
0.818
0.8
0.759
0.716
0.664
0.642
0.659
0.588
0.451
0.398
0.298
0.265
0.315
0.236
0.165
0.181
0.146
0.099
0.049
0.1
0.153
0.209
0.282
0.401
0.384
0.5
0.578
0.646
0.522
0.386
0.319
0.267
0.256
0.196
0.207
0.244
0.22
0.173
0.186
0.171
0.091
0.074
0.141
0.023
0.151
0.095
0.085
0.099
0.086
0.119
0.137
0.183
0.179
0.132
0.128
0.108
0.136
0.238
0.301
0.292
0.318
0.349
0.392
0.353
0.351
0.368
0.355
0.392
0.393
0.38
0.381
0.354
0.336
0.408
0.411
0.406
0.363
0.389
0.362
0.315
0.282
0.214
0.207
0.274
0.235
0.222
0.259
0.314
0.338
0.333
0.359
0.301
0.347
0.375
0.402
0.394
0.396
0.373
0.374
0.394
0.469
0.461
0.388
0.395
0.4
0.42
0.386
0.37
0.398
0.374
0.339
0.33
0.339
0.377
0.405
0.416
0.49
0.438
0.515
0.521
0.51
0.496
0.528
0.412
0.426
0.441
0.396
0.418
0.428
0.38
0.384
0.36
0.398
0.374
0.339
0.33
0.339
0.377
0.405
0.416
0.49
0.438
0.515
0.521
0.51
0.496
0.528
0.412
0.426
0.441
0.396
0.418
0.428
0.38
0.384
0.36
0.389
0.398
0.422
0.446
0.468
0.472
0.525
0.577
0.638
0.653
0.675
0.769
0.743
0.723
0.717
0.831
0.734
0.674
0.594
0.586
0.542
0.491
0.49
0.489
0.408
0.386
0.343
0.286
0.271
0.243
0.251
0.175
0.152
0.152
0.179
0.16
0.188
0.185
0.23
0.263
0.161
0.137
0.1
0.104
0.122
0.12
0.109
0.163
0.21
0.185
0.166
0.222
0.233
0.19
0.13
0.117
0.112
0.164
0.259
0.276
0.238
0.237
0.193
0.129
0.03
0.021
0
0
0.002
0.01
0.017
0.029
0.046
0.075
0.109
0.145
0.179
0.177
0.253
0.308
0.354
0.477
0.459
0.446
0.437
0.45
0.479
0.487
0.498
0.467
0.509
0.514
0.468
0.449
0.488
0.426
0.39
0.385
0.344
0.365
0.346
0.347
0.337
0.385
0.436
0.47
0.502
0.524
0.523
0.424
0.438
0.43
0.384
0.408
0.429
0.467
0.433
0.391
0.394
0.427
0.408
0.411
0.378
0.375
0.363
0.388
0.418
0.491
0.453
0.543
0.564
0.556
0.57
0.502
0.527
0.523
0.514
0.491
0.443
0.474
0.437
0.429
0.463
0.452
0.432
0.491
0.436
0.43
0.432
0.446
0.503
0.542
0.596
0.665
0.68
0.495
0.636
0.693
0.72
0.716
0.687
0.623
0.57
0.562
0.532
0.516
0.445
0.44
0.419
0.429
0.336
0.337
0.411
0.393
0.405
0.393
0.441
0.506
0.543
0.56
0.534
0.568
0.552
0.502
0.454
0.409
0.364
0.37
0.288
0.244
0.214
0.142
0.118
0.116
0.079
0.059
0.052
0.066
0.048
0.025
0.04
0.028
0.034
0.048
0.068
0.07
0.057
0.078
0.047
0.053
0.017
0.025
0.037
0.015
0.007
0.011
0.009
0.023
0.015
0.018
0.023
0.029
0.038
0.022
0.036
0.037
0.07
0.061
0.105
0.089
0.097
0.066
0.027
0.02
0.025
0.017
0.018
0.034
0.031
0.03
0.048
0.064
0.066
0.055
0.064
0.031
0.037
0.048
0.048
0.062
0.077
0.088
0.083
0.073
0.088
0.055
0.043
0.026
0.004
0
0
0
0
0
0.001
0
0
0
0
0
0
0.009
0.007
0
0.014
0.023
0.012
0.029
0.033
0.067
0.074
0.06
0.031
0.062
0.058
0.106
0.097
0.132
0.111
0.114
0.135
0.139
0.13
0.154
0.162
0.175
0.141
0.167
0.123
0.121
0.111
0.116
0.092
0.071
0.059
0.028
0.018
0.038
0.018
0.016
0.015
0.005
0.001
0.03
0.055
0.06
0.04
0.089
0.11
0.12
0.091
0.108
0.101
0.07
0.136
0.12
0.137
0.099
0.08
0.095
0.063
0.051
0.006
0
0
0.037
0.06
0.084
0.085
0.078
0.124
0.151
0.138
0.163
0.199
0.271
0.309
0.365
0.401
0.358
0.406
0.335
0.339
0.405
0.373
0.407
0.289
0.288
0.352
0.398
0.396
0.363
0.302
0.307
0.317
0.3
0.305
0.367
0.364
0.389
0.405
0.39
0.37
0.37
0.324
0.3
0.257
0.219
0.169
0.168
0.096
0.02
0.015
0.041
0.028
0.023
0.026
0.028
0.02
0
0
0
0.007
0.003
0.003
0.028
0.006
0.019
0.017
0.029
0.013
0.001
0.002
0.024
0.023
0.074
0.052
0.117
0.122
0.116
0.151
0.221
0.184
0.354
0.529
0.66
0.73
0.743
0.676
0.669
0.623
0.566
0.438
0.405
0.479
0.502
0.399
0.394
0.35
0.393
0.389
0.426
0.38
0.307
0.32
0.361
0.413
0.433
0.49
0.528
0.577
0.612
0.663
0.777
0.912
0.911
0.895
0.843
0.73
0.508
0.332
0.262
0.199
0.128
0.081
0.109
0.091
0.035
0.094
0.149
0.325
0.238
0.408
0.499
0.551
0.651
0.731
0.787
0.807
0.853
0.791
0.819
0.781
0.761
0.576
0.572
0.512
0.492
0.427
0.327
0.247
0.252
0.207
0.221
0.262
0.28
0.21
0.221
0.276
0.352
0.43
0.497
0.598
0.607
0.472
0.509
0.453
0.365
0.179
0.088
0.093
0.117
0.123
0.108
0.139
0.111
0.101
0.075
0.063
0.071
0.092
0.097
0.178
0.197
0.179
0.154
0.179
0.157
0.175
0.147
0.15
0.079
0.036
0.042
0.02
0.008
0.009
0.02
0
0
0
0
0
0
0
0
0.006
0.023
0.023
0.033
0.044
0.045
0.052
0.081
0.08
0.068
0.016
0.004
0.026
0.059
0.014
0
0
0.005
0.024
0.013
0.005
0.048
0.046
0.056
0.047
0.074
0.044
0.13
0.136
0.157
0.196
0.191
0.154
0.1
0.048
0.043
0.027
0.023
0.034
0.031
0.026
0.027
0.013
0.005
0.01
0
0.005
0.008
0.012
0.042
0.094
0.12
0.15
0.176
0.199
0.171
0.195
0.172
0.077
0.018
0.013
0
0.014
0.018
0.036
0.028
0.017
0
0.006
0.019
0.019
0.073
0.076
0.112
0.142
0.118
0.097
0.099
0.059
0.042
0.046
0.014
0
0
0
0
0
0
0
0
0
0
0.001
0.001
0.016
0.022
0.033
0.052
0.033
0.032
0
0.019
0.013
0.015
0.012
0.018
0.013
0
0
0
0
0
0
0
0
0
0
0
0
0
0
0
0.015
0.033
0.053
0.068
0.081
0.108
0.128
0.081
0.059
0.048
0.045
0.097
0.106
0.123
0.164
0.171
0.196
0.214
0.284
0.316
0.408
0.464
0.543
0.662
0.727
0.754
0.807
0.767
0.716
0.64
0.585
0.65
0.574
0.587
0.575
0.508
0.416
0.301
0.268
0.256
0.227
0.262
0.19
0.131
0.148
0.14
0.209
0.312
0.358
0.394
0.463
0.518
0.537
0.438
0.364
0.329
0.301
0.354
0.384
0.381
0.368
0.354
0.335
0.36
0.34
0.303
0.264
0.249
0.218
0.297
0.313
0.361
0.428
0.442
0.427
0.433
0.487
0.588
0.605
0.567
0.532
0.487
0.575
0.589
0.641
0.648
0.595
0.582
0.561
0.537
0.51
0.478
0.493
0.498
0.507
0.519
0.562
0.639
0.611
0.634
0.635
0.632
0.578
0.548
0.533
0.556
0.539
0.591
0.558
0.519
0.472
0.393
0.366
0.386
0.328
0.279
0.304
0.312
0.366
0.371
0.345
0.415
0.429
0.38
0.38
0.37
0.347
0.268
0.157
0.106
0.085
0.048
0.066
0.074
0.07
0.1
0.039
0.1
0.112
0.115
0.12
0.159
0.241
0.302
0.322
0.401
0.403
0.414
0.346
0.243
0.229
0.188
0.133
0.157
0.187
0.229
0.258
0.219
0.185
0.223
0.194
0.179
0.181
0.166
0.111
0.08
0.097
0.198
0.261
0.203
0.137
0.16
0.209
0.179
0.173
0.095
0.077
0.012
0.017
0.017
0.064
0.074
0.107
0.127
0.138
0.111
0.127
0.167
0.158
0.253
0.248
0.28
0.321
0.438
0.519
0.518
0.453
0.424
0.346
0.237
0.102
0.01
0.033
0.023
0
0.012
0.021
0.035
0.026
0.076
0.09
0.111
0.152
0.26
0.346
0.43
0.456
0.421
0.359
0.392
0.349
0.341
0.325
0.194
0.177
0.117
0.126
0.112
0.146
0.103
0.068
0.098
0.095
0.077
0.116
0.127
0.164
0.187
0.293
0.347
0.37
0.41
0.382
0.546
0.552
0.615
0.469
0.371
0.328
0.356
0.424
0.488
0.486
0.478
0.458
0.486
0.441
0.487
0.488
0.339
0.444
0.39
0.512
0.583
0.586
0.441
0.451
0.41
0.546
0.563
0.355
0.262
0.112
0.002
0.063
0.082
0.08
0.039
0.014
0.039
0.032
0.076
0.072
0.096
0.121
0.13
0.161
0.218
0.227
0.272
0.277
0.254
0.212
0.176
0.123
0.072
0.027
0.026
0.031
0.025
0.107
0.086
0.052
0.043
0.067
0.081
0.044
0.039
0.051
0.083
0.168
0.259
0.368
0.436
0.436
0.464
0.442
0.415
0.322
0.22
0.18
0.177
0.193
0.185
0.227
0.163
0.17
0.146
0.139
0.098
0.084
0.108
0.085
0.098
0.131
0.141
0.215
0.219
0.375
0.311
0.293
0.315
0.285
0.251
0.184
0.127
0.141
0.128
0.12
0.085
0.056
0.064
0.044
0.03
0.027
0.018
0.017
0.009
0.008
0.005
0
0.018
0.043
0.039
0.073
0.09
0.077
0.027
0
0.006
0
0
0.013
0.004
0.002
0.001
0
0.012
0.028
0.057
0.068
0.074
0.112
0.098
0.1
0.094
0.095
0.136
0.147
0.164
0.163
0.143
0.089
0.071
0.079
0.027
0.027
0.024
0.007
0
0
0
0
0.014
0.05
0.122
0.231
0.362
0.514
0.568
0.584
0.656
0.644
0.809
0.817
0.849
0.828
0.729
0.721
0.804
0.799
0.781
0.763
0.789
0.801
0.771
0.76
0.729
0.734
0.841
0.868
0.86
0.696
0.666
0.653
0.723
0.614
0.56
0.616
0.612
0.5
0.382
0.278
0.297
0.316
0.291
0.448
0.366
0.497
0.631
0.685
0.722
0.708
0.715
0.694
0.618
0.648
0.619
0.583
0.675
0.525
0.549
0.523
0.446
0.324
0.131
0.025
0.011
0.023
0.036
0.034
0.017
0.013
0.015
0.008
0
0
0.018
0.023
0.04
0.046
0.083
0.047
0.07
0.048
0.106
0.084
0.115
0.138
0.069
0.047
0.064
0.053
0.071
0.073
0.113
0.11
0.087
0.068
0.091
0.112
0.219
0.231
0.233
0.257
0.33
0.332
0.347
0.308
0.34
0.275
0.234
0.236
0.157
0.096
0.098
0.102
0.097
0.123
0.094
0.094
0.115
0.097
0.08
0.125
0.079
0.139
0.248
0.256
0.158
0.102
0.112
0.113
0.15
0.096
0.142
0.137
0.045
0.004
0.009
0.006
0.002
0.008
0.005
0.06
0.025
0.006
0.049
0.017
0.048
0.116
0.101
0.114
0.179
0.211
0.299
0.231
0.247
0.284
0.323
0.21
0.2
0.152
0.196
0.218
0.257
0.3
0.341
0.434
0.437
0.318
0.286
0.336
0.282
0.263
0.272
0.264
0.25
0.193
0.158
0.138
0.146
0.083
0.109
0.091
0.048
0.023
0.018
0.024
0.019
0.022
0.031
0.031
0.024
0.019
0.035
0.031
0.069
0.066
0.07
0.086
0.098
0.082
0.039
0.081
0.037
0.022
0.033
0.013
0.003
0.001
0
0
0
0
0
0
0
0
0
0
0.001
0.01
0.011
0.041
0.035
0.028
0.021
0.009
0.016
0.027
0.011
0
0
0.002
0.007
0.004
0
0.004
0.001
0
0.003
0.011
0.005
0
0
0.043
0.027
0.047
0.064
0.056
0.039
0.041
0.021
0.141
0.152
0.102
0.03
0
0.014
0.025
0.027
0.027
0.018
0.032
0.042
0.028
0.028
0.057
0.145
0.251
0.294
0.294
0.266
0.315
0.362
0.412
0.446
0.306
0.312
0.292
0.113
0.112
0.054
0.046
0.027
0.062
0.066
0.048
0.034
0.074
0.058
0.07
0.132
0.162
0.167
0.314
0.285
0.27
0.298
0.344
0.3
0.261
0.293
0.281
0.284
0.263
0.165
0.233
0.169
0.159
0.139
0.12
0.172
0.125
0.111
0.133
0.179
0.263
0.291
0.346
0.335
0.314
0.319
0.267
0.223
0.212
0.169
0.133
0.119
0.128
0.145
0.164
0.246
0.234
0.164
0.132
0.18
0.212
0.212
0.203
0.212
0.266
0.419
0.286
0.354
0.424
0.418
0.378
0.292
0.283
0.216
0.166
0.161
0.124
0.122
0.123
0.13
0.084
0.075
0.06
0.066
0.057
0.047
0.052
0.086
0.107
0.182
0.167
0.104
0.166
0.215
0.236
0.222
0.292
0.303
0.257
0.238
0.294
0.237
0.214
0.216
0.266
0.253
0.286
0.297
0.294
0.289
0.242
0.258
0.268
0.332
0.29
0.293
0.373
0.376
0.264
0.224
0.159
0.123
0.187
0.172
0.206
0.14
0.131
0.091
0.125
0.098
0.05
0.059
0.028
0.015
0.022
0.023
0.034
0.102
0.1
0.071
0.043
0.055
0.072
0.048
0.019
0.062
0.107
0.092
0.082
0.031
0.023
0.032
0.083
0.083
0.137
0.111
0.17
0.119
0.163
0.323
0.46
0.47
0.515
0.506
0.329
0.313
0.294
0.283
0.184
0.184
0.189
0.17
0.097
0.084
0.08
0.06
0.061
0.062
0.093
0.099
0.114
0.115
0.099
0.144
0.175
0.159
0.137
0.2
0.216
0.32
0.437
0.357
0.343
0.178
0.203
0.178
0.114
0.169
0.221
0.218
0.27
0.236
0.233
0.297
0.273
0.264
0.311
0.315
0.3
0.313
0.35
0.361
0.331
0.368
0.313
0.264
0.187
0.185
0.131
0.09
0.054
0.045
0.081
0.053
0.111
0.179
0.116
0.117
0.128
0.17
0.188
0.235
0.306
0.32
0.325
0.375
0.309
0.344
0.346
0.323
0.305
0.272
0.206
0.151
0.117
0.125
0.129
0.129
0.108
0.121
0.103
0.114
0.105
0.086
0.068
0.12
0.146
0.104
0.147
0.201
0.197
0.226
0.161
0.089
0.095
0.07
0.106
0.058
0.006
0.003
0.014
0.021
0.022
0.017
0.033
0.013
0.007
0.025
0.029
0.05
0.059
0.047
0.052
0.049
0.078
0.098
0.118
0.123
0.106
0.077
0.068
0.021
0.026
0.02
0.019
0.023
0.018
0
0.002
0.011
0.009
0.003
0.001
0.021
0.009
0.017
0.017
0.027
0.044
0.068
0.061
0.078
0.066
0.087
0.063
0.043
0.058
0.056
0.04
0.052
0.009
0
0
0
0
0
0
0.001
0
0.007
0.04
0.044
0.021
0.021
0.041
0.072
0.092
0.039
0.023
0
0.008
0.005
0.007
0.016
0.02
0.01
0.001
0
0.003
0
0.018
0.04
0.057
0.038
0.072
0.055
0.067
0.085
0.16
0.132
0.114
0.056
0.066
0.074
0.071
0.075
0.045
0.05
0.054
0.074
0.104
0.119
0.179
0.141
0.107
0.17
0.165
0.164
0.198
0.152
0.221
0.295
0.336
0.37
0.361
0.364
0.39
0.304
0.256
0.217
0.18
0.143
0.151
0.114
0.152
0.124
0.126
0.105
0.198
0.266
0.34
0.305
0.339
0.282
0.388
0.359
0.389
0.389
0.403
0.368
0.358
0.318
0.251
0.23
0.186
0.172
0.159
0.199
0.243
0.275
0.291
0.325
0.48
0.564
0.646
0.651
0.776
0.826
0.85
0.845
0.84
0.853
0.859
0.865
0.828
0.761
0.649
0.678
0.608
0.617
0.58
0.601
0.57
0.496
0.483
0.489
0.556
0.666
0.623
0.585
0.548
0.533
0.472
0.453
0.384
0.34
0.347
0.243
0.245
0.185
0.079
0.073
0.04
0.044
0.049
0.068
0.066
0.12
0.108
0.116
0.237
0.337
0.344
0.352
0.279
0.257
0.291
0.296
0.263
0.206
0.297
0.277
0.225
0.091
0.05
0.03
0.022
0.02
0.041
0.072
0.02
0.018
0.022
0.023
0.059
0.101
0.152
0.071
0.066
0.073
0.065
0.06
0.065
0.062
0.045
0.059
0.075
0.109
0.026
0
0
0
0
0
0.002
0.003
0
0
0.039
0.041
0.031
0.031
0.056
0.034
0.023
0.067
0.097
0.032
0.021
0.016
0.001
0.006
0
0
0
0.007
0.007
0
0
0
0
0
0.018
0.077
0.077
0.095
0.091
0.149
0.137
0.15
0.168
0.183
0.175
0.153
0.143
0.157
0.133
0.166
0.202
0.204
0.218
0.279
0.225
0.274
0.311
0.455
0.481
0.604
0.537
0.679
0.713
0.638
0.716
0.729
0.758
0.762
0.698
0.657
0.662
0.664
0.681
0.738
0.723
0.788
0.786
0.83
0.845
0.765
0.729
0.766
0.773
0.798
0.806
0.824
0.854
0.82
0.874
0.836
0.855
0.831
0.792
0.77
0.76
0.801
0.768
0.817
0.724
0.773
0.79
0.843
0.888
0.854
0.868
0.884
0.902
0.887
0.894
0.875
0.873
0.881
0.897
0.908
0.89
0.862
0.862
0.892
0.912
0.896
0.868
0.86
0.806
0.74
0.65
0.586
0.496
0.416
0.371
0.522
0.464
0.459
0.428
0.52
0.387
0.368
0.402
0.515
0.527
0.57
0.474
0.335
0.236
0.162
0.105
0.083
0.089
0.098
0.084
0.122
0.112
0.14
0.121
0.119
0.147
0.06
0.038
0.061
0.086
0.146
0.223
0.274
0.334
0.364
0.343
0.265
0.255
0.292
0.174
0.153
0.198
0.166
0.159
0.137
0.097
0.075
0.056
0.073
0.134
0.168
0.165
0.131
0.113
0.066
0.09
0.104
0.175
0.182
0.207
0.181
0.159
0.104
0.057
0.058
0.033
0.035
0.026
0.019
0.016
0.031
0.004
0
0.006
0.016
0.021
0.022
0.04
0.059
0.079
0.131
0.132
0.149
0.165
0.222
0.228
0.181
0.167
0.2
0.228
0.261
0.255
0.24
0.169
0.176
0.099
0.084
0.072
0.066
0.049
0.061
0.045
0.109
0.089
0.082
0.051
0.064
0.061
0.062
0.051
0.035
0.02
0.007
0.005
0.004
0
0
0
0
0
0
0.025
0.029
0.023
0.046
0.079
0.07
0.079
0.091
0.098
0.067
0.079
0.062
0.049
0.058
0.009
0.015
0.01
0.006
0.024
0.02
0.013
0.002
0
0
0.001
0
0.001
0.005
0.038
0.051
0.052
0.071
0.103
0.103
0.086
0.061
0.048
0.042
0.027
0.012
0.019
0.014
0.018
0.029
0.028
0.011
0
0
0.004
0.016
0.016
0.002
0
0.013
0.05
0.091
0.126
0.108
0.124
0.174
0.112
0.085
0.114
0.077
0.082
0.132
0.157
0.162
0.157
0.189
0.196
0.208
0.224
0.272
0.318
0.368
0.405
0.409
0.426
0.39
0.292
0.265
0.305
0.313
0.265
0.254
0.245
0.234
0.235
0.317
0.341
0.276
0.301
0.329
0.462
0.32
0.497
0.473
0.533
0.661
0.385
0.583
0.522
0.48
0.285
0.386
0.339
0.276
0.193
0.129
0.085
0.087
0.073
0.069
0.076
0.119
0.106
0.078
0.091
0.105
0.166
0.198
0.215
0.255
0.267
0.257
0.22
0.252
0.261
0.255
0.192
0.146
0.106
0.034
0.014
0
0
0
0
0
0
0
0.002
0
0
0.015
0.033
0.061
0.057
0.097
0.131
0.074
0.106
0.146
0.193
0.132
0.086
0.065
0.087
0.092
0.086
0.092
0.119
0.123
0.185
0.187
0.179
0.266
0.274
0.4
0.439
0.439
0.351
0.309
0.317
0.273
0.268
0.306
0.285
0.209
0.185
0.212
0.143
0.099
0.108
0.063
0.054
0.056
0.057
0.094
0.094
0.074
0.222
0.248
0.277
0.325
0.326
0.386
0.37
0.378
0.434
0.338
0.374
0.308
0.252
0.115
0.042
0.009
0.036
0.016
0.011
0.003
0.011
0.01
0.007
0.005
0
0.022
0.023
0.033
0.013
0.042
0.086
0.087
0.081
0.117
0.172
0.154
0.122
0.072
0.033
0.025
0.028
0.043
0.078
0.066
0.05
0.016
0.024
0.034
0.055
0.071
0.079
0.163
0.205
0.16
0.14
0.137
0.114
0.126
0.114
0.072
0.03
0.039
0.003
0
0.011
0.005
0
0
0
0
0
0.007
0.021
0.047
0.067
0.04
0.083
0.13
0.216
0.272
0.278
0.277
0.266
0.274
0.205
0.116
0.056
0.018
0.013
0.022
0.005
0.021
0.016
0
0.007
0
0.011
0.005
0.019
0.059
0.048
0.15
0.152
0.156
0.097
0.148
0.157
0.129
0.162
0.119
0.107
0.093
0.037
0.021
0.009
0.035
0.03
0.028
0.045
0.048
0.1
0.144
0.227
0.259
0.283
0.27
0.283
0.279
0.326
0.247
0.235
0.192
0.136
0.148
0.071
0.066
0.075
0.091
0.121
0.134
0.135
0.193
0.218
0.236
0.321
0.293
0.369
0.438
0.477
0.524
0.567
0.714
0.683
0.7
0.807
0.63
0.662
0.548
0.39
0.267
0.18
0.188
0.158
0.113
0.106
0.095
0.083
0.077
0.189
0.239
0.292
0.305
0.397
0.41
0.34
0.265
0.274
0.225
0.222
0.197
0.127
0.135
0.111
0.097
0.129
0.085
0.087
0.108
0.107
0.109
0.145
0.162
0.158
0.227
0.281
0.358
0.423
0.363
0.468
0.451
0.356
0.362
0.375
0.377
0.296
0.158
0.136
0.146
0.155
0.111
0.121
0.112
0.168
0.137
0.181
0.173
0.258
0.33
0.389
0.452
0.581
0.517
0.434
0.495
0.419
0.45
0.488
0.44
0.416
0.38
0.303
0.246
0.236
0.237
0.186
0.218
0.202
0.138
0.116
0.124
0.147
0.2
0.286
0.298
0.304
0.343
0.328
0.362
0.31
0.284
0.256
0.131
0.091
0.036
0.001
0
0
0.003
0.014
0.022
0.011
0.004
0.032
0.041
0.001
0.03
0.114
0.192
0.172
0.16
0.211
0.211
0.229
0.325
0.341
0.365
0.287
0.216
0.152
0.133
0.173
0.16
0.118
0.138
0.143
0.144
0.135
0.105
0.109
0.147
0.212
0.208
0.199
0.202
0.192
0.176
0.183
0.184
0.205
0.132
0.105
0.034
0.017
0
0
0
0
0
0
0.025
0
0.035
0.062
0.072
0.074
0.026
0.03
0.038
0.043
0.089
0.134
0.195
0.229
0.174
0.198
0.199
0.178
0.097
0.115
0.125
0.111
0.117
0.108
0.114
0.137
0.143
0.242
0.328
0.378
0.387
0.351
0.443
0.457
0.464
0.392
0.337
0.288
0.212
0.136
0.102
0.08
0.06
0.045
0.052
0.072
0.102
0.09
0.085
0.05
0.062
0.093
0.144
0.166
0.16
0.155
0.151
0.152
0.168
0.185
0.187
0.191
0.134
0.127
0.093
0.061
0.026
0.012
0.014
0.022
0.029
0.024
0.019
0.007
0.028
0.057
0.08
0.097
0.115
0.093
0.117
0.112
0.134
0.145
0.131
0.111
0.079
0.053
0.011
0.002
0.002
0.014
0.014
0.024
0.089
0.135
0.13
0.183
0.189
0.162
0.178
0.286
0.242
0.325
0.312
0.359
0.449
0.464
0.423
0.356
0.267
0.235
0.135
0.082
0.015
0.005
0
0.007
0.024
0.032
0.057
0.043
0.038
0.109
0.136
0.132
0.119
0.111
0.132
0.14
0.197
0.287
0.359
0.358
0.316
0.239
0.156
0.076
0.028
0.016
0.018
0.003
0
0
0
0
0
0
0.002
0.025
0.018
0.022
0.033
0.069
0.113
0.09
0.119
0.137
0.172
0.127
0.287
0.237
0.211
0.124
0.118
0.09
0.065
0.05
0.029
0.03
0.027
0.061
0.088
0.141
0.152
0.183
0.173
0.106
0.13
0.104
0.087
0.071
0.028
0.029
0.043
0.056
0.049
0.095
0.091
0.119
0.249
0.232
0.215
0.155
0.145
0.171
0.155
0.217
0.296
0.329
0.48
0.526
0.559
0.584
0.582
0.551
0.52
0.532
0.453
0.383
0.334
0.351
0.359
0.354
0.291
0.216
0.171
0.136
0.179
0.202
0.231
0.214
0.207
0.19
0.16
0.115
0.098
0.089
0.102
0.083
0.051
0.047
0.071
0.061
0.074
0.081
0.074
0.062
0.081
0.092
0.091
0.079
0.091
0.103
0.111
0.126
0.089
0.101
0.081
0.129
0.214
0.122
0.137
0.276
0.275
0.279
0.379
0.376
0.478
0.507
0.539
0.549
0.586
0.555
0.444
0.555
0.549
0.499
0.421
0.404
0.513
0.578
0.595
0.57
0.61
0.628
0.675
0.636
0.662
0.651
0.654
0.601
0.617
0.598
0.585
0.602
0.587
0.616
0.535
0.511
0.472
0.445
0.457
0.466
0.511
0.428
0.369
0.316
0.361
0.207
0.175
0.205
0.137
0.149
0.128
0.138
0.131
0.095
0.09
0.088
0.092
0.068
0.058
0.046
0.047
0.058
0.068
0.085
0.07
0.085
0.086
0.061
0.092
0.061
0.047
0.033
0.031
0.015
0
0
0
0
0
0
0
0
0
0
0
0
0.003
0.009
0.013
0.017
0.034
0.037
0.058
0.091
0.066
0.124
0.079
0.061
0.02
0.011
0.007
0.023
0.027
0.027
0.034
0.025
0.026
0.018
0.023
0.037
0.047
0.061
0.055
0.07
0.095
0.1
0.089
0.095
0.09
0.056
0.047
0.02
0.01
0
0
0
0
0
0
0
0.002
0.009
0
0
0.018
0.028
0.028
0.026
0.031
0.036
0.061
0.073
0.098
0.067
0.049
0.024
0.002
0
0
0
0
0.001
0.009
0.007
0.005
0
0
0.002
0.017
0.023
0.026
0.041
0.041
0.081
0.079
0.092
0.078
0.055
0.036
0.017
0.007
0.003
0.024
0.027
0.016
0.002
0
0
0
0
0
0
0
0.007
0.009
0.009
0.007
0.012
0.012
0.022
0.02
0.022
0.017
0.008
0
0
0
0
0
0
0
0
0
0.001
0.002
0.002
0.002
0
0.006
0.012
0.02
0.024
0.017
0.017
0.016
0.014
0.015
0.011
0
0
0.009
0
0.007
0.011
0.012
0.011
0.011
0.012
0.016
0.013
0.029
0.062
0.079
0.102
0.114
0.122
0.105
0.156
0.127
0.182
0.079
0.044
0.032
0.023
0.015
0.005
0.01
0.012
0
0
0
0
0
0.007
0.031
0.081
0.167
0.144
0.232
0.341
0.374
0.549
0.6
0.546
0.466
0.36
0.339
0.315
0.286
0.295
0.294
0.27
0.266
0.235
0.235
0.236
0.303
0.354
0.44
0.246
0.515
0.533
0.541
0.499
0.466
0.531
0.52
0.482
0.412
0.244
0.184
0.082
0.015
0.025
0.007
0
0
0
0
0
0
0.001
0.017
0.026
0.037
0.046
0.047
0.045
0.064
0.062
0.056
0.089
0.083
0.057
0.027
0.029
0.037
0.041
0.041
0.051
0.056
0.081
0.094
0.082
0.037
0.049
0.104
0.115
0.131
0.188
0.272
0.189
0.27
0.322
0.35
0.292
0.282
0.272
0.189
0.079
0.065
0.069
0.117
0.12
0.115
0.102
0.12
0.181
0.144
0.196
0.212
0.226
0.274
0.325
0.369
0.362
0.383
0.364
0.299
0.31
0.315
0.282
0.171
0.123
0.101
0.079
0.087
0.051
0.102
0.09
0.069
0.073
0.09
0.116
0.156
0.181
0.274
0.271
0.323
0.344
0.403
0.396
0.441
0.42
0.457
0.419
0.313
0.259
0.173
0.122
0.128
0.132
0.158
0.141
0.147
0.162
0.159
0.193
0.267
0.342
0.326
0.243
0.25
0.269
0.244
0.313
0.322
0.253
0.154
0.114
0.09
0.091
0.079
0.093
0.092
0.1
0.074
0.085
0.089
0.137
0.143
0.161
0.191
0.28
0.291
0.359
0.446
0.42
0.522
0.568
0.533
0.48
0.457
0.409
0.344
0.252
0.205
0.186
0.182
0.19
0.19
0.169
0.162
0.151
0.188
0.244
0.276
0.375
0.376
0.494
0.496
0.584
0.562
0.572
0.492
0.475
0.461
0.37
0.271
0.205
0.147
0.15
0.134
0.124
0.148
0.119
0.095
0.112
0.122
0.18
0.221
0.248
0.31
0.333
0.332
0.307
0.307
0.309
0.298
0.246
0.165
0.054
0.018
0.01
0
0.006
0
0.001
0.007
0
0.009
0.023
0.028
0.061
0.041
0.055
0.077
0.147
0.182
0.229
0.26
0.233
0.312
0.282
0.248
0.236
0.257
0.214
0.185
0.177
0.166
0.185
0.175
0.165
0.189
0.18
0.181
0.234
0.356
0.44
0.483
0.532
0.528
0.572
0.552
0.575
0.64
0.638
0.524
0.472
0.408
0.352
0.328
0.365
0.363
0.323
0.304
0.304
0.331
0.379
0.409
0.468
0.459
0.519
0.543
0.587
0.573
0.568
0.559
0.62
0.598
0.574
0.589
0.55
0.524
0.444
0.42
0.402
0.368
0.357
0.329
0.292
0.248
0.344
0.259
0.221
0.27
0.347
0.4
0.387
0.445
0.354
0.453
0.434
0.429
0.298
0.3
0.265
0.175
0.096
0.059
0.098
0.054
0.047
0.057
0.041
0.05
0.044
0.014
0.052
0.093
0.143
0.1
0.052
0.029
0.015
0.011
0.013
0.011
0
0.036
0.003
0
0.003
0
0.006
0.011
0.006
0.013
0.012
0.022
0.017
0.027
0.048
0.11
0.149
0.207
0.276
0.304
0.357
0.417
0.476
0.463
0.431
0.348
0.254
0.177
0.068
0.066
0.053
0.075
0.057
0.069
0.079
0.069
0.034
0.026
0.021
0.033
0.05
0.043
0.044
0.033
0.026
0.038
0.023
0.021
0.003
0.003
0.007
0.007
0.001
0.012
0
0
0.005
0.009
0
0
0.006
0.011
0
0
0.021
0.013
0.02
0.035
0.061
0.056
0.094
0.093
0.061
0.08
0.059
0.022
0.002
0.001
0
0.007
0.011
0.005
0.01
0.011
0.01
0.021
0.048
0.087
0.111
0.102
0.109
0.108
0.107
0.098
0.124
0.12
0.165
0.137
0.091
0.048
0.012
0.008
0.009
0
0.004
0.005
0.001
0.002
0
0.002
0
0.001
0.029
0.041
0.043
0.036
0.047
0.057
0.045
0.051
0.042
0.03
0.012
0
0
0
0
0
0
0
0
0
0.007
0.005
0
0
0.002
0.034
0.044
0.046
0.072
0.088
0.117
0.119
0.142
0.104
0.047
0.027
0.025
0.027
0.019
0.016
0.023
0.014
0.026
0.04
0.047
0.027
0.049
0.113
0.126
0.13
0.174
0.243
0.307
0.326
0.335
0.39
0.319
0.247
0.17
0.082
0.055
0.058
0.071
0.052
0.057
0.057
0.061
0.044
0.055
0.086
0.147
0.199
0.251
0.271
0.357
0.415
0.421
0.491
0.486
0.49
0.491
0.332
0.248
0.108
0.09
0.08
0.09
0.079
0.085
0.09
0.047
0.009
0.01
0.025
0.061
0.122
0.112
0.139
0.13
0.14
0.141
0.177
0.177
0.158
0.134
0.089
0.037
0.027
0.028
0.015
0
0
0
0
0
0
0
0
0
0
0
0
0
0.002
0.015
0.044
0.034
0.03
0.033
0.021
0.023
0.022
0.019
0.018
0.01
0.008
0.011
0.006
0.016
0.022
0.012
0.006
0.002
0
0
0.001
0.024
0.041
0.024
0.028
0.073
0.087
0.106
0.091
0.059
0.043
0.059
0.048
0.041
0.03
0.03
0.017
0.012
0.02
0.003
0.018
0
0.038
0.058
0.051
0.064
0.074
0.092
0.073
0.1
0.109
0.093
0.085
0.023
0.013
0
0
0
0
0
0
0
0
0
0.004
0.011
0.04
0.081
0.106
0.078
0.096
0.075
0.126
0.137
0.107
0.106
0.079
0.025
0.009
0.009
0.021
0.013
0.013
0.01
0.026
0
0.014
0.009
0.001
0.055
0.116
0.178
0.17
0.22
0.2
0.223
0.186
0.134
0.121
0.138
0.094
0.072
0.037
0
0
0
0.009
0.012
0.028
0.069
0.052
0.036
0.077
0.063
0.104
0.18
0.124
0.128
0.127
0.143
0.177
0.133
0.154
0.174
0.153
0.123
0.041
0.045
0.028
0.047
0.034
0.031
0.03
0.038
0.025
0.032
0.029
0.051
0.108
0.158
0.134
0.152
0.168
0.228
0.225
0.245
0.302
0.36
0.335
0.328
0.221
0.149
0.181
0.186
0.208
0.223
0.184
0.122
0.103
0.142
0.081
0.216
0.349
0.405
0.36
0.347
0.337
0.274
0.152
0.203
0.258
0.234
0.23
0.308
0.316
0.222
0.272
0.226
0.216
0.218
0.208
0.185
0.172
0.197
0.203
0.241
0.308
0.415
0.472
0.542
0.538
0.558
0.561
0.547
0.548
0.54
0.449
0.334
0.18
0.128
0.108
0.054
0.05
0.068
0.09
0.061
0.081
0.085
0.185
0.218
0.282
0.426
0.541
0.676
0.767
0.749
0.693
0.711
0.769
0.66
0.532
0.514
0.374
0.289
0.2
0.129
0.201
0.275
0.252
0.264
0.364
0.329
0.313
0.334
0.465
0.503
0.695
0.795
0.816
0.926
0.832
0.783
0.817
0.772
0.782
0.75
0.553
0.397
0.314
0.232
0.216
0.185
0.182
0.16
0.113
0.111
0.125
0.17
0.262
0.291
0.315
0.248
0.238
0.194
0.193
0.171
0.184
0.165
0.156
0.138
0.1
0.057
0.053
0.027
0.025
0.021
0.004
0.003
0.007
0.021
0.012
0.005
0.034
0.066
0.096
0.1
0.128
0.121
0.159
0.186
0.134
0.133
0.117
0.086
0.025
0.009
0.007
0.005
0.004
0
0
0
0
0
0
0
0.006
0.033
0.094
0.104
0.103
0.104
0.104
0.136
0.125
0.081
0.091
0.049
0.026
0.022
0.037
0.047
0.061
0.009
0.006
0.016
0.036
0.041
0.072
0.115
0.14
0.186
0.307
0.307
0.432
0.585
0.621
0.65
0.62
0.516
0.498
0.303
0.22
0.186
0.103
0.081
0.058
0.051
0.062
0.033
0.035
0.026
0.027
0.047
0.084
0.065
0.134
0.142
0.246
0.261
0.249
0.27
0.316
0.312
0.35
0.256
0.228
0.203
0.215
0.167
0.243
0.205
0.195
0.25
0.318
0.295
0.356
0.257
0.343
0.319
0.366
0.485
0.522
0.41
0.464
0.526
0.583
0.575
0.524
0.417
0.218
0.221
0.339
0.319
0.372
0.316
0.308
0.269
0.299
0.335
0.315
0.319
0.348
0.361
0.37
0.449
0.488
0.55
0.57
0.611
0.576
0.632
0.587
0.514
0.354
0.202
0.187
0.188
0.156
0.124
0.117
0.112
0.064
0.067
0.045
0.125
0.217
0.251
0.325
0.417
0.418
0.451
0.474
0.534
0.511
0.534
0.51
0.359
0.265
0.192
0.174
0.156
0.129
0.072
0.08
0.076
0.041
0.032
0.018
0.018
0.064
0.147
0.187
0.193
0.194
0.203
0.188
0.209
0.182
0.145
0.118
0.101
0.031
0
0.003
0.008
0.006
0.009
0.016
0.016
0.013
0.012
0.016
0.016
0.013
0.073
0.181
0.256
0.202
0.166
0.173
0.166
0.288
0.295
0.203
0.143
0.127
0.175
0.134
0.133
0.116
0.135
0.145
0.126
0.104
0.098
0.149
0.176
0.204
0.228
0.314
0.397
0.364
0.34
0.289
0.218
0.231
0.187
0.119
0.057
0.008
0.017
0.007
0.034
0.02
0.029
0.034
0.017
0.081
0.025
0.104
0.113
0.192
0.176
0.15
0.287
0.311
0.387
0.448
0.497
0.409
0.418
0.381
0.315
0.279
0.236
0.231
0.248
0.238
0.268
0.237
0.262
0.251
0.239
0.181
0.215
0.245
0.343
0.345
0.407
0.46
0.452
0.451
0.426
0.474
0.397
0.327
0.226
0.109
0.088
0.062
0.073
0.077
0.068
0.061
0.046
0.026
0.028
0.011
0.014
0.069
0.13
0.115
0.067
0.034
0.045
0.074
0.053
0.091
0.081
0.128
0.044
0.077
0.031
0.024
0.052
0.024
0.02
0.018
0.05
0.072
0.048
0.001
0.051
0.012
0.019
0.051
0.041
0.076
0.116
0.175
0.182
0.222
0.25
0.187
0.165
0.152
0.15
0.162
0.124
0.082
0.076
0.073
0.093
0.113
0.115
0.094
0.091
0.084
0.097
0.203
0.183
0.204
0.255
0.269
0.263
0.225
0.277
0.113
0.089
0.085
0.091
0.091
0.092
0.037
0.121
0.031
0.139
0.04
0.059
0.059
0.049
0.067
0.079
0.109
0.093
0.102
0.096
0.098
0.136
0.151
0.1
0.076
0.058
0.025
0.039
0.009
0
0.003
0
0.003
0
0
0.005
0.003
0.042
0.108
0.218
0.197
0.138
0.196
0.226
0.277
0.268
0.219
0.19
0.139
0.04
0.008
0
0.007
0
0
0
0
0
0
0
0
0
0
0.004
0
0
0
0
0.029
0.015
0.022
0.017
0.011
0
0
0
0.003
0.002
0.002
0.003
0.005
0.008
0.008
0.022
0.01
0.007
0.014
0.045
0.061
0.093
0.127
0.143
0.166
0.151
0.173
0.177
0.147
0.058
0.03
0.036
0.041
0.066
0.081
0.058
0.032
0.027
0.024
0.02
0.025
0.011
0.014
0.034
0.054
0.105
0.127
0.101
0.089
0.036
0.075
0.074
0.028
0.001
0.008
0
0
0.005
0.004
0.001
0.001
0.005
0.005
0
0.004
0.002
0
0
0.023
0.063
0.095
0.114
0.155
0.209
0.219
0.201
0.182
0.144
0.124
0.126
0.131
0.116
0.14
0.143
0.184
0.187
0.269
0.233
0.302
0.369
0.462
0.468
0.482
0.523
0.501
0.567
0.592
0.591
0.553
0.569
0.486
0.351
0.381
0.4
0.399
0.364
0.455
0.509
0.55
0.599
0.686
0.667
0.695
0.679
0.68
0.805
0.731
0.772
0.776
0.655
0.737
0.726
0.609
0.544
0.472
0.274
0.174
0.119
0.076
0.074
0.124
0.08
0.092
0.049
0.07
0.067
0.056
0.077
0.166
0.176
0.299
0.376
0.37
0.395
0.516
0.489
0.543
0.502
0.568
0.44
0.266
0.246
0.223
0.253
0.201
0.185
0.175
0.173
0.173
0.191
0.095
0.127
0.115
0.113
0.154
0.147
0.131
0.105
0.064
0.15
0.212
0.219
0.136
0.068
0.047
0.099
0.064
0.063
0.014
0.014
0.025
0.021
0.011
0.02
0.007
0.007
0.008
0.1
0.046
0.059
0.043
0.058
0.117
0.167
0.21
0.224
0.243
0.119
0.067
0.052
0.116
0.14
0.147
0.139
0.105
0.12
0.111
0.094
0.074
0.079
0.145
0.16
0.202
0.169
0.195
0.2
0.21
0.188
0.235
0.248
0.219
0.109
0.076
0.036
0.057
0.059
0.051
0.081
0.134
0.131
0.134
0.128
0.109
0.145
0.168
0.273
0.405
0.455
0.546
0.585
0.594
0.558
0.484
0.426
0.423
0.355
0.359
0.323
0.315
0.346
0.349
0.33
0.294
0.302
0.314
0.447
0.508
0.541
0.695
0.799
0.895
0.922
0.932
0.901
0.876
0.856
0.775
0.642
0.575
0.37
0.386
0.358
0.301
0.298
0.243
0.234
0.19
0.195
0.183
0.129
0.118
0.129
0.162
0.237
0.316
0.179
0.18
0.189
0.147
0.17
0.177
0.214
0.169
0.077
0.038
0.023
0.02
0.027
0.007
0.004
0.015
0.008
0
0.018
0.024
0.062
0.053
0.138
0.301
0.329
0.245
0.243
0.273
0.266
0.215
0.194
0.113
0.051
0.01
0.018
0.003
0.008
0.009
0.034
0.03
0.04
0.047
0.05
0.049
0.062
0.108
0.219
0.271
0.326
0.38
0.357
0.376
0.432
0.399
0.322
0.228
0.081
0.075
0.121
0.166
0.124
0.177
0.177
0.169
0.183
0.171
0.206
0.189
0.136
0.126
0.14
0.258
0.316
0.334
0.414
0.269
0.377
0.279
0.231
0.215
0.078
0.012
0.005
0.019
0.041
0.021
0.009
0.003
0.002
0.017
0.008
0.004
0.011
0.011
0.068
0.106
0.099
0.16
0.196
0.177
0.162
0.134
0.031
0.039
0.061
0.062
0.038
0.039
0.068
0.07
0.101
0.084
0.111
0.139
0.21
0.187
0.273
0.275
0.304
0.445
0.519
0.515
0.538
0.528
0.61
0.485
0.44
0.324
0.244
0.165
0.081
0.058
0.167
0.074
0.036
0.077
0.034
0.006
0
0
0.019
0.044
0.011
0.032
0.065
0.098
0.168
0.271
0.238
0.247
0.205
0.213
0.215
0.186
0.17
0.157
0.139
0.115
0.072
0.062
0.015
0.011
0.011
0.075
0.083
0.116
0.16
0.255
0.332
0.345
0.388
0.454
0.458
0.364
0.365
0.274
0.114
0.088
0.098
0.109
0.073
0.102
0.083
0.056
0.087
0.08
0.048
0.038
0.044
0.069
0.187
0.244
0.269
0.301
0.319
0.335
0.333
0.389
0.35
0.215
0.106
0.053
0.036
0.023
0.033
0.018
0.003
0.004
0.009
0.012
0.011
0.014
0.014
0.016
0.022
0.052
0.087
0.117
0.162
0.113
0.138
0.113
0.13
0.108
0.049
0.064
0.092
0.107
0.092
0.113
0.16
0.172
0.187
0.188
0.229
0.245
0.268
0.228
0.282
0.411
0.497
0.472
0.462
0.468
0.449
0.432
0.353
0.255
0.155
0.164
0.238
0.208
0.204
0.21
0.211
0.265
0.218
0.214
0.345
0.388
0.427
0.474
0.516
0.527
0.663
0.687
0.78
0.756
0.73
0.684
0.678
0.507
0.394
0.265
0.198
0.197
0.098
0.073
0.113
0.146
0.235
0.389
0.577
0.696
0.766
0.772
0.844
0.814
0.799
0.859
0.897
0.941
0.946
0.915
0.709
0.72
0.62
0.57
0.568
0.601
0.492
0.412
0.46
0.404
0.372
0.316
0.211
0.175
0.082
0.108
0.111
0.182
0.234
0.185
0.175
0.169
0.136
0.072
0.026
0.003
0.012
0.023
0.021
0.03
0.025
0.04
0.021
0.017
0.009
0
0
0
0.005
0
0
0.001
0.011
0.028
0.023
0.047
0.056
0.07
0.109
0.13
0.225
0.32
0.326
0.23
0.151
0.128
0.068
0.02
0.048
0.046
0.066
0.075
0.196
0.186
0.187
0.234
0.272
0.31
0.32
0.326
0.319
0.181
0.165
0.052
0.002
0
0
0
0
0
0
0
0
0
0
0
0.011
0.007
0.007
0.016
0.023
0.033
0.024
0.026
0.037
0.049
0.017
0.003
0
0
0.002
0.004
0.005
0.004
0.005
0.004
0.011
0.014
0.02
0.022
0.032
0.056
0.106
0.141
0.175
0.19
0.177
0.221
0.222
0.253
0.249
0.275
0.258
0.261
0.283
0.203
0.131
0.137
0.124
0.064
0.044
0.1
0.053
0.062
0.083
0.113
0.225
0.237
0.412
0.447
0.449
0.383
0.493
0.537
0.712
0.661
0.55
0.563
0.603
0.492
0.518
0.534
0.483
0.473
0.317
0.343
0.344
0.28
0.207
0.198
0.488
0.666
0.836
0.859
0.792
0.861
0.825
0.74
0.68
0.532
0.578
0.486
0.474
0.341
0.409
0.435
0.448
0.322
0.242
0.25
0.268
0.323
0.372
0.409
0.545
0.736
0.747
0.713
0.691
0.628
0.755
0.738
0.788
0.63
0.577
0.558
0.453
0.449
0.313
0.258
0.202
0.165
0.12
0.083
0.057
0.005
0.014
0.05
0.252
0.305
0.356
0.392
0.328
0.461
0.526
0.445
0.411
0.459
0.414
0.387
0.303
0.282
0.244
0.211
0.155
0.146
0.134
0.127
0.132
0.119
0.054
0.06
0.086
0.159
0.236
0.332
0.283
0.279
0.227
0.202
0.131
0.037
0.021
0.029
0.023
0.009
0.051
0.031
0.051
0.053
0.057
0.054
0.05
0.043
0.092
0.036
0.065
0.143
0.092
0.116
0.138
0.166
0.079
0.082
0.047
0.031
0.026
0.042
0.036
0.076
0.041
0.033
0.035
0.026
0.035
0.052
0.049
0.052
0.038
0.052
0.081
0.086
0.147
0.103
0.155
0.112
0.117
0.101
0.077
0.034
0.009
0
0
0.026
0
0
0
0.014
0.012
0.007
0.004
0.004
0.012
0.01
0
0.008
0.071
0.1
0.098
0.098
0.084
0.111
0.109
0.065
0.104
0.119
0.133
0.113
0.07
0.055
0.034
0.045
0.039
0.081
0.09
0.099
0.11
0.074
0.093
0.112
0.116
0.147
0.152
0.13
0.149
0.122
0.115
0.077
0.045
0.062
0.028
0.037
0.038
0.054
0.077
0.065
0.06
0.054
0.06
0.113
0.1
0.091
0.114
0.101
0.142
0.191
0.147
0.132
0.09
0.079
0.043
0.013
0.005
0.002
0.009
0.006
0
0
0
0
0.003
0.004
0
0.001
0
0.006
0.008
0.009
0.046
0.015
0.036
0.01
0.029
0.034
0.047
0.058
0.042
0.047
0.062
0.051
0.032
0.029
0.032
0.027
0.045
0.047
0.075
0.049
0.061
0.073
0.1
0.104
0.121
0.156
0.164
0.167
0.203
0.219
0.172
0.112
0.12
0.161
0.147
0.16
0.193
0.151
0.119
0.125
0.213
0.17
0.186
0.238
0.242
0.247
0.28
0.407
0.434
0.524
0.534
0.54
0.475
0.386
0.279
0.249
0.196
0.243
0.252
0.238
0.191
0.22
0.23
0.239
0.216
0.168
0.141
0.147
0.204
0.277
0.276
0.289
0.436
0.454
0.471
0.435
0.399
0.301
0.249
0.295
0.186
0.224
0.191
0.164
0.126
0.113
0.09
0.086
0.081
0.036
0.021
0.032
0.034
0.038
0.052
0.066
0.052
0.063
0.104
0.086
0.095
0.105
0.126
0.133
0.078
0.142
0.143
0.08
0.066
0.084
0.092
0.072
0.049
0.036
0.003
0.001
0.006
0.024
0.038
0.065
0.119
0.189
0.22
0.188
0.182
0.142
0.125
0.143
0.119
0.134
0.073
0.041
0.048
0.067
0.091
0.093
0.06
0.045
0.039
0.045
0.08
0.166
0.217
0.332
0.445
0.598
0.652
0.696
0.667
0.636
0.71
0.783
0.859
0.853
0.786
0.765
0.721
0.728
0.681
0.562
0.6
0.579
0.54
0.675
0.716
0.786
0.807
0.874
0.854
0.802
0.872
0.896
0.719
0.915
0.651
0.582
0.717
0.777
0.745
0.768
0.76
0.797
0.744
0.729
0.77
0.691
0.692
0.617
0.597
0.587
0.684
0.617
0.741
0.717
0.632
0.526
0.557
0.556
0.556
0.589
0.565
0.568
0.552
0.457
0.398
0.444
0.416
0.371
0.335
0.301
0.301
0.261
0.209
0.196
0.181
0.301
0.302
0.407
0.417
0.345
0.34
0.373
0.202
0.13
0.233
0.269
0.238
0.233
0.141
0.148
0.115
0.123
0.11
0.116
0.185
0.208
0.228
0.19
0.159
0.296
0.264
0.336
0.385
0.585
0.406
0.381
0.221
0.131
0.094
0.091
0.068
0.075
0.033
0.037
0.126
0.111
0.051
0.011
0.018
0.028
0.01
0.016
0.012
0.007
0.042
0.034
0.078
0.197
0.193
0.156
0.012
0
0
0
0
0
0
0
0.001
0.007
0.001
0
0.003
0.023
0.036
0.048
0.066
0.122
0.204
0.339
0.406
0.445
0.312
0.187
0.151
0.064
0.055
0.032
0.059
0.051
0.046
0.042
0.026
0.015
0.003
0.047
0.009
0.009
0.003
0
0.095
0.14
0.065
0.145
0.142
0.143
0.121
0.129
0.087
0.003
0.015
0.03
0.042
0.048
0.057
0.05
0.061
0.068
0.077
0.041
0.012
0.007
0
0.008
0
0.018
0.034
0.044
0.033
0.026
0.11
0.029
0.023
0.02
0.036
0.058
0.042
0.058
0.027
0.016
0.011
0
0
0.001
0.012
0.002
0
0
0
0
0
0.005
0.015
0.022
0.011
0.004
0
0
0
0
0
0
0
0
0
0.002
0.002
0.002
0.013
0.007
0.012
0.009
0.004
0.01
0.017
0.046
0.048
0.068
0.084
0.03
0.012
0.011
0.006
0.012
0.02
0.012
0.018
0.038
0.044
0.021
0.008
0.023
0.022
0.017
0.017
0.03
0.049
0.115
0.212
0.233
0.281
0.284
0.293
0.263
0.174
0.123
0.126
0.156
0.16
0.132
0.149
0.217
0.181
0.14
0.091
0.087
0.064
0.053
0.053
0.044
0.046
0.111
0.187
0.228
0.25
0.248
0.307
0.271
0.209
0.127
0.137
0.105
0.071
0.052
0.088
0.094
0.077
0.05
0.043
0.075
0.068
0.059
0.089
0.073
0.088
0.148
0.162
0.193
0.191
0.183
0.265
0.17
0.101
0.09
0.111
0.122
0.123
0.172
0.219
0.19
0.183
0.191
0.163
0.17
0.195
0.189
0.237
0.265
0.277
0.346
0.438
0.524
0.642
0.638
0.591
0.547
0.496
0.47
0.462
0.468
0.441
0.488
0.498
0.483
0.466
0.384
0.428
0.413
0.358
0.422
0.446
0.492
0.554
0.727
0.809
0.694
0.739
0.726
0.78
0.684
0.583
0.602
0.613
0.599
0.459
0.453
0.435
0.463
0.418
0.448
0.455
0.505
0.438
0.449
0.514
0.53
0.537
0.548
0.532
0.619
0.615
0.688
0.647
0.585
0.601
0.669
0.738
0.777
0.859
0.816
0.823
0.699
0.682
0.59
0.592
0.821
0.843
0.86
0.839
0.82
0.641
0.742
0.819
0.87
0.825
0.819
0.817
0.78
0.667
0.594
0.476
0.311
0.269
0.338
0.293
0.356
0.392
0.449
0.516
0.581
0.672
0.76
0.796
0.849
0.9
0.932
0.956
0.958
0.914
0.857
0.746
0.713
0.654
0.644
0.64
0.456
0.507
0.494
0.435
0.441
0.424
0.416
0.481
0.374
0.324
0.299
0.767
0.357
0.354
0.405
0.461
0.495
0.464
0.55
0.425
0.285
0.257
0.202
0.206
0.171
0.177
0.246
0.13
0.127
0.11
0.133
0.109
0.104
0.115
0.107
0.184
0.234
0.346
0.369
0.456
0.508
0.613
0.643
0.673
0.704
0.618
0.558
0.634
0.489
0.59
0.523
0.526
0.589
0.612
0.681
0.661
0.6
0.482
0.567
0.475
0.371
0.313
0.352
0.347
0.443
0.528
0.522
0.426
0.262
0.145
0.159
0.23
0.398
0.567
0.649
0.608
0.638
0.647
0.687
0.593
0.631
0.575
0.583
0.618
0.62
0.494
0.517
0.586
0.502
0.598
0.704
0.647
0.385
0.283
0.255
0.276
0.244
0.256
0.268
0.298
0.347
0.476
0.547
0.666
0.627
0.614
0.588
0.54
0.626
0.735
0.729
0.757
0.827
0.849
0.803
0.786
0.701
0.573
0.538
0.496
0.468
0.492
0.48
0.515
0.357
0.345
0.408
0.414
0.443
0.351
0.351
0.46
0.473
0.451
0.452
0.493
0.619
0.769
0.688
0.774
0.747
0.778
0.736
0.768
0.754
0.697
0.533
0.514
0.564
0.495
0.649
0.568
0.526
0.554
0.437
0.354
0.323
0.312
0.24
0.256
0.307
0.314
0.333
0.203
0.066
0.04
0.036
0.05
0.159
0.258
0.37
0.497
0.547
0.631
0.664
0.763
0.866
0.876
0.885
0.915
0.858
0.702
0.667
0.644
0.728
0.892
0.749
0.618
0.512
0.434
0.404
0.324
0.287
0.275
0.234
0.184
0.141
0.123
0.098
0.139
0.202
0.207
0.192
0.237
0.255
0.273
0.268
0.354
0.409
0.421
0.466
0.556
0.469
0.383
0.531
0.584
0.59
0.67
0.697
0.699
0.737
0.802
0.845
0.873
0.914
0.957
0.887
0.77
0.756
0.754
0.762
0.743
0.742
0.701
0.593
0.636
0.566
0.36
0.412
0.415
0.447
0.422
0.383
0.359
0.226
0.172
0.289
0.321
0.366
0.378
0.42
0.319
0.378
0.388
0.441
0.409
0.421
0.334
0.247
0.15
0.169
0.21
0.152
0.1
0.074
0.086
0.073
0.051
0.044
0.024
0.034
0.018
0.001
0.005
0.028
0.024
0.078
0.015
0.021
0.014
0.052
0.033
0.021
0.034
0.041
0.034
0.018
0.007
0
0
0
0
0
0
0
0.004
0.002
0
0
0
0.003
0
0.012
0.015
0.03
0.019
0
0.002
0.001
0
0
0
0.003
0.004
0.002
0.013
0.039
0.033
0.043
0.038
0.042
0.05
0.09
0.066
0.115
0.086
0.124
0.118
0.164
0.15
0.116
0.141
0.149
0.124
0.065
0.091
0.102
0.094
0.092
0.073
0.085
0.086
0.098
0.138
0.119
0.12
0.144
0.115
0.135
0.154
0.067
0.102
0.104
0.118
0.148
0.146
0.109
0.146
0.148
0.117
0.095
0.102
0.082
0.08
0.08
0.065
0.051
0.086
0.024
0.037
0.082
0.037
0.033
0.041
0.041
0.075
0.106
0.141
0.121
0.164
0.166
0.141
0.118
0.071
0.086
0.11
0.071
0.043
0.102
0.047
0.074
0.051
0.057
0.08
0.108
0.104
0.123
0.103
0.052
0.022
0.019
0.095
0.104
0.071
0.05
0.041
0.028
0.04
0.055
0.03
0.026
0.01
0.007
0.002
0.004
0
0.011
0.005
0.006
0.009
0.027
0.046
0.066
0.114
0.172
0.187
0.28
0.337
0.294
0.297
0.305
0.354
0.429
0.462
0.467
0.493
0.51
0.455
0.517
0.547
0.49
0.473
0.47
0.419
0.419
0.449
0.441
0.417
0.542
0.429
0.428
0.357
0.322
0.215
0.198
0.165
0.152
0.178
0.141
0.154
0.177
0.236
0.244
0.222
0.282
0.287
0.237
0.251
0.193
0.192
0.21
0.223
0.261
0.207
0.241
0.279
0.238
0.179
0.147
0.135
0.173
0.15
0.138
0.128
0.157
0.153
0.185
0.161
0.195
0.167
0.162
0.15
0.08
0.06
0.092
0.094
0.103
0.078
0.073
0.048
0.028
0.014
0.015
0.011
0.047
0.053
0.038
0.07
0.116
0.092
0.073
0.075
0.064
0.069
0.107
0.135
0.116
0.153
0.221
0.275
0.255
0.267
0.302
0.28
0.263
0.127
0.155
0.252
0.267
0.136
0.191
0.201
0.229
0.324
0.217
0.127
0.169
0.201
0.143
0.091
0.184
0.134
0.132
0.222
0.231
0.269
0.226
0.157
0.19
0.13
0.159
0.118
0.113
0.139
0.152
0.133
0.095
0.076
0.082
0.052
0.028
0.034
0.049
0.061
0.043
0.048
0.068
0.029
0.034
0.031
0.032
0.032
0.014
0.002
0.002
0.007
0.006
0.006
0.013
0.048
0.017
0.017
0.046
0.08
0.115
0.182
0.218
0.321
0.279
0.336
0.283
0.313
0.36
0.35
0.26
0.287
0.281
0.282
0.279
0.365
0.346
0.398
0.361
0.269
0.229
0.163
0.12
0.149
0.115
0.07
0.064
0.058
0.035
0.007
0.031
0.035
0.041
0.036
0.091
0.058
0.051
0.03
0.016
0.052
0.076
0.108
0.112
0.076
0.037
0.066
0.049
0.032
0.025
0.024
0.028
0.03
0.036
0.052
0.068
0.062
0.073
0.087
0.094
0.096
0.085
0.089
0.094
0.084
0.038
0.037
0.007
0.049
0.069
0.093
0.108
0.125
0.097
0.085
0.136
0.135
0.138
0.121
0.143
0.144
0.125
0.12
0.076
0.082
0.045
0.045
0.05
0.036
0.004
0.013
0
0.006
0
0
0
0
0
0
0.005
0
0.006
0.004
0.002
0
0
0
0
0
0
0
0
0
0
0
0
0
0
0
0
0.005
0.019
0.028
0.037
0.043
0.047
0.046
0.047
0.049
0.093
0.107
0.141
0.124
0.147
0.136
0.178
0.2
0.235
0.333
0.343
0.315
0.4
0.47
0.599
0.505
0.582
0.601
0.551
0.619
0.673
0.776
0.822
0.839
0.918
0.827
0.618
0.445
0.328
0.202
0.235
0.22
0.137
0.217
0.249
0.183
0.176
0.186
0.126
0.08
0.046
0.024
0.087
0.044
0.105
0.087
0.12
0.115
0.167
0.267
0.305
0.295
0.209
0.179
0.198
0.086
0.147
0.095
0.06
0.05
0.059
0.048
0.067
0.032
0.098
0.076
0.088
0.046
0.094
0.067
0.049
0.138
0.135
0.153
0.054
0.032
0.04
0.029
0.029
0.008
0.026
0.008
0.007
0.01
0.033
0.039
0.062
0
0
0.001
0
0
0
0.014
0.027
0.031
0.031
0.032
0.01
0.02
0.017
0.016
0.011
0.018
0.011
0.02
0.051
0.07
0.024
0
0
0
0
0
0
0.006
0
0
0
0
0
0
0
0
0
0
0.002
0.021
0.039
0.043
0.026
0.009
0.013
0.013
0.017
0.026
0.024
0.028
0.027
0.005
0.007
0.004
0.023
0.032
0.014
0
0
0
0.012
0.031
0.01
0.015
0.034
0.042
0.023
0.028
0.01
0.079
0.09
0.084
0.067
0.048
0.028
0.032
0.061
0.051
0.024
0.043
0.069
0.087
0.079
0.013
0.009
0.039
0.007
0.055
0.047
0.042
0.028
0.018
0.01
0.025
0.028
0.035
0.023
0.037
0.063
0.059
0.046
0.06
0.072
0.088
0.095
0.078
0.061
0.043
0.042
0.014
0.005
0.045
0.081
0.053
0.021
0.033
0.068
0.082
0.063
0.027
0.005
0.031
0.091
0.1
0.118
0.132
0.115
0.191
0.203
0.181
0.194
0.26
0.225
0.255
0.272
0.372
0.352
0.418
0.453
0.496
0.543
0.609
0.489
0.47
0.555
0.671
0.8
0.726
0.793
0.648
0.709
0.745
0.77
0.801
0.833
0.823
0.845
0.815
0.813
0.809
0.827
0.833
0.812
0.84
0.801
0.795
0.787
0.822
0.821
0.924
0.896
0.955
0.886
0.876
0.801
0.854
0.899
0.903
0.921
0.886
0.795
0.766
0.674
0.595
0.479
0.414
0.326
0.293
0.258
0.179
0.169
0.143
0.053
0.115
0.18
0.196
0.24
0.299
0.288
0.291
0.417
0.46
0.49
0.441
0.492
0.456
0.384
0.325
0.245
0.265
0.17
0.187
0.185
0.144
0.137
0.084
0.148
0.112
0.073
0.094
0.137
0.109
0.099
0.076
0.146
0.154
0.218
0.149
0.084
0.075
0.034
0.03
0.03
0.044
0.05
0.071
0.057
0.059
0.079
0.098
0.101
0.106
0.079
0.164
0.093
0.111
0.211
0.302
0.222
0.322
0.458
0.479
0.516
0.616
0.708
0.812
0.938
0.869
0.89
0.829
0.777
0.666
0.492
0.473
0.426
0.32
0.25
0.298
0.366
0.327
0.476
0.44
0.508
0.623
0.646
0.76
0.668
0.599
0.55
0.532
0.554
0.611
0.62
0.519
0.577
0.592
0.583
0.53
0.373
0.431
0.342
0.304
0.353
0.452
0.552
0.71
0.835
0.832
0.711
0.65
0.577
0.497
0.473
0.313
0.226
0.214
0.238
0.282
0.284
0.313
0.277
0.409
0.407
0.545
0.615
0.6
0.48
0.602
0.741
0.729
0.759
0.769
0.773
0.81
0.914
0.926
0.894
0.969
0.95
0.964
0.917
0.949
0.954
0.937
0.938
0.911
0.817
0.766
0.652
0.635
0.566
0.504
0.423
0.431
0.384
0.412
0.379
0.299
0.224
0.141
0.048
0.028
0.056
0.087
0.048
0.056
0.049
0.036
0.076
0.04
0.049
0.022
0.02
0.004
0.006
0.021
0.027
0.015
0.021
0.04
0.068
0.066
0.124
0.28
0.463
0.549
0.473
0.487
0.483
0.559
0.529
0.618
0.605
0.595
0.65
0.775
0.71
0.709
0.732
0.74
0.732
0.738
0.707
0.724
0.652
0.433
0.499
0.299
0.281
0.349
0.566
0.668
0.567
0.604
0.64
0.809
0.895
0.99
0.893
0.908
0.962
0.972
0.903
0.837
0.794
0.698
0.455
0.424
0.454
0.444
0.42
0.351
0.337
0.242
0.343
0.319
0.378
0.349
0.353
0.21
0.193
0.156
0.125
0.104
0.102
0.121
0.066
0.029
0.023
0.026
0.103
0.155
0.103
0.053
0.072
0.072
0.104
0.152
0.2
0.365
0.44
0.496
0.625
0.696
0.807
0.753
0.765
0.786
0.802
0.799
0.714
0.75
0.698
0.778
0.839
0.897
0.923
0.869
0.853
0.846
0.821
0.772
0.691
0.593
0.483
0.602
0.67
0.742
0.811
0.79
0.799
0.754
0.722
0.611
0.393
0.458
0.471
0.397
0.354
0.327
0.418
0.278
0.171
0.092
0.113
0.101
0.088
0.087
0.068
0.061
0.053
0.03
0.07
0.066
0.092
0.074
0.094
0.138
0.154
0.215
0.251
0.294
0.332
0.333
0.334
0.406
0.422
0.431
0.452
0.449
0.465
0.519
0.484
0.546
0.541
0.52
0.516
0.49
0.514
0.525
0.485
0.499
0.488
0.553
0.62
0.715
0.718
0.803
0.752
0.66
0.596
0.565
0.563
0.493
0.427
0.393
0.409
0.452
0.505
0.551
0.678
0.719
0.727
0.833
0.848
0.922
0.911
0.846
0.775
0.633
0.727
0.571
0.533
0.238
0.333
0.14
0.215
0.178
0.182
0.165
0.166
0.162
0.031
0.087
0.071
0.072
0.086
0.084
0.018
0
0
0
0.019
0.042
0.059
0.122
0.111
0.137
0.198
0.259
0.392
0.509
0.568
0.719
0.696
0.775
0.781