0.045
0.03
0.059
0.061
0.019
0.059
0.09
0.068
0.052
0.098
0.104
0.129
0.218
0.252
0.257
0.271
0.237
0.219
0.203
0.202
0.138
0.13
0.145
0.157
0.161
0.14
0.14
0.14
0.088
0.114
0.09
0.027
0.046
0.102
0.11
0.09
0.085
0.099
0.127
0.147
0.142
0.134
0.149
0.165
0.172
0.126
0.105
0.075
0.063
0.043
0.03
0.007
0.003
0.001
0
0.002
0
0
0.018
0.009
0.026
0.07
0.064
0.089
0.178
0.243
0.31
0.4
0.38
0.423
0.564
0.571
0.671
0.72
0.811
0.826
0.695
0.666
0.603
0.627
0.658
0.496
0.497
0.471
0.402
0.44
0.359
0.322
0.307
0.273
0.219
0.274
0.258
0.284
0.303
0.245
0.249
0.194
0.164
0.151
0.16
0.14
0.149
0.129
0.136
0.122
0.12
0.099
0.122
0.136
0.115
0.062
0.083
0.102
0.179
0.305
0.296
0.276
0.235
0.256
0.303
0.282
0.281
0.204
0.166
0.193
0.177
0.071
0.039
0.038
0.015
0.056
0.064
0.034
0.035
0.054
0.054
0.048
0.047
0.058
0.038
0.04
0.047
0.056
0.083
0.131
0.206
0.234
0.236
0.246
0.22
0.193
0.19
0.205
0.195
0.181
0.214
0.299
0.352
0.356
0.347
0.422
0.407
0.374
0.33
0.263
0.288
0.261
0.273
0.227
0.237
0.24
0.214
0.21
0.228
0.18
0.161
0.159
0.173
0.218
0.202
0.126
0.086
0.034
0.036
0.035
0.03
0.05
0.041
0.042
0.042
0.036
0.025
0.013
0.028
0.018
0.03
0.047
0.06
0.086
0.067
0.088
0.075
0.121
0.15
0.172
0.223
0.247
0.306
0.279
0.312
0.351
0.304
0.301
0.315
0.299
0.303
0.297
0.277
0.32
0.294
0.262
0.336
0.348
0.329
0.331
0.371
0.354
0.341
0.335
0.344
0.347
0.364
0.379
0.395
0.413
0.471
0.53
0.552
0.519
0.494
0.556
0.611
0.53
0.573
0.561
0.466
0.454
0.429
0.495
0.432
0.374
0.4
0.408
0.313
0.247
0.222
0.19
0.16
0.135
0.167
0.14
0.114
0.105
0.059
0.027
0.029
0.082
0.099
0.123
0.074
0.174
0.196
0.212
0.233
0.278
0.234
0.299
0.335
0.347
0.437
0.597
0.674
0.713
0.788
0.893
0.911
0.827
0.783
0.721
0.752
0.682
0.622
0.633
0.718
0.752
0.731
0.742
0.726
0.785
0.771
0.759
0.708
0.697
0.695
0.666
0.804
0.791
0.687
0.681
0.743
0.747
0.752
0.757
0.752
0.664
0.757
0.817
0.783
0.86
0.843
0.878
0.877
0.925
0.94
0.893
0.785
0.753
0.659
0.556
0.468
0.357
0.411
0.356
0.337
0.322
0.329
0.322
0.305
0.274
0.255
0.287
0.238
0.194
0.164
0.15
0.137
0.152
0.142
0.212
0.213
0.195
0.151
0.144
0.173
0.152
0.161
0.105
0.129
0.139
0.142
0.142
0.133
0.111
0.101
0.252
0.25
0.163
0.035
0.049
0.079
0.136
0.288
0.204
0.2
0.053
0.027
0.057
0.087
0.149
0.113
0.01
0.048
0.06
0.001
0.006
0.007
0.006
0.053
0.005
0.001
0.011
0.014
0.071
0.126
0.157
0.243
0.235
0.222
0.258
0.197
0.2
0.211
0.178
0.087
0.106
0.095
0.08
0.079
0.138
0.304
0.429
0.558
0.622
0.676
0.591
0.62
0.625
0.654
0.551
0.551
0.53
0.495
0.412
0.448
0.453
0.434
0.42
0.435
0.472
0.491
0.573
0.568
0.56
0.457
0.43
0.398
0.363
0.318
0.291
0.248
0.199
0.212
0.222
0.231
0.196
0.196
0.167
0.101
0.073
0.033
0.053
0.065
0.08
0.062
0.092
0.104
0.09
0.088
0.1
0.106
0.116
0.138
0.103
0.14
0.152
0.219
0.302
0.324
0.354
0.422
0.433
0.407
0.331
0.366
0.453
0.483
0.567
0.585
0.489
0.579
0.594
0.623
0.558
0.64
0.643
0.651
0.713
0.676
0.673
0.738
0.764
0.785
0.809
0.804
0.784
0.692
0.677
0.718
0.72
0.688
0.603
0.531
0.405
0.392
0.292
0.252
0.204
0.203
0.153
0.19
0.211
0.287
0.41
0.425
0.448
0.567
0.545
0.671
0.681
0.623
0.683
0.761
0.725
0.722
0.84
0.816
0.688
0.62
0.437
0.356
0.362
0.281
0.484
0.474
0.681
0.772
0.685
0.842
0.8
0.859
0.91
0.879
0.942
0.984
0.985
0.975
0.965
0.986
0.964
0.977
0.958
0.956
0.993
0.965
0.98
0.951
0.989
0.997
0.979
0.884
0.83
0.949
0.918
0.952
0.988
0.868
0.879
0.898
0.8
0.78
0.721
0.695
0.705
0.672
0.547
0.45
0.446
0.356
0.28
0.289
0.164
0.092
0.175
0.159
0.147
0.188
0.23
0.162
0.285
0.336
0.36
0.47
0.628
0.72
0.617
0.462
0.452
0.484
0.464
0.418
0.283
0.326
0.341
0.276
0.275
0.299
0.279
0.387
0.425
0.521
0.632
0.694
0.73
0.693
0.634
0.494
0.473
0.461
0.63
0.379
0.361
0.356
0.48
0.506
0.66
0.769
0.759
0.841
0.821
0.872
0.795
0.731
0.823
0.821
0.827
0.868
0.797
0.736
0.835
0.687
0.702
0.713
0.614
0.642
0.61
0.374
0.28
0.264
0.423
0.323
0.351
0.284
0.29
0.313
0.474
0.631
0.491
0.678
0.718
0.703
0.631
0.796
0.775
0.731
0.662
0.6
0.474
0.538
0.322
0.313
0.272
0.244
0.215
0.12
0.207
0.149
0.257
0.245
0.203
0.188
0.2
0.19
0.206
0.207
0.194
0.062
0.036
0.091
0.008
0.01
0.099
0.234
0.279
0.303
0.488
0.651
0.648
0.63
0.638
0.751
0.723
0.808
0.837
0.764
0.813
0.803
0.876
0.915
0.964
0.96
0.858
0.793
0.95
0.851
0.94
0.949
0.915
0.876
0.895
0.966
0.953
0.941
0.946
0.933
0.948
0.941
0.923
0.919
0.853
0.813
0.832
0.814
0.792
0.702
0.648
0.511
0.473
0.324
0.273
0.143
0.119
0.102
0.085
0.047
0.07
0.035
0.025
0.055
0.01
0.014
0.028
0.062
0.083
0.111
0.07
0.141
0.16
0.187
0.245
0.176
0.169
0.248
0.273
0.423
0.468
0.584
0.634
0.63
0.583
0.56
0.436
0.519
0.491
0.408
0.479
0.47
0.514
0.515
0.64
0.632
0.667
0.712
0.751
0.775
0.672
0.596
0.526
0.527
0.452
0.395
0.333
0.25
0.208
0.134
0.018
0.038
0.012
0.032
0.05
0.056
0.043
0.07
0.057
0.071
0.127
0.102
0.088
0.143
0.163
0.179
0.174
0.162
0.191
0.248
0.229
0.321
0.392
0.412
0.489
0.57
0.566
0.57
0.493
0.604
0.572
0.589
0.518
0.574
0.609
0.638
0.62
0.653
0.646
0.761
0.723
0.748
0.712
0.723
0.733
0.693
0.67
0.696
0.713
0.686
0.698
0.77
0.758
0.733
0.73
0.723
0.704
0.788
0.698
0.592
0.558
0.531
0.515
0.452
0.46
0.456
0.484
0.466
0.298
0.355
0.318
0.337
0.301
0.268
0.244
0.228
0.247
0.176
0.153
0.158
0.186
0.139
0.118
0.085
0.093
0.098
0.128
0.121
0.125
0.12
0.109
0.099
0.133
0.157
0.124
0.108
0.133
0.135
0.121
0.13
0.174
0.148
0.125
0.129
0.112
0.107
0.087
0.071
0.072
0.07
0.082
0.059
0.057
0.052
0.037
0.034
0.025
0.028
0.019
0.022
0.012
0.019
0.015
0.024
0.012
0.004
0.021
0.019
0.016
0.017
0.004
0
0
0
0
0
0
0
0
0.006
0.011
0
0
0.04
0.003
0.017
0.046
0.162
0.196
0.336
0.444
0.617
0.626
0.472
0.384
0.381
0.292
0.247
0.206
0.24
0.249
0.235
0.138
0.101
0.099
0.074
0.084
0.068
0.039
0.059
0.127
0.136
0.119
0.097
0.143
0.208
0.214
0.191
0.113
0.165
0.202
0.186
0.15
0.08
0.122
0.07
0.139
0.099
0.04
0.053
0.134
0.129
0.071
0.09
0.139
0.143
0.147
0.162
0.204
0.218
0.194
0.158
0.217
0.156
0.167
0.196
0.171
0.169
0.138
0.208
0.194
0.207
0.209
0.246
0.308
0.319
0.322
0.297
0.25
0.315
0.306
0.295
0.304
0.388
0.363
0.364
0.363
0.386
0.413
0.324
0.272
0.268
0.317
0.371
0.428
0.402
0.414
0.459
0.451
0.481
0.508
0.501
0.49
0.476
0.511
0.563
0.703
0.721
0.717
0.747
0.781
0.776
0.764
0.774
0.684
0.653
0.695
0.712
0.646
0.682
0.745
0.696
0.674
0.655
0.685
0.675
0.61
0.518
0.568
0.589
0.664
0.758
0.75
0.777
0.674
0.633
0.536
0.497
0.409
0.331
0.356
0.33
0.247
0.223
0.228
0.223
0.229
0.241
0.256
0.324
0.427
0.397
0.384
0.429
0.611
0.675
0.726
0.751
0.71
0.694
0.691
0.666
0.608
0.684
0.632
0.626
0.603
0.584
0.569
0.495
0.289
0.235
0.279
0.237
0.168
0.14
0.164
0.219
0.319
0.284
0.323
0.271
0.394
0.279
0.223
0.132
0.09
0.081
0.079
0.091
0.072
0.049
0.036
0.021
0.023
0.029
0.016
0.019
0.002
0.01
0.019
0.026
0.033
0.08
0.097
0.148
0.173
0.167
0.123
0.075
0.058
0.016
0.028
0.001
0.03
0.002
0.002
0.005
0.002
0.002
0.004
0.004
0.004
0.004
0.005
0.005
0.011
0.023
0.038
0.003
0.025
0.01
0.027
0.003
0
0
0.02
0.036
0.025
0.025
0.01
0.001
0.013
0
0
0.028
0.036
0.063
0.061
0.116
0.077
0.219
0.212
0.228
0.254
0.213
0.132
0.128
0.105
0.063
0.109
0.092
0.09
0.05
0.071
0.025
0.03
0.061
0.078
0.065
0.102
0.074
0.12
0.089
0.16
0.169
0.2
0.247
0.316
0.332
0.342
0.38
0.403
0.389
0.415
0.441
0.456
0.446
0.414
0.364
0.409
0.377
0.293
0.234
0.189
0.296
0.335
0.354
0.365
0.366
0.376
0.402
0.412
0.365
0.331
0.307
0.263
0.246
0.192
0.149
0.125
0.135
0.142
0.129
0.094
0.06
0.096
0.078
0.066
0.091
0.094
0.095
0.134
0.132
0.13
0.106
0.083
0.077
0.095
0.061
0.069
0.077
0.142
0.093
0.04
0.039
0.048
0.072
0.092
0.094
0.052
0.04
0.034
0.059
0.069
0.048
0.101
0.113
0.139
0.106
0.095
0.066
0.072
0.064
0.036
0.024
0.039
0.044
0.019
0.011
0.005
0
0
0
0.029
0.026
0
0.023
0.021
0.041
0
0.007
0.009
0.017
0.05
0.053
0.067
0.023
0.011
0.005
0
0.011
0.022
0.032
0.038
0.04
0.068
0.092
0.077
0.108
0.107
0.071
0.057
0.046
0.09
0.1
0.11
0.121
0.113
0.089
0.094
0.066
0.02
0.016
0.019
0.01
0.018
0.007
0.021
0.002
0.001
0.054
0.06
0.047
0.054
0.063
0.103
0.131
0.198
0.305
0.407
0.466
0.478
0.547
0.481
0.481
0.48
0.412
0.431
0.469
0.437
0.394
0.33
0.33
0.333
0.28
0.265
0.28
0.324
0.315
0.315
0.362
0.355
0.343
0.388
0.422
0.429
0.512
0.496
0.42
0.419
0.455
0.509
0.481
0.461
0.437
0.419
0.393
0.321
0.297
0.246
0.234
0.225
0.301
0.302
0.26
0.277
0.43
0.471
0.486
0.495
0.485
0.422
0.324
0.342
0.405
0.409
0.435
0.5
0.52
0.545
0.477
0.514
0.497
0.538
0.54
0.57
0.595
0.626
0.575
0.588
0.533
0.56
0.565
0.534
0.559
0.541
0.501
0.466
0.473
0.444
0.421
0.489
0.525
0.504
0.477
0.514
0.497
0.538
0.54
0.57
0.595
0.626
0.575
0.588
0.533
0.56
0.565
0.534
0.559
0.541
0.501
0.466
0.473
0.444
0.421
0.489
0.525
0.504
0.476
0.477
0.487
0.491
0.493
0.457
0.477
0.434
0.432
0.386
0.363
0.322
0.314
0.234
0.2
0.191
0.18
0.137
0.1
0.086
0.128
0.074
0.043
0.041
0.026
0.012
0.009
0.026
0.026
0.041
0.029
0.019
0.037
0.036
0.019
0.058
0.084
0.152
0.199
0.235
0.268
0.309
0.268
0.202
0.118
0.064
0.044
0.04
0.068
0.076
0.094
0.149
0.217
0.254
0.194
0.128
0.142
0.141
0.149
0.134
0.098
0.116
0.104
0.069
0.073
0.09
0.079
0.106
0.123
0.136
0.184
0.18
0.214
0.289
0.356
0.401
0.413
0.453
0.515
0.578
0.612
0.621
0.644
0.691
0.65
0.727
0.651
0.642
0.594
0.588
0.607
0.574
0.585
0.545
0.471
0.438
0.457
0.438
0.431
0.474
0.49
0.492
0.524
0.49
0.577
0.627
0.736
0.8
0.74
0.765
0.637
0.536
0.435
0.401
0.447
0.49
0.558
0.646
0.668
0.719
0.68
0.702
0.709
0.785
0.775
0.629
0.62
0.61
0.577
0.608
0.612
0.718
0.665
0.754
0.78
0.804
0.718
0.807
0.694
0.628
0.467
0.422
0.328
0.221
0.148
0.177
0.12
0.118
0.173
0.149
0.198
0.317
0.206
0.237
0.28
0.304
0.381
0.42
0.43
0.46
0.564
0.647
0.666
0.704
0.767
0.703
0.651
0.591
0.548
0.573
0.508
0.443
0.461
0.357
0.32
0.326
0.409
0.399
0.376
0.457
0.416
0.305
0.287
0.171
0.168
0.082
0.11
0.174
0.224
0.236
0.245
0.297
0.399
0.359
0.373
0.414
0.432
0.47
0.546
0.513
0.556
0.648
0.787
0.844
0.876
0.866
0.874
0.823
0.851
0.845
0.812
0.578
0.412
0.424
0.396
0.384
0.4
0.423
0.312
0.373
0.414
0.426
0.439
0.477
0.582
0.689
0.675
0.63
0.674
0.734
0.705
0.681
0.515
0.404
0.329
0.282
0.21
0.17
0.18
0.203
0.217
0.22
0.216
0.167
0.132
0.124
0.153
0.19
0.198
0.324
0.363
0.451
0.511
0.543
0.604
0.631
0.503
0.409
0.382
0.375
0.436
0.371
0.396
0.256
0.271
0.339
0.48
0.588
0.699
0.836
0.872
0.927
0.904
0.878
0.891
0.835
0.925
0.921
0.886
0.86
0.86
0.875
0.877
0.735
0.684
0.793
0.841
0.885
0.904
0.928
0.926
0.924
0.892
0.878
0.852
0.722
0.66
0.638
0.671
0.748
0.7
0.724
0.821
0.856
0.906
0.936
0.951
0.934
0.899
0.931
0.933
0.933
0.913
0.915
0.897
0.869
0.8
0.746
0.693
0.707
0.772
0.866
0.889
0.855
0.81
0.807
0.721
0.727
0.469
0.365
0.262
0.204
0.264
0.247
0.256
0.319
0.292
0.366
0.461
0.442
0.463
0.517
0.475
0.375
0.461
0.656
0.664
0.642
0.774
0.833
0.668
0.606
0.529
0.477
0.518
0.558
0.557
0.532
0.424
0.531
0.516
0.551
0.629
0.554
0.567
0.51
0.587
0.641
0.6
0.492
0.502
0.518
0.465
0.531
0.611
0.58
0.717
0.748
0.662
0.675
0.768
0.742
0.737
0.786
0.792
0.762
0.652
0.619
0.561
0.45
0.403
0.362
0.418
0.498
0.636
0.543
0.585
0.466
0.404
0.305
0.263
0.119
0.047
0.032
0.039
0.037
0.023
0.039
0.033
0.031
0.039
0.043
0.079
0.101
0.124
0.156
0.167
0.131
0.181
0.235
0.274
0.3
0.258
0.279
0.275
0.227
0.242
0.205
0.189
0.103
0.049
0.019
0.032
0.022
0.018
0.07
0.005
0.087
0.096
0.004
0.108
0.143
0.103
0.142
0.126
0.07
0.025
0.068
0.075
0.041
0
0.011
0.01
0.004
0.017
0
0
0
0
0
0.01
0
0.015
0.008
0.005
0.008
0.034
0.033
0.079
0.052
0.03
0.043
0.041
0.024
0
0
0
0
0
0
0
0.027
0.031
0.052
0.081
0.09
0.122
0.198
0.307
0.446
0.516
0.613
0.669
0.676
0.662
0.645
0.591
0.593
0.617
0.492
0.394
0.449
0.435
0.4
0.353
0.35
0.369
0.374
0.363
0.43
0.579
0.643
0.749
0.749
0.711
0.769
0.689
0.719
0.757
0.783
0.768
0.757
0.8
0.833
0.846
0.867
0.865
0.827
0.804
0.812
0.853
0.889
0.955
0.961
0.943
0.935
0.936
0.942
0.937
0.935
0.931
0.899
0.904
0.909
0.915
0.928
0.922
0.945
0.945
0.86
0.843
0.854
0.822
0.695
0.707
0.618
0.604
0.55
0.518
0.402
0.369
0.386
0.411
0.374
0.313
0.189
0.152
0.138
0.101
0.119
0.108
0.108
0.169
0.199
0.269
0.239
0.21
0.207
0.213
0.217
0.23
0.184
0.219
0.244
0.295
0.395
0.393
0.331
0.334
0.34
0.258
0.297
0.33
0.386
0.333
0.29
0.247
0.174
0.162
0.146
0.105
0.233
0.209
0.181
0.074
0.061
0.036
0.049
0.062
0.065
0.074
0.043
0.019
0.022
0.012
0.038
0.067
0.067
0.035
0.023
0.007
0.011
0.008
0.016
0.015
0.026
0.04
0.062
0.075
0.057
0.09
0.14
0.225
0.393
0.467
0.571
0.574
0.582
0.619
0.597
0.588
0.493
0.447
0.542
0.547
0.549
0.721
0.759
0.686
0.614
0.591
0.615
0.564
0.64
0.584
0.586
0.689
0.699
0.658
0.716
0.7
0.61
0.678
0.707
0.692
0.596
0.462
0.453
0.319
0.333
0.366
0.319
0.295
0.281
0.276
0.295
0.323
0.27
0.186
0.173
0.184
0.163
0.179
0.21
0.218
0.244
0.289
0.229
0.237
0.161
0.082
0.066
0.104
0.268
0.322
0.41
0.446
0.343
0.303
0.349
0.364
0.378
0.405
0.436
0.597
0.617
0.531
0.546
0.564
0.577
0.56
0.644
0.685
0.599
0.394
0.363
0.333
0.337
0.389
0.387
0.433
0.414
0.379
0.394
0.398
0.401
0.528
0.629
0.681
0.689
0.771
0.71
0.737
0.879
0.843
0.811
0.731
0.603
0.68
0.726
0.729
0.775
0.78
0.739
0.731
0.646
0.557
0.55
0.503
0.486
0.477
0.445
0.453
0.463
0.49
0.522
0.523
0.462
0.362
0.314
0.29
0.214
0.161
0.094
0.099
0.198
0.116
0.095
0.123
0.121
0.111
0.098
0.094
0.063
0.077
0.077
0.196
0.294
0.352
0.405
0.467
0.533
0.513
0.451
0.409
0.312
0.242
0.185
0.07
0.076
0.19
0.248
0.217
0.286
0.401
0.381
0.579
0.597
0.667
0.805
0.782
0.789
0.777
0.829
0.844
0.805
0.754
0.531
0.466
0.443
0.395
0.17
0.118
0.069
0.122
0.159
0.159
0.157
0.177
0.214
0.324
0.279
0.216
0.261
0.356
0.502
0.591
0.615
0.613
0.614
0.561
0.541
0.409
0.277
0.18
0.201
0.286
0.23
0.298
0.27
0.187
0.165
0.153
0.13
0.139
0.129
0.154
0.158
0.209
0.245
0.308
0.217
0.194
0.199
0.199
0.153
0.112
0.049
0.014
0.02
0.009
0.011
0.007
0.002
0.013
0.007
0.005
0
0
0.005
0.089
0.07
0.148
0.053
0.155
0.151
0.151
0.139
0.012
0.111
0.086
0.052
0.035
0.036
0.035
0.028
0.017
0.013
0.001
0.005
0.007
0
0
0
0.001
0.02
0.019
0.04
0.072
0.067
0.117
0.086
0.163
0.18
0.217
0.141
0.061
0.024
0.051
0.135
0.158
0.166
0.192
0.192
0.216
0.246
0.338
0.378
0.452
0.512
0.6
0.64
0.715
0.691
0.701
0.481
0.526
0.467
0.354
0.243
0.153
0.061
0.079
0.035
0.024
0.028
0.029
0.055
0.075
0.067
0.041
0.06
0.125
0.182
0.187
0.244
0.236
0.293
0.355
0.389
0.341
0.466
0.396
0.323
0.281
0.322
0.323
0.3
0.238
0.195
0.167
0.106
0.151
0.103
0.076
0.09
0.106
0.108
0.133
0.267
0.528
0.511
0.466
0.431
0.319
0.299
0.255
0.213
0.116
0.101
0.097
0.099
0.127
0.089
0.073
0.071
0.078
0.065
0.067
0.066
0.08
0.095
0.124
0.262
0.267
0.271
0.229
0.232
0.272
0.279
0.281
0.328
0.188
0.136
0.202
0.17
0.186
0.176
0.205
0.251
0.249
0.281
0.264
0.34
0.368
0.395
0.463
0.478
0.402
0.559
0.534
0.501
0.52
0.542
0.468
0.472
0.484
0.467
0.409
0.44
0.36
0.379
0.39
0.41
0.341
0.34
0.451
0.438
0.574
0.552
0.631
0.644
0.583
0.577
0.557
0.429
0.407
0.383
0.381
0.34
0.305
0.299
0.283
0.296
0.21
0.189
0.204
0.185
0.176
0.183
0.199
0.129
0.18
0.18
0.283
0.3
0.24
0.22
0.191
0.086
0.106
0.118
0.106
0.078
0.007
0.015
0.018
0
0
0
0
0
0
0.016
0
0.001
0
0
0
0.008
0.019
0.058
0.088
0.121
0.113
0.133
0.181
0.209
0.146
0.173
0.175
0.156
0.113
0.089
0.077
0.127
0.148
0.113
0.097
0.095
0.167
0.205
0.248
0.244
0.309
0.347
0.274
0.324
0.302
0.339
0.34
0.385
0.439
0.332
0.212
0.074
0.079
0.068
0.089
0.065
0.04
0.028
0.099
0.138
0.159
0.073
0.179
0.157
0.177
0.364
0.25
0.211
0.299
0.251
0.193
0.127
0.096
0.031
0.004
0.025
0.003
0
0.006
0.009
0.019
0.034
0.02
0.004
0.014
0.051
0.081
0.106
0.052
0.053
0.09
0.117
0.139
0.08
0.065
0.033
0.006
0
0
0
0
0
0
0
0
0
0
0
0.005
0.025
0.039
0.039
0.046
0.035
0.036
0.055
0.064
0.12
0.117
0.113
0.097
0.057
0.073
0.046
0.049
0.061
0.07
0.07
0.08
0.051
0.014
0.052
0.037
0.046
0.11
0.164
0.137
0.162
0.223
0.252
0.281
0.238
0.253
0.219
0.111
0.069
0.067
0.053
0.041
0.048
0.049
0.046
0.045
0.035
0.033
0.017
0.002
0.084
0.099
0.156
0.192
0.152
0.128
0.137
0.137
0.121
0.088
0.048
0.046
0.005
0.02
0.016
0.018
0.006
0.012
0.009
0.014
0.019
0.023
0.026
0.022
0.017
0.094
0.297
0.306
0.255
0.325
0.358
0.387
0.411
0.447
0.384
0.344
0.285
0.277
0.247
0.214
0.18
0.174
0.149
0.103
0.07
0.082
0.104
0.103
0.145
0.184
0.239
0.272
0.327
0.398
0.447
0.47
0.456
0.398
0.361
0.337
0.297
0.264
0.258
0.242
0.216
0.187
0.175
0.122
0.111
0.117
0.109
0.101
0.16
0.188
0.208
0.16
0.134
0.21
0.192
0.223
0.23
0.181
0.146
0.067
0.049
0.032
0.006
0.024
0.027
0.026
0.017
0.018
0.015
0.022
0.028
0.032
0.1
0.195
0.24
0.298
0.365
0.35
0.383
0.432
0.459
0.34
0.292
0.205
0.09
0.027
0.007
0.029
0.018
0.028
0.018
0.04
0.045
0.031
0.051
0.068
0.116
0.211
0.253
0.275
0.222
0.273
0.296
0.341
0.303
0.309
0.295
0.205
0.151
0.109
0.123
0.117
0.127
0.121
0.089
0.122
0.131
0.119
0.06
0.105
0.198
0.243
0.255
0.315
0.387
0.426
0.411
0.523
0.494
0.455
0.36
0.337
0.319
0.261
0.237
0.225
0.333
0.319
0.25
0.231
0.2
0.206
0.186
0.245
0.221
0.248
0.29
0.262
0.217
0.233
0.316
0.309
0.354
0.358
0.303
0.25
0.167
0.127
0.087
0.086
0.063
0.056
0.049
0.087
0.129
0.184
0.161
0.237
0.379
0.408
0.499
0.58
0.683
0.745
0.795
0.785
0.821
0.864
0.888
0.831
0.832
0.844
0.777
0.751
0.661
0.682
0.653
0.575
0.502
0.396
0.287
0.25
0.39
0.371
0.226
0.153
0.178
0.169
0.09
0.099
0.104
0.1
0.103
0.069
0.027
0.023
0.018
0.012
0.002
0.005
0.009
0
0
0.007
0.024
0.061
0.177
0.17
0.134
0.14
0.147
0.145
0.193
0.197
0.13
0.094
0.098
0.054
0.04
0.006
0.005
0
0
0
0
0
0
0.021
0.019
0.024
0.079
0.156
0.148
0.111
0.196
0.192
0.314
0.37
0.432
0.505
0.49
0.478
0.422
0.475
0.426
0.353
0.316
0.288
0.289
0.32
0.303
0.329
0.332
0.44
0.573
0.645
0.701
0.655
0.587
0.648
0.62
0.615
0.498
0.393
0.273
0.185
0.164
0.156
0.154
0.13
0.102
0.075
0.048
0.052
0.052
0.028
0.03
0.038
0.042
0.048
0.053
0.046
0.031
0.026
0.049
0.037
0.046
0.038
0.041
0.027
0.004
0
0
0.002
0.022
0.009
0.009
0.033
0.041
0.063
0.081
0.064
0.092
0.183
0.157
0.197
0.241
0.279
0.323
0.304
0.164
0.119
0.088
0.062
0.091
0.06
0.056
0.059
0.06
0.043
0.034
0.058
0.058
0.089
0.08
0.086
0.119
0.124
0.182
0.183
0.177
0.16
0.161
0.152
0.17
0.157
0.198
0.166
0.19
0.221
0.163
0.166
0.15
0.154
0.163
0.125
0.101
0.139
0.151
0.198
0.338
0.388
0.403
0.428
0.498
0.505
0.654
0.635
0.653
0.426
0.372
0.305
0.241
0.256
0.191
0.159
0.118
0.09
0.035
0.066
0.061
0.057
0.065
0.076
0.098
0.023
0.094
0.145
0.163
0.172
0.154
0.129
0.16
0.192
0.147
0.109
0.049
0.028
0.012
0.009
0.011
0.007
0
0.013
0.023
0.027
0.024
0.032
0.042
0.093
0.109
0.127
0.187
0.153
0.197
0.195
0.171
0.193
0.157
0.069
0.026
0.016
0.016
0.008
0.002
0.007
0.018
0.031
0.024
0.011
0.015
0.045
0.067
0.113
0.126
0.11
0.15
0.148
0.21
0.151
0.123
0.121
0.103
0.067
0.025
0.02
0.033
0.049
0.056
0.071
0.054
0.043
0.033
0.043
0.06
0.178
0.293
0.313
0.342
0.366
0.381
0.378
0.411
0.315
0.299
0.303
0.283
0.317
0.277
0.176
0.161
0.156
0.218
0.201
0.201
0.14
0.12
0.148
0.173
0.296
0.387
0.354
0.39
0.416
0.356
0.312
0.284
0.272
0.256
0.329
0.368
0.28
0.129
0.081
0.063
0.051
0.038
0.011
0.005
0.023
0.042
0.046
0.057
0.089
0.124
0.117
0.136
0.198
0.215
0.219
0.214
0.195
0.221
0.182
0.143
0.104
0.048
0.027
0.039
0.05
0.043
0.04
0.039
0.059
0.107
0.118
0.072
0.048
0.101
0.138
0.156
0.114
0.142
0.087
0.097
0.069
0.089
0.06
0.036
0.034
0.012
0.021
0.002
0.008
0.013
0.001
0.014
0.053
0.031
0.068
0.058
0.107
0.109
0.07
0.043
0.03
0.021
0.025
0.025
0.075
0.03
0.024
0.041
0.017
0.001
0.003
0
0.005
0.002
0
0
0
0.013
0.014
0.015
0.016
0.086
0.122
0.181
0.175
0.184
0.183
0.172
0.175
0.195
0.199
0.126
0.065
0.031
0.046
0.022
0.015
0.022
0.044
0
0.003
0.007
0
0.008
0.037
0.022
0.047
0.056
0.054
0.057
0.07
0.086
0.115
0.109
0.146
0.097
0.126
0.226
0.105
0.148
0.151
0.168
0.153
0.153
0.16
0.193
0.181
0.179
0.212
0.24
0.263
0.273
0.282
0.264
0.209
0.256
0.243
0.223
0.216
0.275
0.247
0.169
0.168
0.103
0.111
0.11
0.114
0.078
0.09
0.115
0.1
0.112
0.153
0.217
0.191
0.212
0.249
0.296
0.236
0.274
0.231
0.262
0.2
0.222
0.171
0.076
0.031
0.036
0.022
0.014
0.004
0.032
0.025
0.007
0.019
0.025
0.049
0.072
0.143
0.092
0.125
0.132
0.157
0.19
0.202
0.184
0.243
0.157
0.145
0.105
0.039
0.028
0.031
0.048
0.061
0.105
0.107
0.117
0.122
0.119
0.168
0.203
0.255
0.339
0.323
0.308
0.416
0.362
0.37
0.304
0.361
0.263
0.173
0.246
0.218
0.174
0.116
0.076
0.049
0.034
0.045
0.029
0.023
0.021
0.046
0.042
0.054
0.07
0.056
0.069
0.081
0.075
0.067
0.086
0.086
0.082
0.052
0.032
0.018
0.012
0.021
0.013
0.013
0.002
0.001
0
0
0.005
0.011
0.023
0.024
0.028
0.031
0.054
0.08
0.093
0.091
0.057
0.075
0.054
0.044
0.027
0.018
0.009
0.008
0.003
0.008
0.005
0.035
0.012
0.018
0.009
0.018
0.033
0.028
0.023
0.013
0.008
0.005
0.019
0.013
0.001
0
0
0.009
0.024
0.015
0.021
0.027
0.025
0.037
0.035
0.033
0.084
0.085
0.112
0.103
0.151
0.15
0.165
0.169
0.229
0.211
0.268
0.218
0.219
0.215
0.224
0.184
0.096
0.019
0.004
0.007
0.008
0.007
0.003
0.069
0.068
0.095
0.148
0.126
0.108
0.165
0.166
0.138
0.119
0.049
0.016
0.001
0.025
0.036
0.065
0.076
0.032
0.008
0.002
0
0
0.001
0.01
0.023
0.037
0.063
0.078
0.151
0.214
0.223
0.254
0.281
0.322
0.362
0.303
0.445
0.442
0.429
0.376
0.341
0.292
0.214
0.209
0.225
0.208
0.19
0.169
0.14
0.097
0.099
0.155
0.301
0.472
0.438
0.488
0.409
0.483
0.526
0.48
0.503
0.488
0.433
0.42
0.384
0.271
0.121
0.089
0.102
0.091
0.107
0.086
0.095
0.09
0.103
0.112
0.194
0.257
0.253
0.347
0.397
0.447
0.538
0.569
0.499
0.5
0.536
0.551
0.504
0.416
0.338
0.257
0.206
0.195
0.19
0.189
0.217
0.308
0.335
0.421
0.487
0.545
0.479
0.562
0.579
0.714
0.761
0.785
0.821
0.817
0.836
0.827
0.804
0.778
0.812
0.765
0.673
0.569
0.552
0.5
0.372
0.321
0.316
0.343
0.32
0.443
0.383
0.356
0.319
0.307
0.351
0.365
0.339
0.291
0.256
0.159
0.147
0.062
0.003
0.012
0.008
0.009
0.009
0.01
0.012
0.022
0.02
0.036
0.052
0.056
0.045
0.037
0.089
0.12
0.166
0.121
0.113
0.085
0.118
0.056
0.062
0.139
0.074
0.076
0.162
0.181
0.237
0.233
0.283
0.355
0.292
0.294
0.333
0.378
0.474
0.422
0.388
0.38
0.385
0.49
0.551
0.518
0.46
0.385
0.244
0.119
0.134
0.042
0.068
0.114
0.099
0.106
0.105
0.088
0.079
0.108
0.18
0.325
0.314
0.488
0.453
0.5
0.591
0.618
0.59
0.609
0.578
0.553
0.457
0.3
0.203
0.127
0.117
0.124
0.131
0.125
0.099
0.119
0.118
0.132
0.194
0.302
0.393
0.444
0.518
0.657
0.668
0.8
0.784
0.765
0.823
0.566
0.674
0.522
0.413
0.359
0.374
0.374
0.371
0.351
0.338
0.369
0.429
0.514
0.522
0.584
0.658
0.698
0.727
0.683
0.63
0.595
0.597
0.501
0.425
0.344
0.258
0.102
0.07
0.097
0.125
0.192
0.258
0.228
0.27
0.242
0.303
0.279
0.215
0.262
0.304
0.37
0.438
0.435
0.463
0.481
0.459
0.485
0.491
0.525
0.527
0.401
0.258
0.205
0.148
0.177
0.157
0.15
0.171
0.153
0.132
0.173
0.202
0.199
0.198
0.206
0.24
0.262
0.275
0.356
0.396
0.354
0.313
0.203
0.188
0.112
0.042
0.021
0.02
0.038
0.041
0.055
0.05
0.037
0.038
0.064
0.121
0.17
0.331
0.352
0.436
0.388
0.379
0.441
0.485
0.529
0.379
0.289
0.217
0.178
0.058
0.032
0.026
0.043
0.059
0.047
0.031
0.034
0.024
0.042
0.06
0.025
0.059
0.064
0.06
0.114
0.084
0.081
0.081
0.069
0.117
0.117
0.088
0.078
0.055
0.045
0.033
0.025
0.019
0.022
0.018
0.029
0
0.004
0.034
0.022
0.014
0.011
0.017
0.025
0.033
0.012
0.028
0.042
0.075
0.1
0.085
0.067
0.049
0.03
0.029
0.014
0.019
0.03
0.055
0.071
0.096
0.15
0.226
0.278
0.283
0.325
0.302
0.385
0.516
0.564
0.524
0.538
0.468
0.519
0.477
0.394
0.37
0.387
0.364
0.399
0.342
0.329
0.33
0.389
0.361
0.349
0.342
0.298
0.263
0.382
0.347
0.256
0.247
0.289
0.247
0.287
0.271
0.268
0.234
0.177
0.119
0.098
0.121
0.098
0.076
0.052
0.056
0.056
0.055
0.059
0.149
0.253
0.39
0.465
0.438
0.54
0.566
0.6
0.66
0.67
0.624
0.711
0.674
0.616
0.483
0.434
0.439
0.398
0.402
0.331
0.326
0.288
0.253
0.304
0.467
0.553
0.587
0.49
0.554
0.543
0.554
0.518
0.498
0.491
0.466
0.499
0.35
0.274
0.268
0.306
0.311
0.399
0.368
0.366
0.36
0.311
0.349
0.365
0.414
0.557
0.684
0.676
0.707
0.679
0.699
0.606
0.645
0.669
0.673
0.62
0.532
0.378
0.285
0.216
0.157
0.142
0.121
0.099
0.059
0.105
0.103
0.137
0.214
0.306
0.258
0.262
0.324
0.306
0.401
0.441
0.393
0.411
0.305
0.283
0.23
0.172
0.021
0.012
0.009
0.017
0.007
0.02
0.039
0.062
0.072
0.119
0.184
0.198
0.183
0.281
0.307
0.4
0.419
0.445
0.331
0.458
0.353
0.361
0.316
0.257
0.273
0.305
0.318
0.303
0.296
0.279
0.28
0.292
0.31
0.326
0.336
0.385
0.43
0.47
0.497
0.551
0.592
0.644
0.726
0.872
0.813
0.769
0.629
0.642
0.603
0.636
0.55
0.549
0.495
0.46
0.398
0.343
0.312
0.38
0.502
0.578
0.588
0.604
0.584
0.521
0.564
0.545
0.507
0.489
0.389
0.327
0.255
0.121
0.038
0.011
0.002
0.016
0.011
0.017
0.019
0.028
0.034
0.054
0.06
0.095
0.122
0.15
0.168
0.193
0.204
0.3
0.289
0.299
0.218
0.263
0.257
0.335
0.429
0.505
0.505
0.509
0.526
0.611
0.659
0.653
0.589
0.535
0.596
0.585
0.574
0.496
0.641
0.599
0.574
0.525
0.538
0.626
0.829
0.882
0.797
0.814
0.768
0.79
0.756
0.848
0.846
0.779
0.943
0.936
0.918
0.935
0.911
0.911
0.909
0.902
0.903
0.9
0.878
0.885
0.889
0.867
0.885
0.86
0.83
0.699
0.626
0.475
0.412
0.355
0.339
0.287
0.218
0.204
0.157
0.099
0.166
0.197
0.128
0.132
0.17
0.171
0.154
0.16
0.131
0.115
0.085
0.054
0.032
0.016
0.005
0.006
0.007
0.011
0.024
0.051
0.043
0.027
0.022
0.048
0.122
0.184
0.25
0.266
0.291
0.368
0.308
0.251
0.238
0.222
0.122
0.096
0.026
0.02
0.022
0.014
0.016
0.074
0.044
0.024
0.01
0.016
0.067
0.074
0.095
0.101
0.091
0.173
0.194
0.185
0.262
0.302
0.308
0.335
0.346
0.303
0.271
0.196
0.166
0.145
0.182
0.182
0.154
0.123
0.116
0.111
0.086
0.156
0.184
0.22
0.296
0.309
0.349
0.358
0.377
0.394
0.372
0.323
0.301
0.239
0.239
0.134
0.058
0.041
0.016
0.013
0
0.009
0.021
0.034
0.02
0.012
0.017
0.019
0.013
0
0.001
0.006
0.001
0.009
0.02
0.001
0.027
0
0.005
0.002
0
0
0.013
0.024
0.018
0.012
0.015
0.011
0.022
0.032
0.052
0.056
0.104
0.094
0.084
0.084
0.115
0.191
0.251
0.453
0.527
0.438
0.432
0.326
0.207
0.133
0.143
0.132
0.144
0.139
0.115
0.12
0.15
0.121
0.21
0.359
0.392
0.464
0.4
0.443
0.511
0.554
0.512
0.474
0.47
0.42
0.373
0.3
0.219
0.148
0.116
0.117
0.117
0.092
0.051
0.053
0.04
0.079
0.157
0.165
0.147
0.123
0.092
0.096
0.064
0.08
0.061
0.047
0.039
0.033
0.024
0.011
0.008
0.021
0
0
0
0.001
0
0
0
0
0
0
0.012
0.021
0.014
0.011
0.001
0.004
0.001
0.005
0.019
0.034
0.015
0.001
0
0
0.003
0.027
0.03
0.022
0.021
0.014
0.007
0.012
0.011
0.022
0.033
0.037
0.026
0.018
0.027
0.066
0.062
0.061
0.108
0.043
0.022
0.007
0.012
0.025
0.017
0.027
0.025
0.033
0.033
0.024
0.03
0.028
0.038
0.085
0.143
0.168
0.192
0.258
0.299
0.339
0.384
0.351
0.326
0.244
0.205
0.184
0.176
0.258
0.256
0.25
0.232
0.204
0.201
0.193
0.189
0.215
0.284
0.332
0.294
0.277
0.196
0.189
0.19
0.155
0.128
0.149
0.107
0.082
0.045
0.061
0.027
0.04
0.018
0.012
0.003
0.003
0
0
0
0
0
0.008
0.004
0.005
0.002
0
0
0.009
0.012
0
0.006
0.002
0
0
0
0
0.019
0
0
0
0
0.004
0.001
0
0
0.006
0.028
0.038
0.021
0.013
0.016
0.022
0.022
0.033
0.063
0.076
0.031
0.002
0.005
0.005
0.001
0
0
0.001
0.019
0.043
0.051
0.04
0.037
0.145
0.143
0.084
0.114
0.088
0.111
0.151
0.153
0.154
0.132
0.153
0.141
0.098
0.116
0.132
0.136
0.132
0.136
0.142
0.156
0.168
0.138
0.153
0.162
0.251
0.305
0.312
0.235
0.272
0.236
0.27
0.309
0.357
0.318
0.283
0.287
0.226
0.134
0.054
0.002
0
0.011
0.027
0.015
0.022
0.029
0.049
0.142
0.14
0.124
0.095
0.078
0.14
0.169
0.177
0.146
0.136
0.13
0.125
0.071
0.047
0
0
0.002
0.003
0
0
0
0
0
0.006
0.009
0.037
0.037
0.068
0.065
0.068
0.071
0.039
0.061
0.05
0.01
0
0
0
0
0
0.003
0.007
0.007
0.004
0.007
0.012
0.011
0.014
0.01
0.004
0.02
0.017
0.068
0.061
0.076
0.138
0.109
0.105
0.149
0.143
0.115
0.062
0.044
0.04
0.049
0.04
0.021
0.032
0.028
0.021
0.019
0.016
0.024
0.045
0.069
0.097
0.13
0.115
0.226
0.236
0.228
0.174
0.129
0.07
0.043
0.035
0.035
0.051
0.044
0.024
0.046
0.028
0.007
0.01
0.004
0.008
0.012
0.012
0.058
0.068
0.096
0.138
0.21
0.152
0.159
0.124
0.153
0.126
0.139
0.049
0.06
0.037
0.029
0.025
0.013
0.028
0.049
0.027
0.017
0.03
0.054
0.115
0.146
0.152
0.148
0.156
0.123
0.145
0.176
0.241
0.191
0.187
0.159
0.101
0.052
0.035
0.026
0.022
0.026
0.016
0.023
0.03
0.027
0.027
0.097
0.099
0.102
0.188
0.286
0.289
0.324
0.315
0.37
0.426
0.412
0.42
0.347
0.252
0.15
0.124
0.116
0.11
0.121
0.08
0.082
0.074
0.081
0.087
0.113
0.195
0.225
0.251
0.238
0.237
0.234
0.173
0.158
0.17
0.157
0.146
0.11
0.024
0
0.004
0.009
0.005
0
0
0.001
0.002
0.002
0.004
0.047
0.026
0.046
0.093
0.133
0.151
0.125
0.087
0.079
0.085
0.085
0.074
0.049
0.012
0
0
0.003
0.004
0.005
0.012
0.005
0.015
0.016
0.007
0
0
0
0.015
0.037
0.051
0.023
0.087
0.064
0.054
0.058
0.055
0.031
0
0
0
0
0
0.001
0
0
0.011
0.011
0
0
0
0
0.018
0.027
0.025
0.03
0.049
0.093
0.097
0.087
0.085
0.049
0.016
0.009
0.001
0
0.005
0.003
0
0
0
0
0.004
0.006
0
0.001
0.013
0.011
0.015
0.023
0.027
0.055
0.047
0.047
0.02
0.008
0.012
0
0
0
0
0
0
0
0
0
0.007
0.007
0.014
0.019
0.024
0.045
0.007
0.01
0.035
0.042
0.022
0.014
0.012
0
0.007
0.009
0.002
0
0
0
0
0
0
0
0.019
0.031
0.095
0.026
0.009
0.026
0.069
0.087
0.123
0.098
0.098
0.083
0.073
0.092
0.09
0.031
0.021
0
0
0.001
0
0
0.014
0.011
0.019
0.03
0.092
0.111
0.105
0.109
0.134
0.134
0.131
0.15
0.151
0.136
0.096
0.068
0.049
0.02
0.035
0.034
0.025
0.036
0.038
0.045
0.049
0.049
0.07
0.088
0.129
0.205
0.247
0.227
0.208
0.276
0.404
0.345
0.321
0.325
0.296
0.254
0.179
0.104
0.063
0.058
0.066
0.032
0.023
0.027
0.015
0.023
0.027
0.042
0.083
0.094
0.082
0.067
0.065
0.091
0.117
0.105
0.091
0.115
0.088
0.074
0.058
0.006
0.01
0.025
0.014
0
0
0.009
0
0.007
0.002
0
0.002
0.01
0.019
0.049
0.043
0.005
0.05
0.036
0.091
0.083
0.085
0.047
0.024
0
0
0
0
0
0
0
0
0
0
0
0
0.026
0.027
0.054
0.056
0.029
0.046
0.046
0.052
0.125
0.136
0.101
0.078
0.067
0.042
0
0.031
0.037
0.042
0.034
0.037
0.033
0.077
0.096
0.086
0.165
0.11
0.142
0.183
0.2
0.256
0.233
0.214
0.179
0.189
0.125
0.041
0.004
0.002
0
0.006
0
0
0
0
0
0
0
0
0.002
0.003
0
0.002
0.01
0.02
0.015
0.03
0.024
0.018
0.044
0.03
0
0.001
0
0.006
0
0.005
0.002
0.008
0.009
0
0
0.051
0.058
0.116
0.132
0.17
0.19
0.222
0.235
0.241
0.278
0.354
0.3
0.166
0.091
0.06
0.106
0.102
0.079
0.062
0.081
0.086
0.099
0.154
0.168
0.181
0.117
0.139
0.152
0.212
0.147
0.118
0.136
0.099
0.093
0.075
0.1
0.063
0.041
0.028
0.023
0.02
0.048
0.05
0.042
0.037
0.044
0.041
0.071
0.041
0.119
0.154
0.18
0.113
0.15
0.14
0.141
0.138
0.146
0.126
0.122
0.056
0.01
0.023
0.014
0.016
0
0
0
0
0
0
0.011
0.003
0.038
0.046
0.039
0.063
0.058
0.045
0.087
0.099
0.085
0.068
0.041
0.003
0
0
0.006
0.004
0
0
0.001
0.006
0.001
0.002
0
0.013
0.031
0.031
0.045
0.048
0.065
0.073
0.096
0.084
0.137
0.127
0.09
0.037
0.028
0.035
0.044
0.062
0.034
0.079
0.068
0.047
0.051
0.062
0.031
0.082
0.119
0.09
0.092
0.132
0.22
0.238
0.196
0.206
0.127
0.125
0.104
0.094
0.08
0.027
0.052
0.109
0.067
0.068
0.053
0.096
0.069
0.128
0.151
0.231
0.277
0.3
0.354
0.415
0.452
0.527
0.492
0.485
0.487
0.458
0.425
0.341
0.209
0.18
0.168
0.16
0.159
0.116
0.095
0.073
0.068
0.07
0.113
0.207
0.297
0.292
0.283
0.252
0.17
0.178
0.163
0.13
0.162
0.176
0.117
0.059
0.007
0.002
0
0
0
0
0
0
0
0
0
0.003
0.021
0.012
0.007
0.009
0.082
0.048
0.033
0.057
0.057
0.038
0.038
0.025
0.021
0.011
0.01
0.001
0
0
0
0
0
0
0
0
0
0.003
0.029
0.032
0.071
0.076
0.097
0.118
0.134
0.087
0.053
0.033
0.027
0.022
0.019
0.001
0
0.003
0
0
0
0
0.004
0.011
0.017
0.041
0.061
0.04
0.052
0.045
0.088
0.107
0.1
0.094
0.094
0.026
0.008
0.013
0.018
0.017
0.026
0.018
0.03
0.019
0.048
0.084
0.125
0.179
0.197
0.297
0.302
0.364
0.358
0.332
0.362
0.278
0.266
0.241
0.145
0.054
0.032
0.031
0.023
0.015
0.005
0
0.004
0
0
0.014
0.036
0.089
0.128
0.088
0.141
0.17
0.17
0.139
0.136
0.111
0.076
0.082
0.055
0.015
0
0.002
0.01
0.015
0.004
0.005
0.029
0.138
0.197
0.245
0.308
0.375
0.408
0.438
0.551
0.622
0.638
0.696
0.704
0.732
0.849
0.83
0.734
0.727
0.707
0.747
0.795
0.798
0.758
0.796
0.906
0.885
0.831
0.756
0.764
0.803
0.861
0.861
0.879
0.871
0.748
0.681
0.657
0.759
0.553
0.471
0.412
0.42
0.438
0.34
0.323
0.243
0.26
0.24
0.221
0.212
0.172
0.195
0.227
0.388
0.412
0.406
0.409
0.444
0.509
0.527
0.493
0.452
0.44
0.448
0.449
0.349
0.234
0.174
0.138
0.135
0.11
0.057
0.051
0.047
0.031
0.035
0.057
0.139
0.193
0.208
0.22
0.25
0.225
0.21
0.166
0.17
0.102
0.059
0.018
0
0.008
0
0.002
0.006
0.002
0
0.008
0.023
0.017
0.015
0.034
0.117
0.254
0.272
0.402
0.42
0.429
0.436
0.345
0.279
0.175
0.172
0.106
0.056
0.028
0.048
0.047
0.059
0.066
0.062
0.067
0.078
0.043
0.037
0.089
0.057
0.059
0.126
0.09
0.11
0.134
0.137
0.202
0.142
0.117
0.183
0.099
0.088
0.05
0.032
0.027
0.019
0.023
0.025
0.045
0.122
0.034
0.008
0.01
0.02
0.138
0.13
0.126
0.096
0.097
0.081
0.069
0.07
0.085
0.039
0.005
0
0
0
0
0
0.035
0.045
0.048
0.024
0.056
0.104
0.147
0.213
0.325
0.363
0.435
0.533
0.558
0.538
0.512
0.593
0.611
0.529
0.305
0.161
0.052
0.026
0.033
0.034
0.035
0.045
0.035
0.033
0.019
0.019
0.022
0.051
0.118
0.195
0.221
0.183
0.214
0.212
0.26
0.236
0.221
0.204
0.13
0.03
0.006
0
0.003
0
0
0.003
0
0
0
0
0
0.056
0.132
0.17
0.182
0.184
0.186
0.201
0.169
0.153
0.114
0.09
0.05
0.026
0.016
0
0
0.009
0.007
0.004
0.01
0.012
0.01
0.009
0.009
0.009
0
0.016
0.029
0.057
0.074
0.09
0.102
0.111
0.122
0.096
0.05
0.028
0.032
0.04
0.029
0.032
0.028
0.085
0.098
0.078
0.084
0.127
0.136
0.203
0.255
0.253
0.289
0.269
0.245
0.29
0.282
0.16
0.109
0.123
0.077
0.068
0.065
0.061
0.043
0.058
0.043
0.04
0.013
0.024
0.028
0.006
0.022
0.028
0.042
0.048
0.057
0.076
0.093
0.091
0.11
0.101
0.081
0.056
0.022
0.043
0.04
0.07
0.034
0.083
0.065
0.065
0.063
0.053
0.047
0.015
0.053
0.04
0.033
0.07
0.079
0.081
0.157
0.115
0.23
0.201
0.249
0.239
0.199
0.155
0.073
0.059
0.1
0.087
0.089
0.055
0.045
0.034
0.015
0.022
0.027
0.068
0.145
0.259
0.3
0.416
0.483
0.502
0.504
0.35
0.345
0.368
0.256
0.195
0.123
0.107
0.075
0.052
0.04
0.019
0.02
0.015
0.012
0.072
0.014
0.044
0.039
0.052
0.146
0.166
0.266
0.52
0.521
0.518
0.48
0.496
0.478
0.51
0.494
0.458
0.394
0.416
0.402
0.449
0.466
0.406
0.377
0.445
0.421
0.525
0.508
0.596
0.506
0.614
0.565
0.68
0.764
0.682
0.587
0.526
0.468
0.346
0.321
0.318
0.328
0.314
0.304
0.283
0.271
0.226
0.202
0.194
0.17
0.229
0.305
0.398
0.334
0.332
0.317
0.348
0.249
0.195
0.218
0.102
0.046
0.012
0
0
0.001
0.003
0
0
0
0
0.003
0
0.003
0.003
0.014
0.017
0.018
0.023
0.014
0.003
0.008
0.013
0.071
0.058
0.008
0.004
0.012
0.022
0.027
0.025
0.028
0.043
0.052
0.079
0.119
0.144
0.21
0.266
0.38
0.495
0.542
0.616
0.625
0.585
0.512
0.478
0.478
0.454
0.398
0.363
0.352
0.336
0.372
0.305
0.297
0.241
0.22
0.197
0.181
0.14
0.121
0.107
0.131
0.141
0.148
0.133
0.126
0.135
0.134
0.092
0.101
0.086
0.065
0.048
0.044
0.025
0.042
0.055
0.053
0.044
0.052
0.034
0.038
0.031
0.04
0.05
0.056
0.052
0.076
0.075
0.076
0.069
0.056
0.065
0.032
0.022
0.031
0.001
0
0
0.008
0.004
0.013
0.008
0.001
0
0.003
0
0.011
0.036
0.081
0.079
0.11
0.148
0.203
0.232
0.257
0.227
0.176
0.107
0.131
0.185
0.171
0.221
0.237
0.207
0.154
0.166
0.153
0.189
0.139
0.133
0.099
0.112
0.189
0.204
0.228
0.306
0.263
0.219
0.167
0.124
0.082
0.049
0.031
0.008
0.012
0.054
0.105
0.134
0.113
0.13
0.156
0.114
0.118
0.11
0.085
0.132
0.318
0.39
0.375
0.343
0.32
0.29
0.263
0.185
0.136
0.063
0.013
0
0
0
0
0
0
0
0
0
0
0.002
0
0
0.011
0
0.052
0.061
0.054
0.104
0.119
0.114
0.103
0.036
0
0
0
0.003
0.009
0.002
0.006
0.003
0.02
0.018
0.005
0.02
0.013
0.069
0.137
0.176
0.209
0.232
0.278
0.261
0.313
0.313
0.37
0.366
0.256
0.279
0.31
0.259
0.268
0.229
0.249
0.214
0.229
0.201
0.218
0.31
0.344
0.576
0.69
0.554
0.587
0.514
0.721
0.814
0.777
0.792
0.725
0.764
0.565
0.389
0.456
0.403
0.363
0.343
0.28
0.252
0.277
0.175
0.276
0.279
0.359
0.415
0.485
0.618
0.615
0.562
0.546
0.508
0.384
0.387
0.464
0.36
0.404
0.362
0.374
0.265
0.31
0.409
0.439
0.344
0.324
0.257
0.253
0.203
0.214
0.24
0.306
0.298
0.402
0.452
0.623
0.658
0.663
0.572
0.495
0.308
0.151
0.082
0.1
0.026
0.07
0.047
0.022
0.013
0.003
0.019
0.066
0.06
0.045
0.007
0.13
0.137
0.123
0.159
0.145
0.126
0.054
0.084
0.056
0.032
0.098
0.117
0.088
0.171
0.142
0.087
0.115
0.298
0.284
0.299
0.355
0.409
0.364
0.361
0.545
0.567
0.633
0.679
0.72
0.745
0.631
0.613
0.62
0.481
0.321
0.262
0.26
0.226
0.208
0.162
0.136
0.111
0.084
0.033
0.031
0.027
0.008
0.029
0.051
0.109
0.065
0.031
0.014
0.033
0.042
0.078
0.105
0.073
0.07
0.095
0.131
0.174
0.246
0.311
0.36
0.511
0.576
0.544
0.611
0.682
0.699
0.671
0.735
0.651
0.677
0.577
0.667
0.621
0.664
0.785
0.807
0.825
0.776
0.522
0.514
0.514
0.493
0.612
0.625
0.583
0.522
0.564
0.567
0.474
0.506
0.53
0.785
0.769
0.597
0.724
0.791
0.705
0.685
0.631
0.503
0.501
0.443
0.43
0.478
0.5
0.418
0.43
0.449
0.461
0.445
0.442
0.362
0.393
0.385
0.4
0.378
0.406
0.341
0.322
0.329
0.368
0.341
0.338
0.267
0.26
0.222
0.289
0.253
0.246
0.209
0.213
0.219
0.226
0.283
0.258
0.24
0.235
0.218
0.293
0.248
0.351
0.351
0.35
0.379
0.369
0.289
0.292
0.242
0.184
0.16
0.13
0.145
0.107
0.088
0.031
0.034
0.051
0.054
0.035
0.025
0.025
0.027
0.021
0.042
0.026
0.021
0.054
0.052
0.034
0.064
0.045
0.022
0.02
0.021
0.014
0.017
0.025
0.017
0.017
0.026
0.038
0.034
0.036
0.028
0.014
0.024
0.021
0.042
0.075
0.121
0.13
0.121
0.159
0.154
0.137
0.134
0.061
0.061
0.038
0.003
0.003
0
0.009
0.008
0.009
0.018
0.02
0.026
0.049
0.08
0.055
0.088
0.099
0.176
0.185
0.231
0.197
0.237
0.213
0.185
0.135
0.141
0.126
0.13
0.15
0.12
0.127
0.113
0.116
0.098
0.083
0.133
0.135
0.089
0.098
0.069
0.045
0.072
0.084
0.176
0.198
0.194
0.183
0.117
0.085
0.079
0.068
0.053
0.045
0.065
0.066
0.068
0.041
0.038
0.034
0.037
0.037
0.027
0.04
0.098
0.151
0.149
0.195
0.172
0.164
0.136
0.118
0.102
0.062
0.022
0
0
0
0
0
0
0
0.002
0
0.001
0
0
0.002
0
0
0.013
0.021
0.018
0.025
0.054
0.045
0.039
0.032
0.009
0.01
0.029
0.009
0
0
0
0.007
0.001
0
0.007
0
0.006
0.009
0.008
0.012
0.046
0.009
0.022
0
0.007
0.011
0.018
0.011
0.005
0
0
0
0
0
0
0
0
0
0
0
0
0
0.015
0.01
0.066
0.097
0.15
0.211
0.172
0.267
0.171
0.173
0.187
0.257
0.219
0.251
0.215
0.187
0.186
0.189
0.18
0.153
0.211
0.283
0.278
0.371
0.482
0.721
0.726
0.774
0.772
0.758
0.83
0.837
0.835
0.807
0.806
0.722
0.75
0.743
0.747
0.725
0.74
0.742
0.672
0.698
0.667
0.626
0.594
0.581
0.702
0.796
0.852
0.791
0.694
0.627
0.462
0.354
0.338
0.367
0.467
0.581
0.598
0.685
0.699
0.614
0.601
0.573
0.563
0.527
0.571
0.621
0.597
0.514
0.545
0.533
0.475
0.528
0.537
0.561
0.528
0.457
0.399
0.255
0.125
0.057
0.02
0.021
0.013
0
0
0
0.019
0.008
0.012
0.011
0.047
0.05
0.115
0.143
0.179
0.285
0.269
0.405
0.416
0.462
0.508
0.586
0.663
0.752
0.778
0.701
0.643
0.697
0.696
0.665
0.702
0.711
0.559
0.567
0.568
0.441
0.481
0.569
0.454
0.553
0.485
0.534
0.528
0.582
0.543
0.257
0.096
0.066
0.058
0.055
0.039
0.009
0.009
0.001
0
0
0.001
0
0
0.027
0.03
0.054
0.1
0.148
0.197
0.308
0.24
0.311
0.43
0.465
0.447
0.311
0.326
0.346
0.321
0.353
0.4
0.41
0.459
0.365
0.351
0.397
0.452
0.293
0.345
0.421
0.507
0.498
0.619
0.77
0.673
0.558
0.639
0.639
0.642
0.398
0.32
0.393
0.308
0.266
0.337
0.294
0.213
0.243
0.272
0.158
0.165
0.168
0.277
0.363
0.466
0.469
0.585
0.455
0.366
0.483
0.364
0.232
0.22
0.201
0.23
0.178
0.209
0.247
0.114
0.129
0.11
0.082
0.061
0.055
0.022
0.063
0.084
0.136
0.145
0.129
0.262
0.239
0.118
0.178
0.039
0.011
0.002
0
0
0.002
0.005
0.01
0.008
0
0.003
0.004
0.006
0.013
0.039
0.107
0.085
0.221
0.304
0.388
0.412
0.393
0.361
0.419
0.33
0.278
0.267
0.283
0.321
0.325
0.352
0.288
0.223
0.204
0.195
0.187
0.212
0.178
0.232
0.247
0.271
0.282
0.31
0.339
0.364
0.313
0.28
0.247
0.207
0.137
0.116
0.098
0.097
0.096
0.1
0.107
0.102
0.047
0.032
0.072
0.044
0.071
0.098
0.085
0.121
0.119
0.093
0.112
0.142
0.145
0.146
0.143
0.132
0.094
0.072
0.103
0.082
0.091
0.098
0.079
0.035
0.021
0.005
0.006
0.019
0.037
0.004
0.007
0.024
0.018
0.019
0.009
0.009
0
0
0.089
0.075
0.002
0
0
0
0.005
0.02
0.026
0.03
0.137
0.143
0.139
0.136
0.134
0.133
0.04
0.04
0.038
0.072
0.077
0.098
0.117
0.136
0.083
0.052
0.021
0.012
0.018
0.006
0.01
0
0
0
0.001
0
0.024
0.041
0.036
0.046
0.055
0.083
0.149
0.217
0.285
0.401
0.362
0.421
0.395
0.363
0.229
0.24
0.254
0.282
0.273
0.326
0.343
0.326
0.249
0.258
0.275
0.294
0.259
0.243
0.216
0.271
0.377
0.515
0.535
0.573
0.611
0.59
0.597
0.525
0.421
0.415
0.38
0.383
0.399
0.454
0.477
0.435
0.521
0.501
0.529
0.525
0.505
0.43
0.411
0.484
0.558
0.534
0.576
0.548
0.592
0.601
0.534
0.46
0.425
0.406
0.44
0.411
0.345
0.362
0.341
0.317
0.285
0.227
0.219
0.223
0.228
0.216
0.213
0.238
0.289
0.297
0.266
0.279
0.272
0.277
0.274
0.134
0.098
0.11
0.053
0.053
0.052
0.034
0.017
0.015
0.015
0.062
0.086
0.085
0.062
0.083
0.125
0.114
0.165
0.253
0.369
0.387
0.469
0.523
0.454
0.364
0.357
0.348
0.315
0.184
0.134
0.121
0.114
0.145
0.145
0.148
0.111
0.093
0.083
0.095
0.094
0.116
0.149
0.213
0.164
0.16
0.258
0.148
0.221
0.222
0.138
0.072
0.053
0.121
0.136
0.096
0.071
0.066
0.042
0.031
0.019
0.015
0
0.042
0.061
0.061
0.142
0.136
0.151
0.14
0.148
0.063
0.026
0.027
0.016
0
0
0
0.003
0
0
0
0.002
0
0
0
0
0
0.004
0
0
0.052
0.009
0
0
0
0
0.003
0.012
0.009
0.01
0.008
0.006
0.011
0.015
0.037
0.041
0.051
0.076
0.093
0.121
0.169
0.228
0.362
0.627
0.773
0.795
0.893
0.915
0.899
0.8
0.791
0.755
0.843
0.851
0.838
0.814
0.803
0.67
0.648
0.615
0.646
0.636
0.677
0.727
0.772
0.752
0.875
0.985
0.988
0.997
0.997
0.968
0.945
0.941
0.943
0.938
0.895
0.935
0.861
0.822
0.726
0.63
0.57
0.557
0.574
0.52
0.53
0.526
0.554
0.64
0.69
0.84
0.83
0.887
0.866
0.926
0.951
0.877
0.791
0.646
0.606
0.618
0.636
0.545
0.488
0.466
0.403
0.371
0.398
0.297
0.272
0.317
0.312
0.331
0.342
0.354
0.366
0.377
0.383
0.445
0.437
0.374
0.35
0.376
0.444
0.466
0.411
0.292
0.364
0.322
0.335
0.318
0.316
0.346
0.405
0.426
0.484
0.487
0.435
0.438
0.379
0.415
0.385
0.39
0.364
0.292
0.213
0.138
0.22
0.197
0.161
0.18
0.165
0.215
0.151
0.141
0.143
0.154
0.127
0.161
0.145
0.208
0.228
0.24
0.309
0.316
0.318
0.348
0.348
0.222
0.186
0.116
0.072
0.099
0.11
0.091
0.064
0.071
0.061
0.072
0.073
0.046
0.043
0.03
0.019
0.036
0.024
0.028
0.251
0.217
0.138
0.083
0.126
0.037
0.054
0.052
0.085
0.1
0.146
0.144
0.1
0.101
0.132
0.104
0.069
0.099
0.101
0.081
0.088
0.091
0.108
0.122
0.134
0.163
0.23
0.37
0.318
0.337
0.239
0.154
0.112
0.078
0.06
0.089
0.134
0.095
0.141
0.116
0.137
0.165
0.158
0.154
0.136
0.146
0.145
0.168
0.188
0.219
0.216
0.191
0.222
0.168
0.174
0.171
0.129
0.063
0.058
0.075
0.025
0.063
0.078
0.119
0.086
0.102
0.091
0.115
0.083
0.046
0.099
0.11
0.138
0.183
0.195
0.168
0.17
0.188
0.169
0.127
0.157
0.116
0.14
0.134
0.142
0.141
0.069
0.071
0.093
0.111
0.136
0.137
0.145
0.146
0.111
0.247
0.254
0.207
0.212
0.137
0.166
0.177
0.108
0.108
0.111
0.11
0.097
0.105
0.143
0.137
0.169
0.166
0.124
0.165
0.154
0.131
0.137
0.097
0.098
0.08
0.098
0.034
0.027
0.024
0.029
0.009
0.003
0.028
0.034
0.039
0.058
0.109
0.156
0.165
0.189
0.154
0.15
0.109
0.132
0.161
0.255
0.282
0.436
0.605
0.604
0.615
0.536
0.533
0.493
0.522
0.423
0.408
0.455
0.504
0.467
0.404
0.28
0.422
0.415
0.505
0.435
0.43
0.357
0.408
0.509
0.558
0.592
0.578
0.632
0.728
0.811
0.893
0.871
0.916
0.906
0.797
0.708
0.637
0.66
0.668
0.76
0.8
0.709
0.761
0.626
0.6
0.533
0.469
0.395
0.368
0.402
0.388
0.465
0.482
0.437
0.429
0.365
0.24
0.113
0.06
0.033
0.027
0.017
0.018
0.021
0.003
0.005
0.004
0.015
0.016
0.022
0.039
0.034
0.044
0.056
0.134
0.238
0.44
0.472
0.425
0.501
0.465
0.524
0.554
0.634
0.649
0.714
0.802
0.709
0.69
0.634
0.642
0.685
0.672
0.657
0.652
0.683
0.681
0.712
0.798
0.854
0.882
0.858
0.859
0.817
0.786
0.743
0.78
0.765
0.721
0.665
0.638
0.498
0.434
0.333
0.277
0.262
0.296
0.301
0.309
0.269
0.315
0.378
0.401
0.442
0.403
0.388
0.424
0.355
0.302
0.284
0.252
0.263
0.184
0.153
0.116
0.104
0.105
0.077
0.085
0.099
0.134
0.115
0.1
0.073
0.081
0.109
0.111
0.119
0.08
0.118
0.085
0.063
0.069
0.037
0.013
0.015
0.011
0.004
0.003
0
0
0
0.014
0.011
0.016
0.006
0.002
0
0
0
0
0.002
0
0
0
0
0
0
0
0
0
0
0
0
0
0
0
0
0
0
0
0
0
0.008
0
0.007
0
0
0.027
0.031
0.01
0.006
0.017
0.009
0
0
0
0
0
0
0
0.032
0.032
0.016
0
0.006
0
0
0
0
0
0.003
0.004
0.015
0.001
0.011
0.012
0.015
0.002
0.009
0.008
0.007
0.02
0.008
0.014
0.034
0.009
0.002
0.01
0.018
0.017
0.025
0.07
0.073
0.105
0.116
0.095
0.097
0.076
0.083
0.096
0.094
0.098
0.102
0.098
0.101
0.076
0.111
0.137
0.12
0.077
0.097
0.149
0.118
0.161
0.186
0.213
0.273
0.297
0.347
0.345
0.381
0.306
0.29
0.362
0.373
0.323
0.339
0.323
0.284
0.296
0.207
0.248
0.225
0.209
0.235
0.213
0.239
0.242
0.298
0.331
0.493
0.48
0.473
0.445
0.446
0.286
0.252
0.269
0.331
0.335
0.245
0.308
0.272
0.234
0.26
0.19
0.194
0.255
0.197
0.212
0.267
0.337
0.415
0.463
0.5
0.545
0.5
0.48
0.478
0.372
0.36
0.388
0.445
0.53
0.566
0.674
0.731
0.838
1
1.002
0.807
0.698
0.619
0.558
0.586
0.549
0.549
0.571
0.567
0.63
0.636
0.755
0.761
0.851
0.797
0.724
0.729
0.668
0.576
0.534
0.52
0.569
0.673
0.738
0.771
0.784
0.834
0.714
0.711
0.669
0.671
0.742
0.79
0.789
0.836
0.849
0.992
0.938
0.76
0.868
0.845
0.9
0.829
0.834
0.852
0.843
0.844
0.912
0.896
0.947
0.952
0.933
0.896
0.876
0.807
0.836
0.804
0.799
0.861
0.879
0.797
0.691
0.589
0.555
0.499
0.42
0.384
0.423
0.321
0.341
0.23
0.218
0.197
0.273
0.253
0.23
0.27
0.331
0.296
0.34
0.293
0.346
0.57
0.526
0.497
0.531
0.483
0.373
0.417
0.46
0.482
0.399
0.403
0.384
0.354
0.331
0.269
0.182
0.178
0.188
0.16
0.155
0.144
0.072
0.08
0.094
0.095
0.066
0.049
0.03
0.013
0
0
0
0
0.002
0
0
0.027
0.049
0
0.008
0.053
0.049
0.01
0.03
0.053
0.065
0.1
0.204
0.281
0.296
0.301
0.34
0.351
0.41
0.591
0.64
0.61
0.422
0.311
0.349
0.293
0.247
0.215
0.204
0.189
0.18
0.265
0.293
0.422
0.478
0.49
0.486
0.468
0.535
0.427
0.385
0.364
0.275
0.314
0.31
0.282
0.319
0.405
0.452
0.498
0.544
0.606
0.601
0.632
0.636
0.636
0.5
0.473
0.52
0.539
0.634
0.601
0.593
0.537
0.387
0.274
0.207
0.158
0.09
0.065
0.051
0.033
0.047
0.051
0.035
0.065
0.059
0.044
0.05
0.092
0.122
0.131
0.166
0.232
0.333
0.482
0.465
0.454
0.521
0.54
0.53
0.497
0.443
0.455
0.492
0.476
0.507
0.484
0.434
0.4
0.369
0.271
0.242
0.303
0.259
0.29
0.361
0.358
0.372
0.462
0.457
0.602
0.584
0.626
0.685
0.742
0.728
0.654
0.649
0.661
0.617
0.666
0.629
0.63
0.591
0.652
0.638
0.66
0.703
0.67
0.655
0.797
0.87
0.942
0.943
0.964
0.919
0.968
0.875
0.854
0.815
0.655
0.589
0.609
0.568
0.541
0.553
0.457
0.372
0.317
0.229
0.246
0.192
0.143
0.164
0.26
0.24
0.269
0.242
0.139
0.065
0.045
0.037
0.022
0.032
0.051
0.046
0.034
0.02
0.02
0.058
0.051
0.041
0.036
0.032
0.053
0.026
0.044
0.062
0.109
0.041
0.042
0.089
0.096
0.062
0.017
0.043
0.005
0.041
0.015
0.006
0.013
0.031
0.025
0.05
0.082
0.117
0.087
0.159
0.082
0.057
0.078
0.121
0.155
0.226
0.237
0.311
0.391
0.367
0.334
0.452
0.365
0.281
0.308
0.328
0.252
0.232
0.251
0.244
0.207
0.196
0.186
0.206
0.279
0.364
0.441
0.508
0.728
0.841
0.922
0.858
0.791
0.779
0.787
0.759
0.771
0.705
0.728
0.616
0.673
0.583
0.604
0.645
0.572
0.599
0.595
0.567
0.612
0.505
0.412
0.411
0.38
0.434
0.509
0.447
0.394
0.206
0.209
0.175
0.134
0.128
0.139
0.1
0.107
0.117
0.056
0.053
0.043
0.019
0.017
0.001
0.005
0
0
0
0
0.016
0
0.006
0
0
0
0.008
0.014
0.001
0
0.003
0.038
0.046
0.014
0.013
0.015
0.028
0
0.02
0.013
0.035
0.02
0.009
0.032
0.054
0.057
0.051
0.042
0.018
0.006
0.002
0.024
0.035
0.034
0.004
0.032
0.014
0.03
0.013
0.024
0.029
0.032
0.048
0.046
0.039
0.042
0.041
0.042
0.048
0.014
0.01
0.022
0.019
0.03
0.052
0.096
0.067
0.04
0.039
0.055
0.032
0.03
0.062
0.053
0.044
0.057
0.05
0.053
0.046
0.075
0.104
0.091
0.08
0.053
0.076
0.085
0.087
0.142
0.13
0.201
0.143
0.188
0.228
0.261
0.338
0.343
0.355
0.235
0.233
0.228
0.273
0.203
0.209
0.228
0.194
0.198
0.277
0.239
0.194
0.133
0.122
0.139
0.11
0.116
0.238
0.346
0.346
0.42
0.529
0.476
0.417
0.523
0.536
0.488
0.469
0.417
0.345
0.433
0.426
0.506
0.607
0.702
0.536
0.59
0.544
0.539
0.468
0.382
0.253
0.185
0.159
0.18
0.25
0.183
0.119
0.173
0.229
0.372
0.367
0.514
0.464
0.509
0.478
0.582
0.653
0.798
0.833
0.793
0.648
0.621
0.495
0.532
0.481
0.393
0.404
0.304
0.255
0.279
0.171
0.207
0.151
0.169
0.227
0.276
0.192
0.193
0.267
0.305
0.362
0.491
0.715
0.726
0.659
0.781
0.778
0.734
0.63
0.485
0.327
0.393
0.296
0.268
0.304
0.398
0.392
0.343
0.381
0.387
0.345
0.443
0.641
0.745
0.715
0.852
0.835
0.926
0.928
0.947
0.981
0.84
0.777
0.585
0.505
0.41
0.39
0.378
0.24
0.192
0.135
0.088
0.093
0.091
0.077
0.197
0.207
0.204
0.259
0.368
0.327
0.322
0.266
0.2
0.21
0.184
0.11
0.107
0.098
0.12
0.113
0.124
0.159
0.182
0.191
0.154
0.154
0.169
0.244
0.257
0.268
0.382
0.474
0.549
0.572
0.583
0.7
0.664
0.775
0.795
0.836
0.855
0.839
0.799
0.761
0.785
0.737
0.653
0.618
0.571
0.574
0.429
0.46
0.491
0.549
0.556
0.713
0.76
0.767
0.713
0.655
0.627
0.529
0.507
0.53
0.62
0.705
0.793
0.811
0.797
0.784
0.755
0.765
0.823
0.755
0.792
0.719
0.699
0.718
0.603
0.623
0.594
0.678
0.764
0.767
0.717
0.691
0.672
0.681
0.678
0.715
0.79
0.795
0.71
0.702
0.65
0.613
0.607
0.574
0.564
0.535
0.569
0.543
0.443
0.427
0.532
0.552
0.551
0.453
0.343
0.401
0.353
0.425
0.377
0.398
0.388
0.359
0.322
0.319
0.288
0.31
0.167
0.068
0.055
0.054
0.149
0.059
0.05
0.149
0.142
0.156
0.24
0.201
0.148
0.055
0.127
0.143
0.118
0.134
0.103
0.112
0.126
0.13
0.019
0.124
0.127
0.059
0.066
0.043
0.062
0.083
0.066
0.055
0.011
0.021
0.029
0.031
0.042
0.023
0.022
0.052
0.096
0.122
0.147
0.159
0.157
0.201
0.254
0.277
0.292
0.304
0.443
0.4
0.446
0.429
0.439
0.579
0.532
0.628
0.642
0.643
0.658
0.698
0.791
0.785
0.682
0.676
0.608
0.551
0.527
0.546
0.526
0.387
0.318
0.188
0.171
0.087
0.079
0.055
0.177
0.19
0.173
0.195
0.137
0.125
0.08
0.112
0.173
0.225
0.351
0.394
0.479
0.58
0.588
0.565
0.598
0.587
0.627
0.675
0.689
0.709
0.669
0.686
0.695
0.672
0.687
0.578
0.597
0.59
0.634
0.713
0.823
0.836
0.771
0.763
0.663
0.591
0.428
0.388
0.265
0.229
0.281
0.236
0.246
0.212
0.18
0.219
0.251
0.25
0.387
0.309
0.335
0.331
0.244
0.184
0.251
0.264
0.253
0.249
0.275
0.279
0.226
0.214
0.196
0.165
0.197
0.202
0.131
0.148
0.263
0.175
0.14
0.159
0.161
0.121
0.103
0.07
0.065
0.058
0.064
0.042
0.067
0.06
0.051
0.013
0.015
0
0
0.002
0.013
0.009
0.015
0
0.006
0.007
0
0.015
0
0
0
0
0
0
0
0
0
0
0
0
0
0.009
0.005
0
0.005
0
0
0
0
0.009
0.004
0.015
0.025
0.029
0.005
0.008
0
0
0.015
0
0.006
0
0.007
0.042
0.035
0.048
0.039
0
0.002
0.014
0.004
0.073
0.072
0.1
0.159
0.167
0.211
0.227
0.261
0.314
0.287
0.215
0.244
0.218
0.226
0.3
0.337
0.235
0.31
0.356
0.388
0.345
0.282
0.229
0.245
0.273
0.376
0.375
0.4
0.418
0.443
0.463
0.342
0.265
0.221
0.242
0.225
0.219
0.241
0.252
0.212
0.21
0.175
0.254
0.233
0.227
0.228
0.217
0.356
0.326
0.42
0.461
0.416
0.413
0.481
0.459
0.487
0.525
0.537
0.547
0.527
0.546
0.615
0.635
0.689
0.599
0.565
0.558
0.593
0.539
0.446
0.418
0.402
0.402
0.357
0.354
0.285
0.293
0.202
0.252
0.27
0.217
0.237
0.224
0.355
0.356
0.384
0.484
0.514
0.608
0.765
0.804
0.846
0.894
0.999
0.974
0.917
0.893
0.942
0.986
0.921
0.86
0.834
0.788
0.768
0.707
0.648
0.554
0.564
0.507
0.546
0.528
0.453
0.374
0.402
0.331
0.312
0.304
0.197
0.164
0.128
0.097
0.062
0.027
0.058
0.031
0.029
0.024
0.023
0.084
0.119
0.242
0.285
0.367
0.443
0.438
0.559
0.611
0.726
0.736
0.797
0.826
0.842
0.891
0.922
0.919
0.9
0.813
0.749
0.7
0.759
0.767
0.795
0.689
0.695
0.612
0.701
0.689
0.565
0.373
0.43
0.246
0.177
0.226
0.314
0.366
0.434
0.367
0.315
0.375
0.388
0.416
0.383
0.458
0.511
0.498
0.52
0.53
0.436
0.468
0.564
0.56
0.533
0.607
0.569
0.523
0.568
0.558
0.731
0.694
0.606
0.643
0.682
0.646
0.545
0.472
0.482
0.418
0.42
0.384
0.35
0.324
0.254
0.267
0.222
0.177
0.212
0.222
0.345
0.338
