0
0
0
0
0
0
0
0
0
0
40.676
86.912
97.511
53.069
0
0
0
0
0
0
0
0
0
0
0
0
0
0
0
0
0
0
0
0
0
0
0
0
0
0
0
0
0
0
0
0
0
0
0
0
0
0
0
0
0
0
0
0
0
0
0
23.202
0
0
0
0
0
0
0
0
0
0
0
0
0
0
0
0
0
0
0
13.121
83.128
155.013
165.126
130.818
48.446
0
0
0
0
0
0
0
0
0
0
0
0
0
0
0
0
0
0
0
0
0
0
0
0
0
0
0
0
0
0
0
0
0
0
0
0
0
0
0
0
0
0
0
0
0
0
0
0
0
0
0
0
0
0
0
0
0
0
0
0
0
0
0
0
0
0
0
88.468
180.802
238.436
205.936
122.629
0
0
0
0
0
0
0
0
0
0
0
0
0
0
0
0
0
0
59.181
36.399
0
0
0
0
0
0
0
0
0
0
0
0
0
0
0
0
0
0
0
0
0
0
0
0
84.722
65.448
0
0
0
0
0
0
0
0
0
0
0
0
0
0
0
0
0
0
0
0
0
0
0
0
0
0
0
0
0
0
0
0
0
0
0
0
0
0
0
0
0
0
0
0
0
0
0
52.215
0
0
0
0
0
0
0
0
0
0
0
0
0
0
0
0
0
0
0
0
11.760
20.722
40.839
33.843
0
0
0
0
0
0
0
0
0
0
0
0
0
0
0
0
0
0
0
0
0
0
0
0
0
0
0
0
0
0
0
0
0
0
0
0
0
0
0
0
0
0
0
0
17.459
78.162
140.842
164.457
139.113
62.958
0
0
0
0
0
0
0
0
0
0
0
0
0
0
0
0
0
0
0
0
0
0
0
0
0
0
0
0
0
0
0
0
0
0
0
0
0
0
0
0
0
0
0
0
0
0
0
0
0
0
0
0
0
0
0
0
0
0
0
0
0
0
0
0
0
0
0
0
0
0
0
0
0
0
0
0
0
0
0
0
0
0
0
0
0
0
0
0
0
0
0
0
0
0
0
0
0
0
0
0
0
0
0
0
0
0
0
0
0
0
0
0
0
0
0
0
0
0
0
0
0
0
0
0
0
0
0
0
0
0
0
0
0
0
0
0
0
0
0
0
0
0
0
0
0
0
0
0
0
0
0
0
0
0
0
0
0
0
0
0
0
0
0
0
0
0
0
0
0
0
0
0
0
0
0
0
0
0
0
0
0
0
0
0
0
0
0
0
0
0
0
0
0
0
0
0
0
0
0
0
0
0
0
0
0
0
0
0
0
0
0
0
0
0
0
0
0
0
0
0
0
0
0
0
0
0
0
0
0
0
0
0
0
0
0
0
0
0
0
0
0
0
0
0
0
0
0
0
0
0
0
0
0
0
0
0
0
0
0
0
0
0
0
0
0
0
0
0
0
0
0
0
0
0
0
0
0
0
0
0
0
0
0
0
0
0
0
0
0
0
0
0
0
0
0
0
0
0
0
0
0
0
0
0
0
0
0
62.479
112.155
51.914
0
0
0
0
0
0
0
0
0
0
0
0
0
0
0
0
0
0
0
0
0
0
0
0
0
0
0
0
0
0
0
0
0
0
0
0
0
0
0
0
0
0
0
0
0
0
0
0
0
0
0
0
0
0
0
0
0
0
0
0
0
0
0
0
0
0
0
0
0
0
0
0
0
0
0
0
0
0
0
0
0
0
0
0
0
0
0
0
0
0
0
0
0
0
0
0
0
0
0
0
0
0
0
0
0
0
0
0
0
0
0
0
0
0
0
0
0
0
0
0
0
37.400
0
0
0
0
0
0
0
0
0
0
0
0
0
0
0
0
0
0
0
8.804
9.132
14.992
56.287
0
0
0
0
0
0
0
0
0
0
0
0
0
0
0
0
0
0
0
0
0
43.785
62.116
51.974
21.994
0
0
0
0
0
0
0
0
0
0
0
0
0
0
0
0
0
0
0
0
0
0
0
0
0
0
0
0
0
0
0
0
0
0
0
0
0
0
0
0
0
0
0
0
77.076
104.410
60.298
0
0
0
0
0
0
0
0
0
0
0
0
0
0
0
0
0
0
0
0
0
0
0
0
0
0
0
0
0
0
0
0
0
0
0
0
0
0
0
0
0
0
0
0
0
0
0
0
0
0
0
0
0
0
0
0
0
0
0
0
0
0
0
0
0
0
0
0
0
0
8.083
72.135
58.681
0
0
0
0
0
0
0
0
0
0
0
0
0
0
0
0
0
0
0
0
0
0
0
0
0
0
0
0
0
0
0
0
0
0
0
0
0
0
0
0
0
0
0
0
0
0
0
0
0
0
0
0
0
0
0
0
0
0
0
0
0
0
0
0
0
0
0
0
0
0
0
0
0
0
0
0
0
0
0
0
0
0
0
0
0
0
0
0
0
0
0
0
0
0
0
0
0
0
0
0
0
0
0
0
0
0
0
0
0
0
0
0
0
0
0
0
0
0
0
0
0
0
0
0
0
0
0
0
0
0
0
0
0
0
0
0
0
12.372
118.199
265.264
344.679
356.821
307.687
198.246
98.337
0
0
0
0
0
0
0
0
0
0
0
0
0
0
0
0
0
0
0
0
0
0
0
0
0
0
0
0
0
0
0
0
0
0
0
0
0
0
0
0
25.560
99.304
268.707
373.789
200.070
99.220
0
0
0
0
0
0
0
0
0
0
0
0
0
0
0
0
0
0
32.213
100.767
235.261
223.585
152.524
79.482
0
0
0
0
0
0
0
0
0
0
0
0
0
0
0
0
0
0
0
0
36.021
12.594
5.790
0
0
0
0
0
0
0
0
0
0
0
0
0
0
0
0
0
0
0
0
8.295
45.729
79.802
79.632
76.552
131.057
80.181
0
0
0
0
0
0
0
0
0
0
0
0
0
0
0
0
0
98.164
340.293
472.942
439.261
439.244
256.683
121.253
0
0
0
0
0
0
0
0
0
0
0
0
0
0
0
0
38.960
205.279
335.134
392.542
402.531
349.599
240.070
114.311
0
0
0
0
0
0
0
0
0
0
0
0
0
0
0
0
0
0
51.023
76.231
105.842
90.386
48.103
16.266
0
0
0
0
0
0
0
0
0
0
0
0
0
0
0
0
0
0
12.206
63.323
86.254
100.993
109.340
69.012
0
0
0
0
0
0
0
0
0
0
0
0
0
0
0
0
55.881
139.033
330.337
150.320
480.304
403.938
158.429
131.242
0
0
0
0
0
0
0
0
0
0
0
0
0
0
0
25.178
76.831
221.688
86.943
265.402
166.334
440.049
386.909
122.628
0
0
0
0
0
0
0
0
0
0
0
0
0
0
0
0
51.301
195.266
356.921
238.960
385.783
226.599
0
0
0
0
0
0
0
0
0
0
0
0
0
0
0
0
0
0
0
0
73.507
24.696
24.436
10.747
0
0
0
0
0
0
0
0
0
0
0
0
0
0
0
0
0
0
0
0
0
0
0
0
0
0
0
0
0
0
0
0
0
0
0
0
0
0
0
0
0
0
0
0
0
0
0
0
0
0
0
0
0
0
0
0
0
0
0
0
0
0
0
0
0
0
0
0
0
0
0
0
0
0
0
0
0
0
0
0
0
0
0
0
0
0
0
0
0
0
0
0
0
0
0
0
0
0
0
0
0
0
0
0
0
0
0
0
0
0
0
0
0
0
0
0
0
0
13.017
9.686
0
0
0
0
0
0
0
0
0
0
0
0
0
0
0
0
0
0
0
0
0
0
1.989
46.242
0
0
0
0
0
0
0
0
0
0
0
0
0
0
0
0
0
0
0
0
0
0
0
0
0
0
0
0
0
0
0
0
0
0
0
0
0
0
0
0
0
0
0
0
0
0
0
0
0
0
0
0
0
0
0
0
0
0
0
0
0
0
0
0
0
0
0
0
22.064
97.709
124.085
217.721
208.531
127.469
0
0
0
0
0
0
0
0
0
0
0
0
0
0
0
0
0
0
0
37.332
10.847
50.716
0
0
0
0
0
0
0
0
0
0
0
0
0
0
0
0
0
0
0
0
111.298
55.834
46.812
0
49.630
63.886
0
0
0
0
0
0
0
0
0
0
0
0
0
0
0
0
0
0
0
0
0
0
0
0
0
0
0
0
0
0
0
0
0
0
0
0
0
0
0
17.728
62.094
170.327
276.353
102.454
450.372
218.640
96.633
0
0
0
0
0
0
0
0
0
0
0
0
0
0
0
0
0
37.769
73.453
0
0
0
0
0
0
0
0
0
0
0
0
0
0
0
0
0
0
0
0
0
0
0
41.727
81.534
96.277
28.410
0
0
0
0
0
0
0
0
0
0
0
0
0
0
0
0
0
0
9.649
109.570
273.268
371.250
415.076
57.137
0
0
0
0
0
0
0
0
0
0
0
0
0
0
0
0
0
0
32.976
153.845
356.701
455.226
506.950
506.950
450.568
339.991
179.038
86.677
0
0
0
0
0
0
0
0
0
0
0
0
0
0
70.523
125.997
93.609
26.637
0
0
0
0
0
0
0
0
0
0
0
0
0
0
0
0
0
0
0
0
35.086
134.954
293.709
146.199
113.553
119.644
244.613
164.706
164.706
87.314
0
0
0
0
0
0
0
0
0
0
0
0
0
0
0
0
0
0
0
0
0
0
0
0
0
0
0
0
0
0
0
0
0
0
0
0
0
0
40.502
169.410
354.194
430.926
526.500
509.466
434.034
337.492
158.988
83.529
0
0
0
0
0
0
0
0
0
0
0
0
0
0
53.716
148.759
325.019
462.812
216.961
286.970
139.917
82.852
0
0
0
0
0
0
0
0
0
0
0
0
0
0
0
0
0
0
0
0
0
33.945
0
117.786
164.767
83.106
0
0
0
0
0
0
0
0
0
0
0
0
0
0
62.333
183.901
348.971
408.230
553.370
224.920
212.837
86.722
0
0
0
0
0
0
0
0
0
0
0
0
0
0
0
0
0
0
20.436
18.705
0
0
0
0
0
0
0
0
0
0
0
0
0
0
0
0
0
0
0
0
0
11.134
56.256
97.574
484.981
236.700
133.762
104.355
69.593
0
0
0
0
0
0
0
0
0
0
0
0
0
0
0
24.530
26.287
45.451
317.494
163.213
163.266
178.023
163.978
70.432
0
0
0
0
0
0
0
0
0
0
0
0
0
0
0
0
178.917
134.827
113.118
113.118
118.710
93.133
63.055
70.975
0
0
0
0
0
0
0
0
0
0
0
0
0
0
0
0
0
0
0
0
0
0
0
0
0
0
0
0
0
0
0
0
0
0
0
0
0
0
0
0
0
0
0
0
0
0
0
0
0
0
0
0
0
0
0
0
0
0
0
0
0
0
0
33.923
43.514
148.262
224.353
278.358
459.538
185.727
196.274
106.729
0
0
0
0
0
0
0
0
0
0
0
0
0
0
0
0
0
34.802
206.372
271.453
114.820
120.571
119.119
62.576
38.217
0
0
0
0
0
0
0
0
0
0
0
0
0
0
0
0
0
0
18.188
66.157
88.453
0
0
0
0
0
0
0
0
0
0
0
0
0
0
0
0
0
58.484
43.954
20.386
0
111.307
290.214
87.161
56.331
77.246
36.270
0
0
0
0
0
0
0
0
0
0
0
0
0
0
27.495
14.039
0
86.231
172.039
241.689
242.496
245.359
129.636
102.259
0
0
0
0
0
0
0
0
0
0
0
0
0
0
0
0
0
0
0
0
0
0
0
0
0
0
0
0
0
0
0
0
0
0
0
0
0
0
0
160.492
112.971
0
66.910
31.610
0
0
0
0
0
0
0
0
0
0
0
0
0
0
0
0
0
0
0
53.104
47.257
86.350
136.944
93.496
125.744
98.189
43.503
0
0
0
0
0
0
0
0
0
0
0
0
0
0
0
18.589
10.565
0
39.474
55.221
0
24.480
126.778
101.594
38.314
0
0
0
0
0
0
0
0
0
0
0
0
0
15.437
85.337
214.006
182.131
144.188
426.362
253.002
232.672
232.563
0
0
0
0
0
0
0
0
0
0
0
0
0
0
0
0
0
0
71.850
0
0
0
0
0
0
0
0
0
0
0
0
0
0
0
0
0
0
0
0
0
53.475
107.537
351.000
241.291
480.868
193.070
220.146
433.123
161.019
94.268
0
0
0
0
0
0
0
0
0
0
0
0
0
0
25.180
39.790
41.437
91.275
461.772
402.480
99.228
36.640
0
0
0
0
0
0
0
0
0
0
0
0
0
0
0
6.178
83.334
151.234
349.956
330.814
510.393
438.112
353.517
134.337
52.489
0
0
0
0
0
0
0
0
0
0
0
0
0
0
25.976
107.994
310.997
453.914
476.764
417.677
133.531
374.165
263.577
152.102
103.035
0
0
0
0
0
0
0
0
0
0
0
0
0
0
0
33.715
49.277
0
72.523
60.434
94.778
325.031
248.998
130.426
0
0
0
0
0
0
0
0
0
0
0
0
0
0
123.805
93.590
123.530
349.193
140.996
0
103.187
85.513
0
0
0
0
0
0
0
0
0
0
0
0
0
0
0
35.694
102.884
311.749
451.446
546.666
591.319
591.319
547.380
402.393
161.506
72.420
0
0
0
0
0
0
0
0
0
0
0
0
0
15.008
71.660
249.585
402.536
512.007
570.089
580.443
523.819
428.117
247.480
121.999
0
0
0
0
0
0
0
0
0
0
0
0
0
0
118.036
229.402
399.858
279.578
326.190
249.740
104.859
55.236
0
0
0
0
0
0
0
0
0
0
0
0
0
0
0
0
85.952
112.435
215.175
224.467
280.615
202.584
301.224
103.579
0
0
0
0
0
0
0
0
0
0
0
0
0
0
0
0
0
64.321
61.090
123.001
135.958
125.991
119.568
125.553
102.639
0
0
0
0
0
0
0
0
0
0
0
0
0
0
0
0
61.919
82.721
103.802
132.607
110.290
100.794
207.704
176.777
97.654
0
0
0
0
0
0
0
0
0
0
0
0
0
0
0
0
0
74.947
100.846
142.176
124.858
107.188
78.313
0
0
0
0
0
0
0
0
0
0
0
0
0
0
0
0
0
0
34.026
24.432
53.343
95.360
86.170
113.121
102.400
0
0
0
0
0
0
0
0
0
0
0
0
0
0
0
0
37.160
35.634
63.584
85.670
119.061
136.997
98.687
0
0
0
0
0
0
0
0
0
0
0
0
0
0
34.831
85.427
276.651
427.746
512.455
559.159
546.985
489.524
382.101
239.541
125.053
0
0
0
0
0
0
0
0
0
0
0
0
0
46.828
87.404
250.772
401.374
492.940
532.214
527.493
491.514
410.386
275.870
144.524
0
0
0
0
0
0
0
0
0
0
0
0
0
0
87.169
267.295
445.833
518.911
363.472
345.140
133.426
77.732
0
0
0
0
0
0
0
0
0
0
0
0
0
0
0
55.690
135.636
346.438
476.259
572.247
622.034
632.982
551.318
449.444
311.718
148.733
0
0
0
0
0
0
0
0
0
0
0
0
0
82.003
142.920
348.226
481.428
590.333
618.738
574.505
561.013
450.305
305.601
154.925
0
0
0
0
0
0
0
0
0
0
0
0
0
73.467
135.576
350.647
268.864
404.065
268.474
421.382
157.509
143.832
73.167
37.540
0
0
0
0
0
0
0
0
0
0
0
0
0
47.245
147.562
222.118
155.118
372.034
576.203
422.345
457.289
448.979
302.295
146.049
53.422
0
0
0
0
0
0
0
0
0
0
0
0
27.600
104.345
222.611
382.837
453.047
435.944
489.645
490.225
418.595
283.453
196.225
70.079
0
0
0
0
0
0
0
0
0
0
0
0
9.363
79.782
254.561
216.809
242.873
317.439
210.218
112.692
107.827
0
0
0
0
0
0
0
0
0
0
0
0
0
0
0
0
0
74.215
75.208
100.904
141.239
114.617
372.700
325.467
244.739
163.695
0
0
0
0
0
0
0
0
0
0
0
0
0
0
73.315
113.119
155.266
208.999
536.707
426.648
231.577
347.013
244.117
138.412
0
0
0
0
0
0
0
0
0
0
0
0
0
0
0
0
50.091
83.862
160.522
109.464
55.570
136.114
97.387
0
0
0
0
0
0
0
0
0
0
0
0
0
0
58.074
128.477
252.351
415.879
436.770
358.035
319.982
212.105
235.847
145.338
137.087
88.043
0
0
0
0
0
0
0
0
0
0
0
0
46.320
33.819
0
0
0
106.987
148.320
152.952
0
72.133
98.765
0
0
0
0
0
0
0
0
0
0
0
0
0
0
52.767
176.459
188.540
392.186
218.528
206.693
148.062
120.118
206.152
122.421
0
0
0
0
0
0
0
0
0
0
0
0
0
0
53.782
74.584
141.122
145.013
162.892
178.505
201.459
393.704
202.854
105.346
0
0
0
0
0
0
0
0
0
0
0
0
0
48.731
71.761
208.770
196.834
154.897
154.897
153.097
161.422
94.080
74.729
50.851
0
0
0
0
0
0
0
0
0
0
0
0
0
54.129
155.392
215.052
398.995
418.686
188.555
222.235
479.255
410.002
287.611
182.464
62.087
0
0
0
0
0
0
0
0
0
0
0
0
19.739
82.115
239.224
407.309
248.278
559.300
575.228
323.977
181.313
120.470
0
0
0
0
0
0
0
0
0
0
0
0
0
0
0
77.195
118.251
353.534
442.136
551.728
552.428
186.156
123.262
122.130
0
0
0
0
0
0
0
0
0
0
0
0
0
0
0
75.762
31.441
171.308
522.116
444.095
235.716
129.290
102.320
0
131.736
65.645
0
0
0
0
0
0
0
0
0
0
0
0
36.522
95.166
121.996
107.776
88.162
114.766
78.339
0
33.518
25.226
25.226
0
0
0
0
0
0
0
0
0
0
0
0
0
21.255
67.012
163.435
308.549
263.051
332.529
241.917
216.213
166.904
122.489
61.073
0
0
0
0
0
0
0
0
0
0
0
0
0
60.984
146.066
285.723
446.493
520.296
480.765
516.407
383.941
350.165
283.344
202.976
88.086
0
0
0
0
0
0
0
0
0
0
0
0
58.792
141.544
273.432
426.804
513.268
566.104
566.664
494.124
406.394
265.432
191.118
0
0
0
0
0
0
0
0
0
0
0
0
0
0
0
0
0
0
64.461
0
0
0
0
0
0
0
0
0
0
0
0
0
0
0
0
0
0
0
0
70.970
51.457
42.224
91.403
114.452
101.369
52.084
0
0
0
0
0
0
0
0
0
0
0
0
0
0
0
0
0
0
35.080
60.389
79.160
66.021
79.728
131.613
112.494
0
0
0
0
0
0
0
0
0
0
0
0
0
0
49.342
106.357
192.189
279.688
512.142
567.798
253.101
384.559
416.315
266.935
207.337
93.762
0
0
0
0
0
0
0
0
0
0
0
0
0
0
34.541
52.106
0
45.586
51.113
52.843
37.457
33.703
0
0
0
0
0
0
0
0
0
0
0
0
0
0
0
40.774
211.277
365.826
201.781
339.349
261.063
357.856
332.001
246.386
135.053
0
0
0
0
0
0
0
0
0
0
0
0
0
69.386
119.528
162.344
325.054
264.229
587.446
576.822
477.758
209.777
255.973
194.883
89.873
0
0
0
0
0
0
0
0
0
0
0
0
0
35.591
37.986
0
0
0
0
0
0
0
0
0
0
0
0
0
0
0
0
0
0
0
0
0
36.170
107.549
166.132
195.188
310.958
334.559
586.449
533.844
355.489
235.587
135.407
50.260
0
0
0
0
0
0
0
0
0
0
0
0
30.282
48.042
109.229
251.364
527.555
564.407
564.407
534.081
433.963
310.738
209.403
100.737
0
0
0
0
0
0
0
0
0
0
0
0
68.912
128.774
243.865
288.533
395.241
301.711
326.033
203.124
0
0
0
0
0
0
0
0
0
0
0
0
0
0
0
0
0
76.115
100.624
129.547
397.091
457.428
434.832
405.505
383.388
269.159
201.839
0
0
0
0
0
0
0
0
0
0
0
0
0
0
0
0
0
104.911
96.513
216.389
491.542
401.631
270.687
199.197
88.962
0
0
0
0
0
0
0
0
0
0
0
0
82.552
157.714
287.112
441.191
523.454
312.469
252.109
227.120
145.364
133.439
137.042
0
0
0
0
0
0
0
0
0
0
0
0
0
92.453
158.855
310.439
458.745
525.823
221.497
217.131
290.521
396.879
263.517
189.296
89.301
0
0
0
0
0
0
0
0
0
0
0
0
81.137
162.109
306.550
456.872
544.167
593.547
560.846
505.841
385.683
278.856
205.093
109.940
0
0
0
0
0
0
0
0
0
0
0
0
0
0
146.429
230.403
258.360
306.857
226.985
210.966
215.696
113.603
132.347
95.077
0
0
0
0
0
0
0
0
0
0
0
0
78.378
158.627
296.445
444.566
527.480
560.596
560.749
499.190
406.516
276.020
201.099
91.586
0
0
0
0
0
0
0
0
0
0
0
0
80.073
151.754
282.822
426.981
520.886
568.877
558.383
509.618
418.336
301.131
215.194
108.375
0
0
0
0
0
0
0
0
0
0
0
0
95.426
173.647
332.719
481.096
570.338
591.893
577.444
519.215
420.368
276.164
208.188
105.631
0
0
0
0
0
0
0
0
0
0
0
0
89.426
167.271
310.072
452.963
527.958
528.396
520.509
489.661
403.369
277.099
205.754
103.033
0
0
0
0
0
0
0
0
0
0
0
0
111.447
180.981
291.231
239.474
401.789
569.166
459.095
483.183
378.921
262.013
193.612
0
0
0
0
0
0
0
0
0
0
0
0
0
114.018
152.827
276.764
330.666
513.806
515.443
431.960
517.387
341.869
304.636
213.762
112.851
0
0
0
0
0
0
0
0
0
0
0
0
56.090
97.373
213.960
396.866
484.024
554.981
540.571
495.385
417.055
283.052
209.171
97.478
0
0
0
0
0
0
0
0
0
0
0
38.982
78.321
110.170
114.665
275.662
491.153
570.510
436.265
491.996
378.573
249.163
185.404
91.332
0
0
0
0
0
0
0
0
0
0
0
0
78.868
163.115
297.868
447.762
527.884
592.684
581.123
524.892
423.223
277.060
195.162
89.074
0
0
0
0
0
0
0
0
0
0
0
0
73.322
102.931
182.313
382.037
440.040
289.800
345.444
364.227
357.416
255.711
185.910
0
0
0
0
0
0
0
0
0
0
0
0
0
120.845
160.717
317.303
343.825
447.913
198.613
144.393
161.352
292.855
217.221
137.931
78.295
0
0
0
0
0
0
0
0
0
0
0
0
109.661
181.219
310.639
272.937
388.076
150.395
371.697
497.470
416.192
265.237
172.087
0
0
0
0
0
0
0
0
0
0
0
0
0
0
0
0
95.877
137.517
99.537
53.722
63.688
124.949
101.928
71.020
0
0
0
0
0
0
0
0
0
0
0
0
0
0
107.036
167.653
137.759
135.640
225.447
193.637
81.096
80.689
71.715
50.750
0
0
0
0
0
0
0
0
0
0
0
0
0
0
59.876
97.384
154.491
404.625
396.183
459.438
356.863
164.082
0
0
0
0
0
0
0
0
0
0
0
0
0
0
0
56.704
111.144
125.538
180.350
214.716
202.878
198.208
110.309
99.709
73.531
49.722
40.188
0
0
0
0
0
0
0
0
0
0
0
0
44.298
46.503
50.483
116.953
170.534
189.392
122.750
79.480
122.508
0
0
0
0
0
0
0
0
0
0
0
0
0
0
68.761
63.142
145.273
302.084
436.075
480.066
285.378
132.532
110.177
146.113
86.253
0
0
0
0
0
0
0
0
0
0
0
0
0
0
89.355
160.536
247.335
342.385
422.111
250.312
416.661
188.793
213.637
116.935
53.619
0
0
0
0
0
0
0
0
0
0
0
0
43.693
66.048
167.865
211.755
135.022
157.230
225.187
373.024
157.838
57.311
42.861
0
0
0
0
0
0
0
0
0
0
0
0
0
0
0
77.383
83.314
96.836
334.648
378.968
499.320
460.874
400.827
268.693
141.296
0
0
0
0
0
0
0
0
0
0
0
0
0
0
0
82.300
100.671
146.121
283.342
210.124
106.495
46.189
187.675
176.047
77.443
0
0
0
0
0
0
0
0
0
0
0
0
92.304
161.894
267.510
399.494
472.036
356.158
265.627
177.510
275.633
253.276
165.820
92.838
0
0
0
0
0
0
0
0
0
0
0
0
0
0
0
0
57.279
0
32.568
0
0
0
0
0
0
0
0
0
0
0
0
0
0
0
0
0
0
0
0
0
0
0
0
0
80.872
50.835
67.931
67.214
0
0
0
0
0
0
0
0
0
0
0
0
56.620
87.383
197.365
279.710
321.319
388.846
512.620
483.082
413.468
311.329
231.234
117.928
0
0
0
0
0
0
0
0
0
0
0
0
95.786
139.782
198.863
219.331
308.987
367.784
348.570
394.876
242.608
204.532
148.300
83.042
0
0
0
0
0
0
0
0
0
0
0
0
59.838
94.369
159.240
194.687
184.650
537.128
564.371
482.675
244.567
212.844
135.458
0
0
0
0
0
0
0
0
0
0
0
0
0
101.639
158.431
292.609
442.491
524.958
551.071
540.706
495.556
408.088
288.059
205.875
102.509
0
0
0
0
0
0
0
0
0
0
0
0
91.449
160.489
308.085
442.742
525.659
470.385
478.977
423.242
423.242
291.950
210.236
108.769
0
0
0
0
0
0
0
0
0
0
0
0
89.492
152.382
294.859
437.615
516.556
413.944
420.575
293.497
237.110
218.071
186.527
100.856
0
0
0
0
0
0
0
0
0
0
0
0
0
0
0
96.355
59.836
137.635
246.902
303.818
272.480
190.099
126.987
0
0
0
0
0
0
0
0
0
0
0
0
0
0
0
0
102.574
125.572
228.207
149.696
93.365
0
81.203
51.866
0
0
0
0
0
0
0
0
0
0
0
0
0
0
52.767
46.387
59.511
59.511
0
0
56.794
100.147
0
0
0
0
0
0
0
0
0
0
0
0
0
0
0
0
0
0
76.584
137.279
176.050
164.652
0
0
0
0
0
0
0
0
0
0
0
0
0
0
0
0
0
0
95.211
125.550
116.586
0
118.167
0
125.108
154.276
91.186
47.856
0
0
0
0
0
0
0
0
0
0
0
0
0
68.539
76.373
0
87.777
177.639
291.783
218.715
92.221
171.448
222.501
121.784
63.218
0
0
0
0
0
0
0
0
0
0
0
0
86.025
92.106
105.439
133.713
399.248
206.817
202.667
220.483
168.280
161.463
178.626
96.630
0
0
0
0
0
0
0
0
0
0
0
0
69.083
132.439
112.400
124.702
162.843
327.269
273.807
214.637
231.613
167.872
106.024
0
0
0
0
0
0
0
0
0
0
0
0
0
0
113.042
157.733
0
97.471
82.475
188.918
217.066
186.867
213.411
175.699
81.939
0
0
0
0
0
0
0
0
0
0
0
0
0
0
95.480
183.232
176.296
303.329
347.511
350.465
232.216
176.519
103.946
0
0
0
0
0
0
0
0
0
0
0
0
0
0
0
0
87.580
125.644
198.239
238.518
248.109
0
0
0
0
0
0
0
0
0
0
0
0
0
0
0
0
0
113.130
112.822
264.399
293.441
190.097
141.520
276.625
203.894
93.957
84.286
0
0
0
0
0
0
0
0
0
0
0
0
0
0
64.446
146.414
241.086
192.811
158.891
167.018
129.953
91.808
82.529
94.017
0
0
0
0
0
0
0
0
0
0
0
0
0
88.967
132.543
235.803
355.494
371.103
482.975
404.739
239.328
194.078
144.656
98.317
0
0
0
0
0
0
0
0
0
0
0
0
0
0
61.397
0
107.387
423.227
558.186
532.822
496.202
392.942
271.142
200.658
0
0
0
0
0
0
0
0
0
0
0
0
0
94.372
83.126
153.744
205.232
241.501
526.483
535.818
508.878
418.292
285.220
205.616
90.326
0
0
0
0
0
0
0
0
0
0
0
0
74.537
135.883
279.077
360.021
504.233
532.009
510.122
449.620
425.564
283.535
213.159
101.836
0
0
0
0
0
0
0
0
0
0
0
0
57.973
111.288
213.589
322.759
375.367
484.287
485.183
427.464
320.247
243.881
164.218
0
0
0
0
0
0
0
0
0
0
0
0
0
0
0
96.320
185.561
259.029
417.500
269.569
289.326
373.189
270.958
142.935
0
0
0
0
0
0
0
0
0
0
0
0
0
0
86.736
0
62.236
64.022
0
0
0
0
0
0
0
0
0
0
0
0
0
0
0
0
0
0
0
96.314
79.597
132.348
205.146
392.146
454.341
461.412
433.398
349.547
259.107
190.864
95.861
0
0
0
0
0
0
0
0
0
0
0
0
87.049
148.256
269.810
420.981
485.629
320.243
285.103
500.603
400.721
281.810
207.449
95.235
0
0
0
0
0
0
0
0
0
0
0
0
89.069
148.770
200.980
285.705
275.723
415.708
252.766
219.152
175.610
166.823
94.274
0
0
0
0
0
0
0
0
0
0
0
0
0
88.337
144.047
242.506
285.609
175.958
186.504
153.995
339.827
288.867
0
157.239
71.755
0
0
0
0
0
0
0
0
0
0
0
0
67.900
133.269
241.457
430.318
552.447
398.214
238.539
363.679
267.500
271.407
0
0
0
0
0
0
0
0
0
0
0
0
0
0
0
0
0
0
0
0
121.703
0
0
0
0
0
0
0
0
0
0
0
0
0
0
0
0
0
0
57.454
71.399
186.179
341.671
533.156
460.341
489.546
414.427
250.828
196.055
95.437
0
0
0
0
0
0
0
0
0
0
0
0
0
92.436
132.082
90.664
77.374
319.468
401.037
351.068
209.311
177.916
125.463
0
0
0
0
0
0
0
0
0
0
0
0
0
0
83.299
175.841
277.121
410.224
449.964
484.399
444.806
348.392
255.911
173.152
0
0
0
0
0
0
0
0
0
0
0
0
0
0
0
0
156.948
375.923
385.707
543.724
356.858
387.843
227.587
163.748
82.600
0
0
0
0
0
0
0
0
0
0
0
0
78.376
137.126
233.664
370.766
408.959
496.688
424.684
245.027
325.883
251.205
177.457
0
0
0
0
0
0
0
0
0
0
0
0
0
104.783
132.411
192.372
351.161
306.976
350.536
452.719
309.204
245.972
178.477
139.085
0
0
0
0
0
0
0
0
0
0
0
0
0
0
0
0
0
83.899
76.739
215.971
261.975
213.284
136.564
0
0
0
0
0
0
0
0
0
0
0
0
0
0
0
0
114.339
290.680
335.343
372.693
252.975
249.402
168.190
167.270
97.454
0
0
0
0
0
0
0
0
0
0
0
0
0
0
0
0
0
0
0
0
0
0
0
0
0
0
0
0
0
0
0
0
0
0
0
0
0
84.305
95.534
141.236
119.997
0
0
0
0
0
0
0
0
0
0
0
0
0
0
0
0
0
0
0
0
0
0
77.879
92.208
126.951
206.185
172.524
229.193
209.294
108.170
0
0
0
0
0
0
0
0
0
0
0
0
0
0
0
60.931
0
104.037
149.698
375.566
389.946
417.439
250.791
183.980
0
0
0
0
0
0
0
0
0
0
0
0
0
0
0
0
0
104.346
67.280
90.659
67.414
0
0
0
0
0
0
0
0
0
0
0
0
0
0
0
0
0
0
0
83.761
101.579
187.908
249.778
220.001
196.892
178.088
0
0
0
0
0
0
0
0
0
0
0
0
0
0
0
94.067
49.155
108.406
99.382
0
147.533
252.522
290.797
215.924
131.361
0
0
0
0
0
0
0
0
0
0
0
0
0
0
73.558
129.154
108.802
92.198
73.900
0
155.523
208.616
164.010
152.849
140.674
0
0
0
0
0
0
0
0
0
0
0
0
0
0
81.243
74.952
181.962
175.223
216.813
486.848
424.882
303.415
256.816
171.464
0
0
0
0
0
0
0
0
0
0
0
0
0
65.871
88.808
163.062
169.985
173.983
173.211
209.756
372.278
312.725
221.992
138.108
0
0
0
0
0
0
0
0
0
0
0
0
0
60.843
88.208
202.536
350.893
470.810
533.211
516.411
461.603
367.522
238.542
154.935
0
0
0
0
0
0
0
0
0
0
0
0
0
0
128.583
181.946
215.668
409.853
323.223
242.530
218.038
222.613
127.716
68.443
0
0
0
0
0
0
0
0
0
0
0
0
0
0
87.804
156.324
294.194
388.917
337.091
290.522
371.966
321.771
194.216
102.563
0
0
0
0
0
0
0
0
0
0
0
0
0
58.572
65.058
184.766
216.408
378.919
335.605
411.081
366.607
305.598
227.622
136.872
0
0
0
0
0
0
0
0
0
0
0
0
0
72.184
107.302
231.740
331.559
394.105
543.924
393.268
305.138
374.470
216.549
143.433
0
0
0
0
0
0
0
0
0
0
0
0
0
68.404
92.804
212.135
365.589
459.919
501.560
501.809
462.063
361.821
253.859
164.392
0
0
0
0
0
0
0
0
0
0
0
0
0
63.655
84.961
209.180
383.269
428.246
518.666
519.266
468.894
375.365
252.175
163.018
0
0
0
0
0
0
0
0
0
0
0
0
0
72.322
97.056
217.147
382.163
477.904
521.142
521.142
444.148
380.796
245.676
153.318
0
0
0
0
0
0
0
0
0
0
0
0
0
0
123.205
179.793
254.052
370.058
370.058
280.939
126.269
87.241
70.279
0
0
0
0
0
0
0
0
0
0
0
0
0
0
66.113
65.966
111.360
133.438
94.843
124.388
90.943
0
0
0
0
0
0
0
0
0
0
0
0
0
0
0
0
0
59.723
106.835
207.287
338.618
450.605
496.016
195.191
157.132
148.481
94.653
0
0
0
0
0
0
0
0
0
0
0
0
0
0
0
0
59.349
97.816
186.665
212.829
423.421
212.620
244.171
205.742
120.862
0
0
0
0
0
0
0
0
0
0
0
0
0
0
90.425
129.626
78.995
54.293
179.065
228.493
166.936
185.851
165.674
0
0
0
0
0
0
0
0
0
0
0
0
0
0
0
0
0
0
0
0
0
0
0
0
0
0
0
0
0
0
0
0
0
0
0
0
0
0
0
76.449
47.815
116.553
0
119.268
105.000
0
0
89.413
49.848
0
0
0
0
0
0
0
0
0
0
0
0
0
0
93.670
158.573
278.660
387.926
259.974
197.729
122.997
61.411
58.989
0
0
0
0
0
0
0
0
0
0
0
0
0
0
0
110.446
171.491
320.051
427.601
437.328
443.938
192.274
103.711
0
0
0
0
0
0
0
0
0
0
0
0
0
0
0
0
0
0
0
68.211
110.376
199.186
293.803
183.258
155.920
100.690
0
0
0
0
0
0
0
0
0
0
0
0
0
0
84.246
72.268
97.064
143.721
189.816
156.609
159.318
230.106
184.008
83.384
0
0
0
0
0
0
0
0
0
0
0
0
0
0
0
0
0
0
0
0
0
0
0
0
0
0
0
0
0
0
0
0
0
0
0
0
0
0
100.281
118.044
224.529
273.081
360.219
219.071
200.211
133.534
0
0
0
0
0
0
0
0
0
0
0
0
0
0
0
0
93.066
158.632
133.560
154.432
192.347
162.744
101.943
0
82.155
45.967
0
0
0
0
0
0
0
0
0
0
0
0
0
0
0
0
0
0
153.381
229.008
167.839
190.149
152.628
78.230
0
0
0
0
0
0
0
0
0
0
0
0
0
0
54.447
149.620
295.861
342.195
340.933
232.487
290.127
193.873
159.762
92.906
0
0
0
0
0
0
0
0
0
0
0
0
0
0
0
0
130.327
71.563
0
0
0
0
0
0
0
0
0
0
0
0
0
0
0
0
0
0
0
0
71.954
134.889
221.551
198.163
144.651
132.045
80.619
0
0
0
0
0
0
0
0
0
0
0
0
0
0
0
0
0
95.761
133.138
231.302
422.169
382.123
450.134
163.535
0
74.884
0
0
0
0
0
0
0
0
0
0
0
0
0
0
0
86.388
160.159
236.647
315.307
479.143
430.342
400.096
273.432
183.389
0
0
0
0
0
0
0
0
0
0
0
0
0
0
0
68.828
67.225
122.839
200.489
258.873
275.909
253.691
178.783
86.283
0
0
0
0
0
0
0
0
0
0
0
0
0
0
0
0
0
56.283
118.389
165.886
233.465
199.428
190.063
126.297
0
0
0
0
0
0
0
0
0
0
0
0
0
0
0
0
0
64.962
154.449
123.370
76.999
209.157
220.466
0
93.913
0
0
0
0
0
0
0
0
0
0
0
0
0
0
0
0
0
0
0
58.063
89.260
81.220
44.591
0
0
0
0
0
0
0
0
0
0
0
0
0
0
0
74.237
54.269
73.225
175.597
230.868
327.899
229.379
183.512
105.218
0
0
0
0
0
0
0
0
0
0
0
0
0
0
0
0
58.986
116.326
142.930
273.732
195.365
105.507
88.521
62.899
0
0
0
0
0
0
0
0
0
0
0
0
0
0
0
67.274
133.164
221.343
339.743
400.633
386.128
309.330
237.117
120.251
0
0
0
0
0
0
0
0
0
0
0
0
0
0
0
0
70.344
149.995
281.001
358.585
352.886
295.408
194.755
106.617
0
0
0
0
0
0
0
0
0
0
0
0
0
0
0
50.960
106.255
206.581
317.780
364.594
330.486
259.287
202.856
130.496
0
0
0
0
0
0
0
0
0
0
0
0
0
0
0
73.936
118.849
216.090
306.076
356.951
330.862
278.662
222.864
132.286
0
0
0
0
0
0
0
0
0
0
0
0
0
0
0
76.047
123.166
226.211
343.380
401.056
407.149
339.231
237.396
151.124
0
0
0
0
0
0
0
0
0
0
0
0
0
0
0
79.898
97.514
136.046
97.997
54.145
43.764
0
0
0
0
0
0
0
0
0
0
0
0
0
0
0
0
0
0
47.205
101.925
181.788
235.842
323.079
271.806
0
0
0
0
0
0
0
0
0
0
0
0
0
0
0
0
0
0
93.191
75.465
120.212
166.078
149.685
152.995
124.089
85.319
51.696
0
0
0
0
0
0
0
0
0
0
0
0
0
0
0
42.691
57.699
116.312
249.355
318.599
286.413
252.585
164.241
72.156
0
0
0
0
0
0
0
0
0
0
0
0
0
0
0
0
0
0
0
172.233
315.760
353.065
221.722
118.072
0
0
0
0
0
0
0
0
0
0
0
0
0
0
0
66.671
149.869
297.855
428.010
457.060
414.668
271.839
150.393
90.889
0
0
0
0
0
0
0
0
0
0
0
0
0
0
0
53.084
84.236
202.271
212.433
346.163
270.996
170.709
107.998
0
0
0
0
0
0
0
0
0
0
0
0
0
0
0
0
0
62.235
48.039
0
0
62.819
0
86.232
0
0
0
0
0
0
0
0
0
0
0
0
0
0
0
0
0
128.848
290.848
421.165
461.963
404.438
110.385
47.701
0
0
0
0
0
0
0
0
0
0
0
0
0
0
0
0
0
0
18.122
10.782
0
0
0
0
0
0
0
0
0
0
0
0
0
0
0
0
0
0
0
0
0
0
0
51.909
83.737
70.956
0
0
0
0
0
0
0
0
0
0
0
0
0
0
0
0
0
0
0
0
0
68.444
48.594
72.021
186.675
205.419
103.909
0
0
0
0
0
0
0
0
0
0
0
0
0
0
0
0
0
0
0
0
0
0
0
0
0
0
0
0
0
0
0
0
0
0
0
0
0
0
0
0
0
0
0
31.215
33.609
275.803
205.965
81.289
0
0
0
0
0
0
0
0
0
0
0
0
0
0
0
0
0
0
0
0
23.656
0
0
0
0
0
0
0
0
0
0
0
0
0
0
0
0
0
0
0
70.724
255.066
360.556
371.033
348.593
277.339
158.111
72.033
0
0
0
0
0
0
0
0
0
0
0
0
0
0
0
0
87.308
229.937
275.931
238.547
199.717
244.821
145.718
72.713
0
0
0
0
0
0
0
0
0
0
0
0
0
0
0
31.061
0
0
37.123
29.037
0
107.544
160.771
91.213
0
0
0
0
0
0
0
0
0
0
0
0
0
0
0
51.236
114.103
288.823
398.158
445.237
404.962
356.148
105.416
0
0
0
0
0
0
0
0
0
0
0
0
0
0
0
0
0
0
0
84.997
89.223
0
0
0
0
0
0
0
0
0
0
0
0
0
0
0
0
0
0
0
0
96.535
222.650
242.754
227.163
339.643
0
83.382
0
0
0
0
0
0
0
0
0
0
0
0
0
0
0
0
0
0
0
0
64.841
101.287
0
0
0
0
0
0
0
0
0
0
0
0
0
0
0
0
0
0
56.561
105.003
201.766
194.936
194.791
164.045
114.849
0
0
0
0
0
0
0
0
0
0
0
0
0
0
0
0
0
44.623
100.833
279.138
387.078
405.679
382.639
292.416
148.939
0
0
0
0
0
0
0
0
0
0
0
0
0
0
0
0
0
0
0
0
0
0
0
0
0
0
0
0
0
0
0
0
0
0
0
0
0
0
0
0
0
0
0
0
0
0
0
0
0
0
0
0
0
0
0
0
0
0
0
0
0
0
0
0
0
0
0
0
0
0
0
0
0
0
0
0
0
0
0
0
0
0
0
0
0
0
0
0
0
29.829
11.225
0
0
0
57.544
66.218
0
0
0
0
0
0
0
0
0
0
0
0
0
0
0
0
0
0
0
0
0
0
0
0
0
0
0
0
0
0
0
0
0
0
0
0
0
0
0
0
0
0
0
0
0
0
0
0
0
0
0
0
0
0
0
0
0
0
0
0
0
0
0
0
6.001
78.076
222.167
158.623
138.223
289.121
212.772
109.154
0
0
0
0
0
0
0
0
0
0
0
0
0
0
0
0
0
0
0
73.628
123.892
136.293
110.918
57.002
0
0
0
0
0
0
0
0
0
0
0
0
0
0
0
0
0
0
69.025
0
0
0
0
0
0
0
0
0
0
0
0
0
0
0
0
0
0
0
0
0
0
0
0
0
0
0
0
0
0
0
0
0
0
0
0
0
0
0
0
0
0
0
0
0
0
0
87.303
44.235
0
0
0
0
0
0
0
0
0
0
0
0
0
0
0
0
0
0
0
0
0
0
0
0
0
0
0
0
0
0
0
0
0
0
0
0
0
0
0
0
0
0
0
0
0
0
0
0
0
0
0
0
0
0
0
0
0
0
0
0
0
0
0
0
0
0
0
0
0
0
50.627
32.196
0
0
0
0
0
0
0
0
0
0
0
0
0
0
0
0
0
0
0
0
0
0
0
0
0
0
0
0
0
0
0
0
0
0
0
0
0
0
0
0
0
0
0
0
0
0
22.790
40.289
41.784
58.914
41.607
0
0
0
0
0
0
0
0
0
0
0
0
0
0
0
0
0
0
0
48.687
0
32.029
84.821
108.825
0
0
0
0
0
0
0
0
0
0
0
0
0
0
0
0
0
0
54.568
81.056
176.290
261.708
245.518
110.139
59.897
0
0
0
0
0
0
0
0
0
0
0
0
0
0
0
0
0
25.961
76.833
158.132
245.878
235.094
126.000
0
0
0
0
0
0
0
0
0
0
0
0
0
0
0
0
0
0
0
39.033
99.987
137.017
52.886
0
0
0
0
0
0
0
0
0
0
0
0
0
0
0
0
0
0
0
43.256
90.567
180.507
255.997
246.619
159.488
96.382
0
0
0
0
0
0
0
0
0
0
0
0
0
0
0
0
0
0
0
0
0
0
0
0
0
0
0
0
0
0
0
0
0
0
0
0
0
0
0
0
0
0
0
0
0
0
0
0
0
0
0
0
0
0
0
0
0
0
0
0
0
0
0
0
0
0
0
79.296
0
42.024
0
0
0
0
0
0
0
0
0
0
0
0
0
0
0
0
0
0
0
0
0
0
0
0
0
0
0
0
0
0
0
0
0
0
0
0
0
0
0
0
0
0
0
0
0
51.459
90.889
147.038
88.547
0
0
0
0
0
0
0
0
0
0
0
0
0
0
0
0
0
0
0
0
0
0
0
0
0
0
0
0
0
0
0
0
0
0
0
0
0
0
0
0
0
0
0
35.926
0
0
112.047
117.169
0
0
0
0
0
0
0
0
0
0
0
0
0
0
0
0
0
0
0
59.070
106.917
171.946
180.132
120.185
0
0
0
0
0
0
0
0
0
0
0
0
0
0
0
0
0
0
0
0
0
0
0
0
0
0
0
0
0
0
0
0
0
0
0
0
0
0
0
0
0
0
0
0
0
0
31.619
0
0
0
0
0
0
0
0
0
0
0
0
0
0
0
0
0
0
0
0
0
0
31.479
0
0
0
0
0
0
0
0
0
0
0
0
0
0
0
0
0
0
0
0
0
0
0
0
0
0
0
0
0
0
0
0
0
0
0
0
0
0
0
0
0
0
0
0
0
0
0
0
0
0
0
0
0
0
0
0
0
0
0
0
0
0
0
0
0
0
0
0
0
0
0
0
0
0
0
0
0
0
0
0
0
0
0
0
0
0
0
0
0
0
0
0
0
0
0
0
0
0
0
0
0
0
0
0
0
0
0
0
0
0
0
0
0
0
0
0
0
38.276
91.742
114.233
101.781
84.821
0
0
0
0
0
0
0
0
0
0
0
0
0
0
0
0
0
0
0
0
0
55.502
65.405
49.471
0
0
0
0
0
0
0
0
0
0
0
0
0
0
0
0
0
0
0
0
16.464
34.612
60.494
36.067
0
0
0
0
0
0
0
0
0
0
0
0
0
0
0
0
0
0
0
24.500
105.606
131.066
69.510
0
0
0
0
0
0
0
0
0
0
0
0
0
0
0
0
0
0
0
0
0
0
0
4.842
0
0
0
0
0
0
0
0
0
0
0
0
0
0
0
0
0
0
0
0
0
0
0
0
0
0
0
0
0
0
0
0
0
0
0
0
0
0
0
0
0
0
0
0
18.113
90.870
0
0
0
0
0
0
0
0
0
0
0
0
0
0
0
0
0
0
0
0
0
0
0
0
0
0
62.713
0
0
0
0
0
0
0
0
0
0
0
0
0
0
0
0
0
0
0
44.395
46.888
89.891
65.731
32.270
0
0
0
0
0
0
0
0
0
0
0
0
0
0
0
0
0
0
0
0
0
58.243
104.041
66.493
0
0
0
0
0
0
0
0
0
0
0
0
0
0
0
0
0
0
0
0
0
0
0
0
0
0
0
0
0
0
0
0
0
0
0
0
0
0
0
0
0
0
0
0
0
0
0
0
0
0
0
0
0
0
0
0
0
0
0
0
0
0
0
0
0
0
0
0
0
0
5.226
0
0
0
0
0
0
0
0
0
0
0
0
0
0
0
0
0
0
0
0
8.510
69.748
117.417
118.113
78.040
0
0
0
0
0
0
0
0
0
0
0
0
0
0
0
0
0
0
0
0
0
0
0
0
0
0
0
0
0
0
0
0
0
0
0
0
0
0
0
0
0
0
0
0
0
0
0
0
0
0
0
0
0
0
0
0
0
0
0
0
0
0
0
0
0
0
0
0
0
0
0
0
0
0
0
0
0
0
0
0
0
0
0
0
0
0
0
0
0
0
0
0
0
0
0
0
0
0
0
0
0
0
0
0
0
0
0
0
0
0
0
0
0
0
0
6.825
0
0
0
0
0
0
0
0
0
0
0
0
0
0
0
0
0
0
0
0
0
0
0
12.552
61.806
112.738
125.476
100.856
0
0
0
0
0
0
0
0
0
0
0
0
0
0
0
0
0
0
0
0
0
0
0
0
0
0
0
0
0
0
0
0
0
0
0
0
0
0
0
0
0
0
0
0
40.820
43.779
39.433
0
0
0
0
0
0
0
0
0
0
0
0
0
0
0
0
0
0
0
0
0
16.247
26.901
0
0
0
0
0
0
0
0
0
0
0
0
0
0
0
0
0
0
0
0
0
0
0
0
0
0
0
0
0
0
0
0
0
0
0
0
0
0
0
0
0
0
0
0
0
0
0
0
0
36.285
0
0
0
0
0
0
0
0
0
0
0
0
0
0
0
0
0
0
0
0
27.898
89.377
89.049
49.734
0
0
0
0
0
0
0
0
0
0
0
0
0
0
0
0
0
0
0
10.400
50.305
100.570
111.440
79.979
0
0
0
0
0
0
0
0
0
0
0
0
0
0
0
0
0
0
0
45.747
83.373
26.296
0
0
0
0
0
0
0
0
0
0
0
0
0
0
0
0
0
0
0
0
0
0
66.012
139.022
147.058
87.317
0
0
0
0
0
0
0
0
0
0
0
0
0
0
0
0
0
0
0
41.377
80.684
113.499
109.228
0
0
0
0
0
0
0
0
0
0
0
0
0
0
0
0
0
0
0
0
0
0
0
0
0
0
0
0
0
0
0
0
0
0
0
0
0
0
0
0
0
0
0
0
0
0
0
0
0
0
0
0
0
0
0
0
0
0
0
0
0
0
0
0
0
0
0
0
0
0
0
0
0
0
0
0
0
0
0
0
0
0
0
0
0
0
0
0
0
0
0
0
0
0
0
0
0
0
0
0
0
0
0
0
0
0
0
0
0
0
0
0
0
0
0
0
0
0
70.629
129.541
105.641
26.149
0
0
0
0
0
0
0
0
0
0
0
0
0
0
0
0
0
0
0
22.994
33.404
40.874
24.462
0
0
0
0
0
0
0
0
0
0
