0
0
0
0
0
0
0
0
0
0
0.729297265
0
0.849932837
2.425218889
0.047043907
0
0
0
0
0
0
0
0
0
0
0
0
0
0
0
0
0
0
0.172597209
2.777903354
2.215403557
1.916015405
3.793392258
0.280454886
0
0
0
0
0
0
0
0
0
0
0
0
0
0
0
0
0
0
3.289106371
6.601788128
5.123203993
1.28967345
4.157552815
0.170776821
0
0
0
0
0
0
0
0
0
0
0
0
0
0
0
0
0
0
0
0.004060484
0
0
1.218418934
0
0
0
0
0
0
0
0
0
0
0
0
0
0
0
0
0
0
0
0
0
0
0
0
0
0
0
0
0
0
0
0
0
0
0
0
0
0
0
0
0
0
0
0
0
0
0
0
0
0
0
0
0
0
0
0
0
0
0
0
0
0
0
0
0
0
0
0
0
0
1.935210651
0
0
0
0
0
0
0
0
0
0
0
0
0
0
0
0
0
0
0
0
0
0
1.514949411
0.484569329
0.431195329
0.929158003
0
0
0
0
0
0
0
0
0
0
0
0
0
0
0
0
0
0
0
0
0
0.382210243
0
0
0
0
0
0
0
0
0
0
0
0
0
0
0
0
0
0
0
0
0
0
0
0
0
0
0
0
0
0
0
0
0
0
0
0
0
0
0
0
0
0
0
0
3.636135117
6.001911562
7.668843968
7.984886923
7.293491691
4.421650305
0
0
0
0
0
0
0
0
0
0
0
0
0
0
0
0
0
0
2.004883817
1.392242248
0
3.740433259
6.534142555
4.964475533
0
0
0
0
0
0
0
0
0
0
0
0
0
0
0
0
0
0
0
0.713344971
5.101439305
3.61645705
0
0
0
0
0
0
0
0
0
0
0
0
0
0
0
0
0
0
0
0
0
0
0
0
0
0
0
0
0
0
0
0
0
0
0
0
0
0
0
0
0
0
0
0
3.976903245
3.782113934
0.487134952
0
0
2.85652885
1.806758335
0
0
0
0
0
0
0
0
0
0
0
0
0
0
0
0
0
0
0
0
0.350397139
2.941451767
1.251477424
0
0
0
0
0
0
0
0
0
0
0
0
0
0
0
0
0
0
0.537493882
4.691880391
2.109766979
0
0
0
0
0
0
0
0
0
0
0
0
0
0
0
0
0
0
0
0
0
1.003890518
0.740640123
2.876515633
0
0
0
0
0
0
0
0
0
0
0
0
0
0
0
0
0
0
0
0
0
0
0
0
2.664325572
5.240968709
4.97261482
0
0
0
0
0
0
0
0
0
0
0
0
0
0
0
0
0
0
0
0
0
0
0
0
0
0
0
0
0
0
0
0
0
0
0
0
0
0
0
0
0
0
4.306646776
6.578935074
7.547453631
7.751642013
7.177510907
2.451836442
0
0
0
0
0
0
0
0
0
0
0
0
0
0
0
0
0
0
0
0
0
0
0
0
0
0
0
0
0
0
0
0
0
0
0
0
0
0
0
0
0
0
0
2.91148519
3.741559683
1.315185405
3.197386745
1.642788906
0.431782826
0
0
0
0
0
0
0
0
0
0
0
0
0
0
0
0
0
0.424106276
5.118578156
6.730604283
6.458508908
6.278696908
4.596214173
2.033860237
0
0
0
0
0
0
0
0
0
0
0
0
0
0
0
0
0
0
0.067549946
2.964360172
1.28090941
0
0.144692021
0
0
0
0
0
0
0
0
0
0
0
0
0
0
0
0
0
0
4.630453628
7.346724131
9.5566658
9.646582478
7.837343562
4.44916563
0.403114949
0
0
0
0
0
0
0
0
0
0
0
0
0
0
0
0
0
0
0
0
0
0
0
0
0
0
0
0
0
0
0
0
0
0
0
0
0
0
0
0
0
0
0
1.123504638
0
0
0.242994423
0
0
0
0
0
0
0
0
0
0
0
0
0
0
0
0
0
0
0
1.264004752
0
0
0.794410189
1.15037426
0.275687307
0
0
0
0
0
0
0
0
0
0
0
0
0
0
0
0
0
0
0.821875566
0
2.033892146
0
0
0
0
0
0
0
0
0
0
0
0
0
0
0
0
0
0
0
0
0
0
1.040014814
0
0
0
0
0
0
0
0
0
0
0
0
0
0
0
0
0
0
0
0
0
3.965769419
3.840160993
1.242403032
3.105704856
3.552680341
4.551643822
1.599248801
0
0
0
0
0
0
0
0
0
0
0
0
0
0
0
0
0
0
0
0
0
0
0
0
0
0
0
0
0
0
0
0
0
0
0
0
0
0
0
0
0
0
0.186877249
0
0
0
0
0
0
0
0
0
0
0
0
0
0
0
0
0
0
0
0
0
0
4.291521422
4.727960519
0.547867159
1.970486413
4.521264529
1.392846522
1.292218209
0
0
0
0
0
0
0
0
0
0
0
0
0
0
0
0
0
0.913646943
0.915280724
1.250919883
0
0
0
0
0
0
0
0
0
0
0
0
0
0
0
0
0
0
0
0
0
4.767064583
6.563357674
4.242875665
6.412319406
4.655232345
1.059943112
0.348157931
0
0
0
0
0
0
0
0
0
0
0
0
0
0
0
0
0
2.12848842
6.394365855
8.665795799
8.636694597
6.346753578
7.808925389
2.153489501
0
0
0
0
0
0
0
0
0
0
0
0
0
0
0
0
0
0.111731759
0.643117608
0
0
0
0
0
0
0
0
0
0
0
0
0
0
0
0
0
0
0
0
0
1.597053931
3.418035338
4.462532346
7.452096916
4.040681448
5.486628289
2.092167117
1.560874641
0
0
0
0
0
0
0
0
0
0
0
0
0
0
0
0
0
0
0
3.984494627
8.603444165
4.485480444
3.483628077
0
0
0
0
0
0
0
0
0
0
0
0
0
0
0
0
0
0
0
0
0
0
0
0
0.389151909
0
0
0
0
0
0
0
0
0
0
0
0
0
0
0
0
0
0
0.636098365
1.457517849
0.999129753
0
0.591051426
0.628820752
0
0
0
0
0
0
0
0
0
0
0
0
0
0
0
0
0
3.460116286
5.279921318
2.225688178
0.613546635
0.093042939
0
2.238256688
0
0
0
0
0
0
0
0
0
0
0
0
0
0
0
0
0
5.693420265
8.197055642
10.14544152
4.58298174
6.01536813
2.318121679
0.105246097
0
0
0
0
0
0
0
0
0
0
0
0
0
0
0
0
2.075315555
5.607498049
7.751681525
8.983252724
10.23905268
8.468909993
6.524949617
3.769930604
0.839757743
0
0
0
0
0
0
0
0
0
0
0
0
0
0
0
1.579225947
4.773298428
6.805601954
5.51997103
5.287197625
4.076421057
3.62377083
1.923864197
0
0
0
0
0
0
0
0
0
0
0
0
0
0
0
0
0
0
0
0
0
0
0
0
0
0
0
0
0
0
0
0
0
0
0
0
0
0
0
0
0
0
0
0
0
0
0
0
0
0
0
0
0
0
0
0
0
0
0
0
0
0
0
0
0
0
0
0
0
0
0
0
0
0
0
0
0
0
0
0
0
0
0
0
0
0
0
0
0.128573151
6.010629331
5.760072833
9.638742688
11.54487976
7.42788217
6.816128711
2.953672554
0.545508022
0
0
0
0
0
0
0
0
0
0
0
0
0
0
0
2.743915437
5.500832851
4.830716766
10.12423583
9.977973028
7.279999286
2.685056628
2.300455413
0.979189513
0
0
0
0
0
0
0
0
0
0
0
0
0
0
0
0
0.34092013
3.675882163
3.463319233
7.252707547
1.653119746
1.697175517
2.549196919
0.632062261
0
0
0
0
0
0
0
0
0
0
0
0
0
0
0
0
0
0
0
0
0
0
0
0
0
0
0
0
0
0
0
0
0
0
0
0
0
0
0
0
0
0
0.44228171
0
0
2.073395136
2.453770556
0
0
0
0
0
0
0
0
0
0
0
0
0
0
0
0
0
0
0
0
0
0
0
0
0
0
0
0
0
0
0
0
0
0
0
0
0
0
0
0
0
0
0
0
2.943834088
0
4.782219875
1.161544483
0
0
0
0
0
0
0
0
0
0
0
0
0
0
0
0
3.488890475
6.290637383
9.624756757
9.983202919
6.860235081
5.049346634
8.480568894
6.565513446
2.256822952
0
0
0
0
0
0
0
0
0
0
0
0
0
0
0
1.308019138
6.129492584
7.723321804
10.22380798
5.401454419
2.13987202
1.438322782
0
0
0
0
0
0
0
0
0
0
0
0
0
0
0
0
0
1.308019138
6.129492584
7.723321804
10.22380798
5.401454419
2.13987202
1.438322782
0
0
0
0
0
0
0
0
0
0
0
0
0
0
0
0
0
0.611546716
3.052197756
7.219592806
8.509502304
5.177341928
10.06301687
3.841317728
2.311121016
1.411277298
0
0
0
0
0
0
0
0
0
0
0
0
0
0
0
0
0
0
0.29433182
0.098867793
0
0
0
0
0
0
0
0
0
0
0
0
0
0
0
0
0
0
0
0
0
0
0
0
0
0
0
0
0
0
0
0
0
0
0
0
0
0
0
0
0
0
0
0
3.33115079
6.491554786
4.790869425
1.339322171
4.129187986
2.032102986
1.709832574
1.36783026
0
0
0
0
0
0
0
0
0
0
0
0
0
0
0
0.168233486
3.275816814
3.164388873
0
0
0
0
0
0
0
0
0
0
0
0
0
0
0
0
0
0
0
0
0
0
1.041672579
3.679030797
2.825348168
0
0.023634369
1.280713635
1.137136041
0
0
0
0
0
0
0
0
0
0
0
0
0
0
0
0
0.082809898
1.920824812
1.21113586
2.253700498
2.22709153
8.306177456
2.649854254
2.506587843
0
0
0
0
0
0
0
0
0
0
0
0
0
0
0
0
2.057438584
6.353079716
9.026192211
9.958238852
9.659954443
11.20084341
9.179227182
3.334127232
0.482469796
0
0
0
0
0
0
0
0
0
0
0
0
0
0
0
0
0
0
0
1.842430528
3.821282061
0
0
0
0
0
0
0
0
0
0
0
0
0
0
0
0
0
0
0
0
0
0.370859132
0.205144212
2.457877204
0
0
0
0
0
0
0
0
0
0
0
0
0
0
0
0
0
0
0.427571098
4.828256854
6.74996941
3.836380522
3.154146663
7.364062488
4.499164195
1.374188515
0.739666123
0
0
0
0
0
0
0
0
0
0
0
0
0
0
0
0
0
2.437305012
0
0
0.723774639
1.68740961
1.240085329
0.425620798
0
0
0
0
0
0
0
0
0
0
0
0
0
0
0
0
0
0
0
0
0
0.439892932
0.970407642
0
0
0
0
0
0
0
0
0
0
0
0
0
0
0
0.847007883
4.200462207
3.033986048
0
2.026478845
0.909065341
0
0
0
0
0
0
0
0
0
0
0
0
0
0
0
0
0
0
0
0
0
2.341805979
6.080543775
6.164104518
5.474147801
0.063480807
0
0
0
0
0
0
0
0
0
0
0
0
0
0
0
0
0
0
1.017282969
0
1.007443619
1.036692893
3.463985574
0.063302737
0.055172387
0
0
0
0
0
0
0
0
0
0
0
0
0
0
0
0.004907608
4.611948338
7.833025058
4.71433445
3.855143059
9.138349605
3.286054192
2.4021181
3.597683533
0
0
0
0
0
0
0
0
0
0
0
0
0
0
0
0
0.724117726
2.863536407
5.33725676
8.778993006
11.42471678
11.38641503
5.11733569
4.043168162
3.544108925
0
0
0
0
0
0
0
0
0
0
0
0
0
0
0
0
1.442910083
2.366709137
0.268562844
0
0.839572504
0.419314611
2.33411659
1.386342625
0
0
0
0
0
0
0
0
0
0
0
0
0
0
0.818035804
3.998742889
7.123218022
10.80243552
10.83153866
12.32089771
11.3544525
9.657732772
3.90726386
3.034014534
0
0
0
0
0
0
0
0
0
0
0
0
0
0
0
1.870629201
4.725355296
9.899980265
10.19823914
8.187630667
9.772455965
8.313678331
5.998661259
2.862033893
0
0
0
0
0
0
0
0
0
0
0
0
0
0
0.61984642
3.817571173
4.263173355
9.21428556
10.59340448
11.37041426
10.00574666
7.824830168
5.278247003
2.830141468
0
0
0
0
0
0
0
0
0
0
0
0
0
0
0
0
0
3.485025531
2.655514699
3.952774032
0
0.155090377
0
0
0
0
0
0
0
0
0
0
0
0
0
0
0
0
0
0
0
0
0
0
0
0
0
0
0
0
0
0
0
0
0
0
0
0
0
0
0
0
0
0
0
0
0
0
0
0
0
0
0
0
0
0
0
0
0
0
0
0
0
0
0
0
0
0
0.65371056
0.922391815
0
0
0
0
0
0
0
0
0
0
0
0
0
0
0
0
0
0
0
0
0
0
0
0
0.4433509
0.802182748
0
0
3.562821097
1.058435547
0
0
0
0
0
0
0
0
0
0
0
0
0
0
0
1.979776472
4.577660464
3.5248571
7.925416186
9.369863462
2.744860613
5.629918646
6.238757643
2.240972966
0
0
0
0
0
0
0
0
0
0
0
0
0
0
0.874385495
4.618992388
7.39712662
5.774193085
5.46454495
9.1985558
7.462000731
4.672675572
3.241124795
0
0
0
0
0
0
0
0
0
0
0
0
0
0
0
0
2.503111706
1.806265521
2.607685772
1.406132527
1.301866077
2.973680925
4.713892335
0
0
0
0
0
0
0
0
0
0
0
0
0
0
0
0
0
0
0
0
0
1.301650757
0.720540036
0.257830574
0.418399105
0
0
0
0
0
0
0
0
0
0
0
0
0
0
0
0
0
0
0
0
0.617677589
0
0
0
0
0
0
0
0
0
0
0
0
0
0
0
0
0
0
0
2.615785185
2.787655007
5.520317176
8.467769781
7.321551499
8.763263499
5.458828107
4.923405159
3.620782597
0
0
0
0
0
0
0
0
0
0
0
0
0
0
0.991959908
2.763304723
7.661906116
9.014340011
10.0316197
10.20637401
8.934185821
8.163583785
6.299907096
1.563565642
0
0
0
0
0
0
0
0
0
0
0
0
0
0
0
3.372281195
6.327010234
8.286798174
7.550530371
10.64941063
9.730545345
8.315341191
5.135244187
2.146745242
0
0
0
0
0
0
0
0
0
0
0
0
0
0
1.081095453
4.476994454
3.368009488
6.093876365
7.114019509
8.367812489
5.81700355
3.586555499
5.98416352
1.415856866
0
0
0
0
0
0
0
0
0
0
0
0
0
0
0
0
0
0
0
0
0.033990579
1.591485618
1.617995422
0
0
0
0
0
0
0
0
0
0
0
0
0
0
0
0
0
0
0
0
0
0
0
0
0
0
0
0
0
0
0
0
0
0
0
0
0
0
0
0
0.697639648
0
0
2.286272466
3.60589661
1.951140041
0
0
0
0
0
0
0
0
0
0
0
0
0
0
0
0
0
1.533813665
5.680344506
6.278768313
8.84976313
7.542929683
9.792982484
9.371003228
8.624724885
6.910749901
3.353682272
0
0
0
0
0
0
0
0
0
0
0
0
0
0
1.092342629
2.368976894
5.452536356
6.95331617
6.394753319
6.117767465
8.613524455
9.018500946
6.663179224
2.248614956
0
0
0
0
0
0
0
0
0
0
0
0
0
0
1.722208121
3.355535606
8.297380619
7.94459175
6.695999857
4.050038359
0.409342102
0
0
0
0
0
0
0
0
0
0
0
0
0
0
0
0
0
0
0.3867196
0.074753364
0
0
2.014693076
3.500112126
1.684247359
3.136681495
0
0
0
0
0
0
0
0
0
0
0
0
0
0
0
0
0
0
0
0.792874329
0
1.624198725
0
0
0
0
0
0
0
0
0
0
0
0
0
0
0
0
0
0.876318831
3.407736492
6.377551695
3.678511028
5.287583438
8.922216648
7.869089777
4.319093638
4.615951293
0.525762535
0
0
0
0
0
0
0
0
0
0
0
0
0
0
0.896237867
2.869606249
6.357820004
8.38092967
10.48640559
9.704942944
9.116509059
7.070934338
4.884602645
0.777380779
0
0
0
0
0
0
0
0
0
0
0
0
0
0
0
0.798628816
1.359662512
1.769138018
2.612749668
0.834552204
2.852412709
2.060778387
0
0.015654538
0
0
0
0
0
0
0
0
0
0
0
0
0
0
0
0
0.242221261
2.420078492
0.515221836
6.4671353
6.540266624
8.2344817
3.539986284
0
0
0
0
0
0
0
0
0
0
0
0
0
0
0
0
0.409658085
3.008356668
4.991295808
4.782446149
0.096040888
2.797459928
2.781736114
3.195054957
1.932514205
0
0
0
0
0
0
0
0
0
0
0
0
0
0
0
1.835588766
1.514562714
4.680810577
7.665226386
8.841668558
10.22300825
6.32554339
2.428119037
0
0
0
0
0
0
0
0
0
0
0
0
0
0
0
0.009535614
1.694639369
1.095918289
4.620644733
4.764075734
4.254817612
5.702623181
6.93698424
4.204331527
0.410348823
0
0
0
0
0
0
0
0
0
0
0
0
0
0
0
0.409081806
1.619283131
2.391294002
5.785073443
8.854310177
9.369288332
3.366866064
4.332320686
0.718593556
0
0
0
0
0
0
0
0
0
0
0
0
0
0
0
0
0
0
4.521319573
0.933387512
0
0
0
0
0
0
0
0
0
0
0
0
0
0
0
0
0
0
0
0
0
3.514759282
0.42246744
0
0.919687833
1.414261869
2.545304278
0
0
0
0
0
0
0
0
0
0
0
0
0
0
0
0
2.556791854
3.274835132
2.641275212
6.981844455
6.676164467
4.203847248
2.367510484
0.794023696
0
0
0
0
0
0
0
0
0
0
0
0
0
0
0
0
3.0188195
4.904336704
9.689365617
6.595995716
8.469596507
6.052694154
8.523827194
3.85253345
2.505528858
0
0
0
0
0
0
0
0
0
0
0
0
0
0
0.367692152
3.074829397
3.429332829
4.954181176
5.165716472
1.840011967
0
1.073010006
0
0
0
0
0
0
0
0
0
0
0
0
0
0
0
0
0
0.437764742
0.601162937
5.338015923
4.600999562
2.713288244
4.392791791
1.436171182
1.42023242
0.039571488
0
0
0
0
0
0
0
0
0
0
0
0
0
0
1.762952234
5.200703257
7.968294838
10.83353045
11.43538383
11.71925697
10.39618319
8.251122
5.736202226
3.02132693
0
0
0
0
0
0
0
0
0
0
0
0
0
0
0.078148785
2.368108687
5.727120335
9.136265812
10.81909937
10.66296449
9.934294342
8.024714308
5.593565899
2.514321934
0
0
0
0
0
0
0
0
0
0
0
0
0
0
1.491308339
5.008168832
7.528661878
9.302941089
10.38006611
10.38354336
10.31533072
8.359348409
5.240496716
2.451625283
0
0
0
0
0
0
0
0
0
0
0
0
0
0
1.473959712
3.771196816
6.431636817
7.373468961
8.18741402
9.760780312
9.695428038
7.579488823
3.443650735
1.054259062
0
0
0
0
0
0
0
0
0
0
0
0
0
0
1.076074877
2.822613393
6.172618083
7.349267807
8.219289013
10.01070496
6.86703124
6.837914438
4.428538589
2.640485474
0
0
0
0
0
0
0
0
0
0
0
0
0
0
0
2.384995294
2.74851801
4.563001161
5.345364436
0
0
1.764802624
0
0
0
0
0
0
0
0
0
0
0
0
0
0
0
0
0
0
0
0.037693208
4.46235272
3.163918327
0
0
0
0
0
0
0
0
0
0
0
0
0
0
0
0
0
0
0
2.554808239
2.132818735
0.647410949
3.027724788
0
0
0
0
0
0
0
0
0
0
0
0
0
0
0
0
0
0
0
0
2.062249102
6.946568654
2.982549051
1.806513612
0
1.682571708
4.167080589
2.51780217
1.776085302
0
0
0
0
0
0
0
0
0
0
0
0
0
0
1.42252092
5.089144199
3.585370088
6.132660443
7.663577199
7.131290843
5.06302886
4.57122183
3.140334471
0.237123882
0
0
0
0
0
0
0
0
0
0
0
0
0
0
1.73874324
4.694240316
7.482408752
9.648310311
10.98717215
11.2901727
10.03136943
8.090117042
6.039039946
2.3822781
0
0
0
0
0
0
0
0
0
0
0
0
0
0
0
0.301896997
2.30377016
5.445521061
5.679462158
2.407931982
2.603941809
6.725200151
3.763245414
1.713378193
0
0
0
0
0
0
0
0
0
0
0
0
0
0
1.425157391
4.487200326
5.485982379
7.295944293
9.669495412
10.10632249
8.243040361
7.068592418
4.573456689
1.806517834
0
0
0
0
0
0
0
0
0
0
0
0
0
0
0
1.479683087
1.314294882
0.082524134
0.571337422
0
0
1.070877683
0
0
0
0
0
0
0
0
0
0
0
0
0
0
0
0
0
0
0
0
2.609175018
2.087205122
0
4.54844477
4.190270028
1.951590944
0
0
0
0
0
0
0
0
0
0
0
0
0
0
0
0
0.164229701
0.285439938
3.021713432
3.049119466
0
3.603425719
0.47355846
0.440158697
0
0
0
0
0
0
0
0
0
0
0
0
0
0
0.393029986
2.531756417
8.060977181
7.014014989
6.000077475
5.999332021
4.566380389
4.933229503
0.397339887
0.572177577
0
0
0
0
0
0
0
0
0
0
0
0
0
0
1.409562218
4.698191068
5.135247067
9.439723698
8.239789775
7.128979497
8.307317262
6.201834163
4.082956188
2.035490602
0
0
0
0
0
0
0
0
0
0
0
0
0
0
0
0
1.061686835
2.233870432
5.020682926
1.870725673
0.660735373
0.470277449
0.444387835
0
0
0
0
0
0
0
0
0
0
0
0
0
0
0
0
0.00251605
1.920586365
0.657960875
1.392356468
0
0
0
0.046786654
0
0
0
0
0
0
0
0
0
0
0
0
0
0
0
1.05557713
4.14125714
6.302978053
9.291758747
8.750332241
8.693785936
8.655847351
7.173084024
2.921900209
1.883166979
0
0
0
0
0
0
0
0
0
0
0
0
0
0
2.011195944
5.050805067
7.58708396
9.530954319
10.67728849
11.16062814
10.70347152
8.869077137
6.163650511
2.985681444
0
0
0
0
0
0
0
0
0
0
0
0
0
0
0.7543958
3.615924784
5.950062537
9.018024289
9.53171976
10.38326769
9.363789492
7.271117515
5.774733391
2.594782435
0
0
0
0
0
0
0
0
0
0
0
0
0
0
2.034231422
5.306861227
8.100668367
9.670977054
10.51916282
10.86136142
10.31759354
8.025581931
5.743766502
1.934593262
0
0
0
0
0
0
0
0
0
0
0
0
0
0
1.601211461
4.197583409
7.063976359
8.06354868
8.730623385
10.1443534
9.825248971
5.875613102
3.507605489
1.150623536
0
0
0
0
0
0
0
0
0
0
0
0
0
0
0
2.975769737
6.08099203
7.51632631
6.020046009
6.229035066
6.818630006
5.007094208
1.708663966
0.722723895
0
0
0
0
0
0
0
0
0
0
0
0
0
0
0
0
1.195430576
5.177982371
3.368160552
4.329062297
3.272763949
5.92856862
0.561755098
1.749091865
0
0
0
0
0
0
0
0
0
0
0
0
0
0
0.982063088
1.05308299
3.903690903
4.427138078
5.365239972
6.645926337
5.657459304
2.79916676
2.275750935
1.314573275
0
0
0
0
0
0
0
0
0
0
0
0
0
0
1.231924222
4.05350785
7.193245498
8.477342472
10.37154745
10.12611688
9.132719739
7.395663969
4.731412899
1.891726046
0
0
0
0
0
0
0
0
0
0
0
0
0
0
0
0
0
0
0
0
0
0
0
0
0
0
0
0
0
0
0
0
0
0
0
0
0
0
0
0
0
0
0.234729793
0
0
0
0
0
0
0
0
0
0
0
0
0
0
0
0
0
0
0
0
0
0
0
0.415478224
3.683259482
3.888857233
5.325673229
3.06895176
0.573420858
0
0
0
0
0
0
0
0
0
0
0
0
0
0
0.943159306
3.548155447
4.352283295
3.090734544
6.013038365
6.080728017
6.219541138
5.548152344
3.189565065
0
0
0
0
0
0
0
0
0
0
0
0
0
0
0
1.528569229
5.073454599
6.134821689
7.685242664
7.759750773
7.629789382
5.593642146
6.408677129
3.369505237
1.852992115
0
0
0
0
0
0
0
0
0
0
0
0
0
0
0
2.001955441
3.923234353
6.18115879
5.300907908
6.707390029
5.342181354
4.082422059
0.222639711
1.492436906
0
0
0
0
0
0
0
0
0
0
0
0
0
0
0
1.11533421
3.058586479
3.914031064
7.246462478
9.020866198
4.482001956
1.423300715
0
0
0
0
0
0
0
0
0
0
0
0
0
0
0
0
1.66639579
0.688799595
5.39472723
2.935671584
2.626162157
4.19024748
4.956556751
1.774301753
2.298980359
1.038029468
0
0
0
0
0
0
0
0
0
0
0
0
0
0
2.012685072
5.023398239
6.139161455
8.214104275
9.652675828
10.36232847
9.908678274
6.401264614
5.375559416
1.997605584
0
0
0
0
0
0
0
0
0
0
0
0
0
0
0
0
2.004024909
4.524197961
7.000074237
9.490438379
4.438909636
0.416041875
0.737308086
0
0
0
0
0
0
0
0
0
0
0
0
0
0
0
2.159965873
5.366192175
8.085881253
9.994544707
10.76257225
10.93968268
9.998686748
8.259868704
5.604718406
2.83734587
0
0
0
0
0
0
0
0
0
0
0
0
0
0
0.483541056
1.942926048
1.550877612
4.375778172
3.600214116
4.938721564
0
0
0
0
0
0
0
0
0
0
0
0
0
0
0
0
0
0
1.718778392
4.879826511
7.373642845
8.823482067
9.901287202
9.766308663
9.529083351
7.654756727
5.095843783
1.89512937
0
0
0
0
0
0
0
0
0
0
0
0
0
0
0
0
0.592342457
2.036133932
0.851325482
3.913357659
3.404183951
2.972264441
3.254814057
0
0
0
0
0
0
0
0
0
0
0
0
0
0
0
0
0
0
0
0
0.626607379
0
0
0
0
0
0
0
0
0
0
0
0
0
0
0
0
0
0
0
0
0
1.162544628
3.414110845
2.740466095
1.888225909
1.121820997
0
0
0
0
0
0
0
0
0
0
0
0
0
0
0
0
0.764456409
2.544476838
4.916407619
7.05974959
7.10607847
5.312408464
5.37669259
4.401231714
1.768929385
0.080618586
0
0
0
0
0
0
0
0
0
0
0
0
0
0
2.760775197
5.165587011
7.439996223
8.867556883
9.945535973
10.08179714
8.888482829
7.753654657
6.315542732
2.013620709
0
0
0
0
0
0
0
0
0
0
0
0
0
0
0
0.187652572
3.111328569
4.494258502
0.953409428
2.017685695
4.688993671
1.841174647
0
0.37150352
0
0
0
0
0
0
0
0
0
0
0
0
0
0
2.241928924
0.878802987
3.507035781
1.465121777
4.189424763
5.715522544
9.611579757
5.274440974
3.88865623
2.621819118
0
0
0
0
0
0
0
0
0
0
0
0
0
0
0
1.596462632
2.115778742
2.7871792
3.302404885
0.539210389
2.075568183
3.586689874
0.300742871
0
0
0
0
0
0
0
0
0
0
0
0
0
0
0
0.464460424
0
0
0
0
0
0
0
0.00499259
0
0
0
0
0
0
0
0
0
0
0
0
0
0
0
0
1.481351617
4.229926083
4.481510479
6.538007751
7.9767526
6.757067234
8.288743254
6.773147913
2.575837386
0.171257969
0
0
0
0
0
0
0
0
0
0
0
0
0
1.943103869
4.989441692
5.46294079
8.489238093
10.18635075
10.36590195
9.093491133
6.949134673
5.035905895
1.994646996
0.377382422
0
0
0
0
0
0
0
0
0
0
0
0
0
0
0
0
1.287028693
3.732841085
6.008254378
6.230432302
3.57566586
1.336902592
0
0
0
0
0
0
0
0
0
0
0
0
0
0
0
1.240031761
1.170631034
2.548243344
2.183831763
3.500112377
2.78213286
2.505671582
4.147974893
3.532004395
0
0
0
0
0
0
0
0
0
0
0
0
0
0
0
0.710292
3.354383711
4.921615457
8.533200157
6.15391087
4.613141868
5.379519208
6.603812106
4.697629412
1.898620658
0.114461946
0
0
0
0
0
0
0
0
0
0
0
0
0
0.669568578
0.643860601
0
3.826973203
5.163835398
8.750936989
5.765961584
7.385661484
2.648058747
1.399187304
0.280928572
0
0
0
0
0
0
0
0
0
0
0
0
0
1.380352317
0
1.934571828
2.9520953
5.142546126
4.955620263
5.82802548
2.683070876
1.53248927
0.574274206
0
0
0
0
0
0
0
0
0
0
0
0
0
0
0
3.262337601
4.641583168
4.441704524
5.223720949
7.042541987
6.889626679
5.387864649
4.281178654
0.62833589
0
0
0
0
0
0
0
0
0
0
0
0
0
0
0
0.430326159
0.026340469
0
0
0
0
0
0
0
0
0
0
0
0
0
0
0
0
0
0
0
0
0
1.909752946
4.919353993
5.576964214
7.149467664
8.158716599
8.814360832
7.479217626
6.5833267
4.934235612
2.167791613
0
0
0
0
0
0
0
0
0
0
0
0
0
0
0.275457489
1.660490191
5.653247954
5.968914328
4.463456337
1.246548419
2.121077898
3.506052999
0.953924411
0.38083944
0.438481321
0
0
0
0
0
0
0
0
0
0
0
0
0
0
0.14886189
1.795243152
2.687043232
2.497529775
0.718734605
4.358387914
9.50611257
4.997692774
1.738796146
0
0
0
0
0
0
0
0
0
0
0
0
0
0
0
1.900461147
2.16262032
1.819573094
5.796906381
3.165673735
0
2.422422851
1.380238816
1.365723711
0.375769924
0
0
0
0
0
0
0
0
0
0
0
0
0
0
0.623180729
3.622426757
2.413169939
1.58682131
3.760621994
4.068073683
0
0
0
0
0
0
0
0
0
0
0
0
0
0
0
0
0
0.78149761
2.907005013
4.901201702
5.463627486
10.30502788
8.542616202
8.21324256
5.140166447
4.919667528
2.966351676
0.242429586
0
0
0
0
0
0
0
0
0
0
0
0
0
0.759827179
4.10616249
6.847260054
8.333397619
9.225275268
8.860694658
9.620715065
6.51416265
4.706071171
2.27503958
0
0
0
0
0
0
0
0
0
0
0
0
0
0
0
0
0
2.047979383
2.845186736
0.961954626
0
0
0
0
0
0
0
0
0
0
0
0
0
0
0
0
0
0
0
0.40010605
0.158411766
0
0
0.752964443
2.366835624
0.384738188
0
0
0
0
0
0
0
0
0
0
0
0
0
0
0
0
0.32233281
2.719878668
5.538670462
8.061259172
8.459332788
8.329403933
9.976849831
6.758965816
4.686840011
0.98208754
0
0
0
0
0
0
0
0
0
0
0
0
0
0
1.086299916
3.320251544
6.615453386
9.333389003
10.49523297
8.345504287
8.125728379
5.757191235
3.857336949
0.792100196
0
0
0
0
0
0
0
0
0
0
0
0
0
0
0
1.149418227
7.821510063
6.250504968
8.943501047
3.947105395
4.606677755
5.096900957
2.716891223
1.057730044
0
0
0
0
0
0
0
0
0
0
0
0
0
0
1.085100629
4.566405733
7.535874644
8.995450624
9.969512552
10.50424738
9.496799631
8.147888459
5.756299206
3.254043173
0.198811562
0
0
0
0
0
0
0
0
0
0
0
0
0
1.425674374
4.264856179
6.743229028
8.272475513
9.934969279
9.948237921
9.206237518
7.739376511
5.555531865
2.589835632
0
0
0
0
0
0
0
0
0
0
0
0
0
0
0.727474793
4.141964015
6.588142852
8.43779887
9.928645121
9.711838705
8.452577153
6.143951235
5.061577065
2.824409833
0
0
0
0
0
0
0
0
0
0
0
0
0
0
0
0
0
0
0
0
0.254591541
0.401849266
0.108702743
0
0
0
0
0
0
0
0
0
0
0
0
0
0
0
0.866621985
3.021957866
5.592537662
4.63205049
5.285045219
5.181303588
2.393478461
4.981301496
3.217478126
0.694507678
0
0
0
0
0
0
0
0
0
0
0
0
0
0
0
0
0
0.438035682
2.382197797
0
1.103455524
1.574150273
0
0
0
0
0
0
0
0
0
0
0
0
0
0
0
0
0
0.551787165
3.395517129
4.347149127
3.145270478
0.595622359
0.715885106
1.295510983
0
0
0
0
0
0
0
0
0
0
0
0
0
0
0
0
1.546094371
4.402094332
6.810982669
9.678529645
10.88862074
11.09649612
10.06897754
7.606440556
5.847888275
2.983190761
0.148680748
0
0
0
0
0
0
0
0
0
0
0
0
0
0.405589166
3.870182807
5.236346587
6.732206468
5.18318467
4.812073811
5.407389406
4.455706665
3.206809052
0
0
0
0
0
0
0
0
0
0
0
0
0
0
0
0.255151927
2.107651066
5.486067486
8.050805173
10.12773722
9.973299918
8.821204277
8.111418416
5.506998195
2.14797596
0
0
0
0
0
0
0
0
0
0
0
0
0
0
0.030951784
2.264125708
3.609437058
4.664352774
2.741675507
4.129308771
6.143773447
5.051097998
4.426582066
1.259198098
0
0
0
0
0
0
0
0
0
0
0
0
0
0
0
1.598497655
3.053311292
7.389837717
9.953957053
4.003675572
2.190942821
3.876883345
2.938107614
0.540066489
0
0
0
0
0
0
0
0
0
0
0
0
0
0
1.192888102
3.736824572
5.091634624
4.754239932
3.452654783
4.650293886
0.895277745
0
0.001664612
0
0
0
0
0
0
0
0
0
0
0
0
0
0
0
0.817759175
0.822397762
3.548216283
5.567038281
7.80829218
4.97285968
7.730613785
3.657989944
1.856051671
1.618561454
0
0
0
0
0
0
0
0
0
0
0
0
0
0
0
3.428094611
4.745214547
3.678136191
2.056260233
0.491634147
0.434339907
0.743427019
0
0
0
0
0
0
0
0
0
0
0
0
0
0
0
0
0.956504471
1.8889281
2.936894895
2.278570572
2.733754697
3.143631356
0.131882265
1.666466802
3.229940525
1.709322264
0
0
0
0
0
0
0
0
0
0
0
0
0
0
0.183849655
3.235021181
6.027794433
7.498523366
6.453266643
8.519637709
7.455054222
6.447327813
4.967175227
3.805445548
0.36049531
0
0
0
0
0
0
0
0
0
0
0
0
0
0.398195007
1.993990016
4.192146186
5.570853678
7.395794234
6.065384821
4.911314362
2.991762939
2.787167813
3.529850568
0
0
0
0
0
0
0
0
0
0
0
0
0
0
0.901999715
4.691949142
7.252202588
9.206279495
10.17672178
10.53177259
9.450070392
8.091841642
5.301810644
2.021584485
0
0
0
0
0
0
0
0
0
0
0
0
0
0
0
2.546358021
4.15977184
6.081098025
9.369110261
10.48507966
8.082775037
4.661669598
2.73184831
0.930261468
0.056100808
0
0
0
0
0
0
0
0
0
0
0
0
0
0
2.99573688
1.639569582
0
2.57126668
2.735981917
2.93954141
1.020999887
0
0
0
0
0
0
0
0
0
0
0
0
0
0
0
0
0
0
0.628745887
2.460116221
4.728684315
4.071980585
0
0
0
0
0
0
0
0
0
0
0
0
0
0
0
0
0
0
1.60472807
4.978013819
7.74953984
9.284420612
10.52275612
10.72279722
10.31075838
8.656599897
6.220753238
3.136987288
0.175696418
0
0
0
0
0
0
0
0
0
0
0
0
0
0.041331303
3.618143415
5.674214844
9.081824075
10.49196872
10.90600469
9.801206123
8.477854318
6.092574136
2.849979968
0
0
0
0
0
0
0
0
0
0
0
0
0
0
0
2.325774744
3.543290243
4.466781184
7.160517908
5.630971341
4.211992229
4.592514437
5.990413326
1.99146334
0
0
0
0
0
0
0
0
0
0
0
0
0
0
0.096480742
3.244296785
5.792449142
9.073365706
10.35322775
10.61127137
9.384139751
8.082900483
5.669912927
2.680831021
0
0
0
0
0
0
0
0
0
0
0
0
0
0
0
2.681491622
5.540748985
6.208439114
8.400519365
6.826911623
5.9379557
6.232674485
2.989905882
1.678294147
0
0
0
0
0
0
0
0
0
0
0
0
0
0
0
0.809866908
0.282562065
1.857446097
6.232531626
3.532537218
2.47326169
0
2.682316659
1.066827621
0
0
0
0
0
0
0
0
0
0
0
0
0
0
0.091024589
0.577454842
3.893094321
5.071169557
6.670396689
4.844184941
3.763614525
4.068680989
3.872980299
3.300276259
0
0
0
0
0
0
0
0
0
0
0
0
0
0
0.968291955
2.181228278
4.805105974
8.697870015
8.161035572
7.82796126
7.380831558
5.989513224
4.373660946
2.620455789
0
0
0
0
0
0
0
0
0
0
0
0
0
0
0
0
0.48703833
1.846437663
5.876558326
4.019174032
7.020957209
5.978477942
4.164336778
1.293591588
0
0
0
0
0
0
0
0
0
0
0
0
0
0
0
0.240592927
2.559976279
3.927755418
7.599266028
8.918052023
5.192129455
3.443784675
0.568961043
0
0
0
0
0
0
0
0
0
0
0
0
0
0
0
0
0
0
0
0
0
0
0
0
0
0
0
0
0
0
0
0
0
0
0
0
0
0
0
1.70622053
5.020335835
6.624481562
8.591175955
8.53419057
9.833852733
10.43775854
8.450485156
5.896878831
3.270603359
0.025152696
0
0
0
0
0
0
0
0
0
0
0
0
0
1.179239069
4.311994762
6.555915208
9.377094209
8.696935499
10.38292413
9.140459983
5.77395346
4.169249787
0.428897697
0
0
0
0
0
0
0
0
0
0
0
0
0
0
0
0
0
0.505072347
2.722608408
1.227854887
2.494960503
0
0.810799202
0
0
0
0
0
0
0
0
0
0
0
0
0
0
0
0
0
0
0.890457907
0.965291356
3.022635424
3.101375727
0
0
0
0
0
0
0
0
0
0
0
0
0
0
0
0
0
1.32124249
2.783794487
4.655622528
0.371209411
3.123094604
0
0.009806188
0
0.751394756
2.15247122
0
0
0
0
0
0
0
0
0
0
0
0
0
0
0
0
3.515193625
3.95338873
7.3067202
1.923451418
0
0
0
0
0
0
0
0
0
0
0
0
0
0
0
0
0
0
0.35139528
1.075576058
0.380053415
0.662722485
1.629692296
4.15445916
5.093617637
0.861482531
0.618698487
0
0
0
0
0
0
0
0
0
0
0
0
0
0
0
0
0
0
4.21934858
4.233048424
5.285528988
5.173828512
9.668663777
5.43941023
2.488700098
0.634612715
0
0
0
0
0
0
0
0
0
0
0
0
0
0
2.265540407
4.241224628
10.61569525
7.590271165
2.674404909
2.94782921
0
0
0
0
0
0
0
0
0
0
0
0
0
0
0
0
0
1.567859496
4.162719857
3.287589326
5.938069054
7.511862561
3.812900326
3.794593371
3.812554133
1.791846065
0.872351763
0
0
0
0
0
0
0
0
0
0
0
0
0
0
1.066608068
1.790403305
3.454924077
4.414116112
6.524906277
8.378080199
6.934930168
5.181799166
3.175997642
1.895637439
0
0
0
0
0
0
0
0
0
0
0
0
0
0
0.063815125
3.363514051
6.541186414
7.041182352
9.057683572
9.801637637
8.738512539
8.17082077
5.544269166
2.745988923
0
0
0
0
0
0
0
0
0
0
0
0
0
0
0
1.886176379
6.91826028
5.591229617
7.666748366
6.064219117
5.643609419
6.244404564
5.347363173
2.204981337
0
0
0
0
0
0
0
0
0
0
0
0
0
0
0.128502541
0.383494665
0
0.315975572
0
3.027682373
6.068880826
4.943339555
4.714925782
0.389667123
0
0
0
0
0
0
0
0
0
0
0
0
0
0
0
0
0
3.217174669
0.127286833
1.127570864
3.088709816
2.606836561
1.080751442
0
0
0
0
0
0
0
0
0
0
0
0
0
0
0
0
0
0.567072763
4.930670117
4.89975417
1.017548139
2.502816401
0
1.160564662
0.668317625
0
0
0
0
0
0
0
0
0
0
0
0
0
0
1.103859004
4.548924354
7.545346648
8.588017518
8.169045351
8.242116627
4.748796009
5.399838915
2.596259527
2.062887923
0
0
0
0
0
0
0
0
0
0
0
0
0
0
0.122847822
3.28538594
5.338226466
5.289683502
5.909763934
6.342628836
4.163333498
0
0
0
0
0
0
0
0
0
0
0
0
0
0
0
0
0
0
0.421012177
6.148504755
6.489781273
5.217834892
5.987948325
4.142173614
5.636755067
0
0
0
0
0
0
0
0
0
0
0
0
0
0
0
0
0.387517275
1.799104084
2.330476026
2.878313879
5.281686289
6.832824105
8.132237966
8.459923715
5.088045483
2.41116684
0
0
0
0
0
0
0
0
0
0
0
0
0
0
0
0
1.665978535
4.953007438
5.742060534
2.969040095
0
3.203158865
1.359619502
0
0
0
0
0
0
0
0
0
0
0
0
0
0
0
0
0
0
0
0
0
0
0
0
0
0
0
0
0
0
0
0
0
0
0
0
0
0
0
0
0
0
0
0
0.164644782
0.777246653
0
0
0
0
0
0
0
0
0
0
0
0
0
0
0
0
0
0
3.743563182
3.582313163
5.93500861
3.502753518
3.933229679
7.053496897
5.341300122
1.916424756
0
0
0
0
0
0
0
0
0
0
0
0
0
0
0
0
0
2.113097382
5.451114134
6.570475616
4.219363021
4.106631523
0.727451234
1.423088806
0
0
0
0
0
0
0
0
0
0
0
0
0
0
0
0.135994355
1.501042986
3.533768788
8.017089539
10.68606271
6.064330555
4.459938767
2.442372906
0.820178709
2.121643891
0
0
0
0
0
0
0
0
0
0
0
0
0
0
1.859930741
3.140499981
8.177019654
8.197625919
4.013322218
3.139569515
6.749692585
2.254978215
0.875505265
0
0
0
0
0
0
0
0
0
0
0
0
0
0
0
1.334061694
3.865660331
2.416729549
1.799157273
2.336552487
4.373730588
4.422900159
2.478901254
1.933498289
0
0
0
0
0
0
0
0
0
0
0
0
0
0
0
0.387841259
0.932934924
2.222299906
5.206381935
5.11699366
6.21677865
6.084370403
0.994570512
2.145500646
1.155282534
0
0
0
0
0
0
0
0
0
0
0
0
0
0
0
0.768342275
0
3.481876784
6.303181236
6.50022774
4.425367706
0
3.388049191
0
0
0
0
0
0
0
0
0
0
0
0
0
0
0
0
0
0
0
1.523479955
0
0
1.080032149
0
0
0
0
0
0
0
0
0
0
0
0
0
0
0
0
0
1.96158151
3.657577462
5.858992008
3.046748312
0
2.744068154
2.024684123
0
0
0
0
0
0
0
0
0
0
0
0
0
0
0
0
0
3.620393134
7.673559785
7.18092259
7.479285884
10.58537958
8.981480317
5.623690726
4.64121528
2.200325724
0
0
0
0
0
0
0
0
0
0
0
0
0
0
0
2.499060685
0
1.664925851
0
0.974959014
3.870633746
0.873885494
3.331223648
0.412058409
0
0
0
0
0
0
0
0
0
0
0
0
0
0
0.279583086
2.217782706
7.860325248
7.11041491
10.82404083
10.53086292
10.34437109
5.782092973
1.483230227
1.69429777
0
0
0
0
0
0
0
0
0
0
0
0
0
0
0.120087694
2.602283511
3.990765017
0.87279659
0.03320335
3.256798726
8.101060811
7.394463999
5.140613181
0.863284315
0
0
0
0
0
0
0
0
0
0
0
0
0
0
0
0
0
0
0
0
0
0
0
0
0
0
0
0
0
0
0
0
0
0
0
0
0
0
0
0
0
0
1.769357152
4.46500835
0.348959824
0
0
0
0
0
0
0
0
0
0
0
0
0
0
0
0
0
0
0
0
1.975724561
4.370323164
5.618409408
2.690964111
4.348725499
1.330005108
0
0
0
0
0
0
0
0
0
0
0
0
0
0
0
0
1.379848297
0.692852172
0
0
0
1.982372468
0.402928781
0.416154362
0
0
0
0
0
0
0
0
0
0
0
0
0
0
0
0.002932059
2.169962079
3.653283868
6.811013814
8.488996027
5.516852065
3.701165885
3.670994571
0.879691646
0.90526478
0
0
0
0
0
0
0
0
0
0
0
0
0
0
0.337467078
3.199429534
4.137153843
6.645568802
10.14871164
10.14003969
9.150906615
4.74311472
3.693945112
0
0
0
0
0
0
0
0
0
0
0
0
0
0
0
0
0
0
0
3.119957493
0.941280434
0.492242669
0
0
0
0
0
0
0
0
0
0
0
0
0
0
0
0
0
0
0
0
0
0
0
0
0
0
0
0
0
0
0
0
0
0
0
0
0
0
0
0
0
0.36382669
2.142925589
2.482421152
7.519405606
6.175519995
5.428651804
8.069491743
3.750968459
0.972949303
0
0
0
0
0
0
0
0
0
0
0
0
0
0
0
0
2.96103754
2.064771241
2.867310502
3.6478497
0
0
0
0
0
0
0
0
0
0
0
0
0
0
0
0
0
0
0
0
0
1.751557854
4.975219491
4.856775892
3.880458822
0.427896767
1.07810256
0
0
0
0
0
0
0
0
0
0
0
0
0
0
0
0
0.435792161
4.502759704
7.428363765
9.319036415
7.63268959
10.46461323
9.100794565
7.372509219
4.441962746
0.172757515
0
0
0
0
0
0
0
0
0
0
0
0
0
0
0
1.202470616
5.134384945
4.915621625
7.902639701
6.063750694
3.53834139
4.103269785
0.798027171
0
0
0
0
0
0
0
0
0
0
0
0
0
0
0
0.075277374
1.574448557
6.410493388
8.162915592
6.783089361
10.53268871
4.265772626
6.577351492
4.278247378
0
0
0
0
0
0
0
0
0
0
0
0
0
0
0
0
3.999959436
4.980845445
9.484531727
9.032494787
9.706422708
8.890902873
6.751321306
3.639172227
0.677002004
0
0
0
0
0
0
0
0
0
0
0
0
0
0
0
0
0
0
0
0
0
0
0
0
0
0
0
0
0
0
0
0
0
0
0
0
0
0
0
0
0
0.94119152
2.383635685
5.7680894
0.269963665
0
0
0
0
0
0
0
0
0
0
0
0
0
0
0
0
0
0
0
0
0
0
0
0
0
0.334444944
0
0
0
0
0
0
0
0
0
0
0
0
0
0
0
0
0.598400239
0
0.179795837
0
0
0
0
0
0
0
0
0
0
0
0
0
0
0
0
0
0
0
0
0
0
0
2.815707513
2.705653954
1.271710222
2.418054461
6.436120296
1.603441608
0.127371542
0
0
0
0
0
0
0
0
0
0
0
0
0
0
0
0
0
0.492466079
0
0.561244719
0.788536186
1.984091609
1.688566327
0
0
0
0
0
0
0
0
0
0
0
0
0
0
0
0
0
0
0
0
0
3.255456035
1.826570595
1.049105753
0
0
0
0
0
0
0
0
0
0
0
0
0
0
0
0
0.437368031
2.883406262
10.27142888
10.73869113
7.701631401
6.042718842
2.73729849
0
0
0
0
0
0
0
0
0
0
0
0
0
0
0
0
0
0
2.791774369
5.921033713
6.255129145
7.222217854
1.674054818
1.235969899
1.150057998
0.074625787
0
0
0
0
0
0
0
0
0
0
0
0
0
0
0
0
0
0.072053365
0.014494676
0.689226332
0
0
0
0
0
0
0
0
0
0
0
0
0
0
0
0
0
0
0
3.036937669
4.430857372
3.946286173
3.502003056
0
0
1.328226979
0.217915075
0
0
0
0
0
0
0
0
0
0
0
0
0
0
0
0
0
0
0
0
2.248830295
1.726472028
0
0
0
0
0
0
0
0
0
0
0
0
0
0
0
0
0
0
0
0
0
0
0
0.345446986
0
0
0
0
0
0
0
0
0
0
0
0
0
0
0
0
0
0.006161106
1.094743763
3.42813799
3.914605373
6.054491432
2.62484217
2.674689298
2.154011961
0.67098946
0
0
0
0
0
0
0
0
0
0
0
0
0
0
0
1.076703937
3.965532646
6.799999287
9.409981903
8.714930162
8.745899256
5.658678029
4.076814614
3.219723226
0.079776292
0
0
0
0
0
0
0
0
0
0
0
0
0
0
0
0
0
0.665960053
8.02818581
4.215773809
1.860662798
1.147602417
0
0
0
0
0
0
0
0
0
0
0
0
0
0
0
0
0
0
0
2.991354848
3.012228915
0
1.751327781
0
0
0
0
0
0
0
0
0
0
0
0
0
0
0
0
0
0
0
1.86446572
2.679277296
8.271390881
2.586362236
3.069831597
0.351648466
0.730377318
0
0
0
0
0
0
0
0
0
0
0
0
0
0
0
0
3.918470985
4.568825094
2.602242524
2.399192394
6.90329307
4.847471668
6.53624038
3.330532309
0
0
0
0
0
0
0
0
0
0
0
0
0
0
0
0
0
2.887524088
9.099314142
9.786330074
10.13972873
5.33778704
2.4157829
0
0
0
0
0
0
0
0
0
0
0
0
0
0
0
0
0
0
0
1.073958485
2.537097776
3.27009712
2.168395075
3.792652221
2.010802347
0
0
0
0
0
0
0
0
0
0
0
0
0
0
0
0
0
0
0
0
0
0
0
0
0
0
0
0
0
0
0
0
0
0
0
0
0
0
0
0
0
1.616175921
4.045620193
1.164268376
0.26946886
1.85531619
0.916002006
0
0
0
0
0
0
0
0
0
0
0
0
0
0
0
0
0
0
1.352013545
1.875208971
0
1.990918003
3.901848562
1.345475502
0
0
0
0
0
0
0
0
0
0
0
0
0
0
0
0
0
0.41564494
3.684692157
2.99500715
2.428999162
2.410306789
2.690122106
0.5748917
0.252886561
0
0
0
0
0
0
0
0
0
0
0
0
0
0
0
0
0
0.512784358
0
0
0
0
0
0
0
0
0
0
0
0
0
0
0
0
0
0
0
0
0
0
1.251518506
6.11040562
8.635858506
3.38291145
9.161306718
8.083083782
5.678923278
2.97278423
0
0
0
0
0
0
0
0
0
0
0
0
0
0
0
0
3.069562323
5.292246983
7.273338448
9.608407417
8.778342363
3.935245611
3.498883043
0.942648388
0
0
0
0
0
0
0
0
0
0
0
0
0
0
0
0
0
1.039131909
2.041836069
3.042358293
5.463769287
5.500334731
1.803486528
0.986422977
0
0
0
0
0
0
0
0
0
0
0
0
0
0
0
0
0.757146295
2.178384309
3.891007699
6.145965009
5.320950997
6.69576663
5.091477314
0.064717977
0
0
0
0
0
0
0
0
0
0
0
0
0
0
0
0
0
0.020047508
0
0.855017011
0
1.158010489
0
0
0
0
0
0
0
0
0
0
0
0
0
0
0
0
0
0
0
0
0.452033041
4.683521809
3.916282555
0
0
0
0
0
0
0
0
0
0
0
0
0
0
0
0
0
0
0
0
0
2.3192489
3.952129364
1.387944405
0
0
0
0
0
0
0
0
0
0
0
0
0
0
0
0
0
0
0
0
0.456409282
1.253093653
1.672722739
3.959333863
4.774078935
0.550879907
0.19725213
0
0
0
0
0
0
0
0
0
0
0
0
0
0
0
0
0
0
0
0
0
0
0
0
0
0
0
0
0
0
0
0
0
0
0
0
0
0
0
0
0
0
0
0.255895222
1.466293398
3.463087113
1.071745299
0
0
0
0
0
0
0
0
0
0
0
0
0
0
0
0
0
0.548971978
1.748699463
1.578007047
2.241002058
2.968668919
0
0
0
0
0
0
0
0
0
0
0
0
0
0
0
0
0
0
0
0
0.607877999
3.514680475
1.472448579
2.054516106
1.182965295
0.096766961
0.223369068
0
0
0
0
0
0
0
0
0
0
0
0
0
0
0
0
0
0
0
0
0
0
0
0
0
0
0
0
0
0
0
0
0
0
0
0
0
0
0
0
0
0
0
0
0
0
0
0
0
0
0
0
0
0
0
0
0
0
0
0
0
0
0
0
0
0
0
0
0
0
0.535423508
0
0
0
0
0
0
0
0
0
0
0
0
0
0
0
0
0
0
0
0
0
0
0
0
0
0
0
0
0
0
0
0
0
0
0
0
0
0
0
0
0
3.337186716
5.942547887
8.929652151
8.350620607
9.652161509
4.205500661
2.696920298
0.262724849
0
0
0
0
0
0
0
0
0
0
0
0
0
0
0
0
0
0
0
0
0
0
0
0
0
0
0
0
0
0
0
0
0
0
0
0
0
0
0
0
0
0.1896188
0
1.167605561
1.821904981
3.738044413
0.543865668
0
0
0
0
0
0
0
0
0
0
0
0
0
0
0
0
0
0
0
2.678808759
6.740011093
3.875965616
0.183680587
1.714138409
0
0
0
0
0
0
0
0
0
0
0
0
0
0
0
0
0
0
1.003232917
4.356521322
2.638083518
2.80267266
0
0
0
0
0
0
0
0
0
0
0
0
0
0
0
0
0
0
0
0
0
0.820061168
0
4.368875732
0.677490785
2.107855612
0
0
0
0
0
0
0
0
0
0
0
0
0
0
0
0
0
0
0
0
1.899827974
3.839517985
1.513582878
1.768076436
0
0
0
0
0
0
0
0
0
0
0
0
0
0
0
0
0
0.009412611
3.685582578
4.626886164
8.372392823
6.896192734
2.791630267
3.143866185
0
0
0
0
0
0
0
0
0
0
0
0
0
0
0
0
0
0
0
0
0
0
0
0
0
0
0
0
0
0
0
0
0
0
0
0
0
0
0
0
0
0
0
2.789184304
6.434434875
2.211388853
0.918349374
0.180258612
0
0
0
0
0
0
0
0
0
0
0
0
0
0
0
0
0
0
0
0
0
0
0.404428305
0
0
0
0
0
0
0
0
0
0
0
0
0
0
0
0
0
0
0
2.269564104
7.868026098
9.190387016
8.287867623
7.678876432
4.391377735
0
0
0
0
0
0
0
0
0
0
0
0
0
0
0
0
0
0
0
0.301362214
5.766730396
3.999035288
4.929296591
1.165388411
0
0
0
0
0
0
0
0
0
0
0
0
0
0
0
0
0
0
1.118350265
3.013127181
0
0
1.445549381
1.667540042
0
0
0
0
0
0
0
0
0
0
0
0
0
0
0
0
0
0
4.36899389
6.802665233
8.522502195
4.390053716
7.158565006
1.876364492
0
0
0
0
0
0
0
0
0
0
0
0
0
0
0
0
0
0
4.069499512
5.960953661
6.669981852
5.062947056
6.887638659
0.72106993
0
0
0
0
0
0
0
0
0
0
0
0
0
0
0
0
0
0
0
0
0
0
0
0
0
0
0
0
0
0
0
0
0
0
0
0
0
0
0
0
0
0
0
0
0
0
0
0
0
0
0
0
0
0
0
0
0
0
0
0
0
0
0
0
0
0
0
0
0
0
0
0
0
0
0
0
0
0
0
0
0
0
0
0
0
0
0
0
0
0
0
0
0
0
0
0
0
0
0
0
0
0
0
0
0
0
0
0
0
0
0
0
0
0
0
0
0
0
0
0
0
0
0
0
0
0
0
0
0
0
0
0
0
0
0
0
0
0
0
0
0
0
0
0
0
0
0
0
0
0
0
0
0
0
0
0
0
0
0
0
0
0
3.717868545
3.532830579
8.27941989
5.984361329
1.51023405
1.0343807
0
0
0
0
0
0
0
0
0
0
0
0
0
0
0
0
0
0
0.032717796
0.061531407
0
0
0
0.283309533
0
0
0
0
0
0
0
0
0
0
0
0
0
0
0
0
0
0
0
0
0
0.618240643
0
0
0
0
0
0
0
0
0
0
0
0
0
0
0
0
0
0
0
0
0
0
0
0
0
0
0
0
0
0
0
0
0
0
0
0
0
0
0
0
0
0
0
0
0
0.327209232
0
0
0
0
0
0
0
0
0
0
0
0
0
0
0
0
0
0
0
0
0
0
0
0
1.088571717
0
0.000298105
0
0
0
0
0
0
0
0
0
0
0
0
0
0
0
0
0
0
0
4.402332482
6.63060977
7.038889323
8.300729848
4.198334682
0
0
0
0
0
0
0
0
0
0
0
0
0
0
0
0
0
0
0
0
0
0
0
0
0
0
0
0
0
0
0
0
0
0
0
0
0
0
0
0
0
0
0
0
0.888543874
4.995602962
8.553893878
4.431656008
0
0
0
0
0
0
0
0
0
0
0
0
0
0
0
0
0
0
0
0.75051579
6.432799844
7.43874828
7.583128643
3.254630087
1.629679323
0
0
0
0
0
0
0
0
0
0
0
0
0
0
0
0
0
0
0
0
1.110174993
1.023849525
1.631839715
0
0
0
0
0
0
0
0
0
0
0
0
0
0
0
0
0
0
0
0
0.129941985
0.828907168
2.057480092
0.680963312
0
0
0
0
0
0
0
0
0
0
0
0
0
0
0
0
0
0
0
0
0
0
0.711719743
1.695785304
0
0
0
0
0
0
0
0
0
0
0
0
0
0
0
0
0
0
0
0
0
0
0
0
0
0
0
0
0
0
0
0
0
0
0
0
0
0
0
0
0
0
0
0
0
0
0.775647731
1.307578044
0
0
0
0
0
0
0
0
0
0
0
0
0
0
0
0
0
0
0
0
0.265806689
0
0
0
0
0
0
0
0
0
0
0
0
0
0
0
0
0
0
0
0
0
0
0.038943347
3.918957091
2.656890137
1.38365825
0.746901556
0
0
0
0
0
0
0
0
0
0
0
0
0
0
0
0
0
0
0
0
0
0.571618056
0
0
0
0
0
0
0
0
0
0
0
0
0
0
0
0
0
0
0
0
0
0
0
0
0
0
0
0
0
0
0
0
0
0
0
0
0
0
0
0
0
0
0
0
0
1.072065487
2.518945508
7.484985465
4.40273658
4.343581021
0
0
0
0
0
0
0
0
0
0
0
0
0
0
0
0
0
0
0
0
0.650100646
0
1.641002095
3.976377794
3.602744434
0
0
0
0
0
0
0
0
0
0
0
0
0
0
0
0
0
0
0
0
0.564190648
0
3.173153845
2.226230683
0
0
0
0
0
0
0
0
0
0
0
0
0
0
0
0
0
0
0
0
0.238216921
2.707520477
0.555295799
0.917290065
0
0
0
0
0
0
0
0
0
0
0
0
0
0
0
0
0
0
0.768964074
1.697283714
7.415264702
7.84222387
3.314182739
4.171264183
0
0
0
0
0
0
0
0
0
0
0
0
0
0
0
0
0
0
0
0
0.30566275
0
0
0
0
0
0
0
0
0
0
0
0
0
0
0
0
0
0
0
0
0
0
0
0
0
0
0
0
0
0
0
0
0
0
0
0
0
0
0
0
0
0
0
0
0
0
0
0
0
0
0
0
0
0
0
0
0
0
0
0
0
0
0
0
0
0
0
0
0
0
2.215887048
1.331112959
0
0
0
0
0
0
0
0
0
0
0
0
