116
114
70
90
89
90
91
92
91
100
105
109
108
106
107
108
121
122
121
118
115
117
117
115
96
94
91
91
92
93
93
92
94
93
96
97
97
95
95
99
101
122
120
119
103
103
112
97
99
96
93
94
96
101
104
126
130
129
129
129
129
129
129
129
130
131
129
125
122
122
120
99
89
88
85
84
88
94
98
122
126
125
126
126
125
125
125
128
133
156
155
125
121
121
118
98
94
89
87
85
88
92
98
119
121
121
122
122
121
121
121
121
123
124
122
120
116
112
114
94
90
86
83
82
83
85
100
108
110
111
111
111
110
110
110
111
113
114
111
109
107
100
101
86
86
82
81
83
84
96
109
116
118
117
117
116
114
113
111
103
116
116
113
92
92
88
87
83
80
77
72
72
74
76
76
78
82
98
100
101
98
81
82
87
103
107
105
101
96
98
91
79
82
77
75
75
75
78
77
76
92
94
96
99
98
95
92
93
104
106
106
104
103
104
102
94
98
96
94
95
97
99
104
114
118
117
118
116
115
114
115
117
119
121
115
110
106
107
106
103
97
94
91
91
91
94
98
111
113
113
112
112
111
111
112
112
114
118
112
111
111
109
107
105
82
78
77
77
80
85
88
110
110
107
111
111
110
111
111
111
113
115
112
110
109
108
105
104
92
88
91
91
96
101
107
111
117
114
117
116
113
112
113
115
117
118
115
112
109
109
107
105
99
95
92
90
91
95
107
112
116
115
114
114
113
112
112
112
113
113
112
110
108
107
105
99
87
86
85
84
83
85
85
102
105
105
105
106
105
105
104
105
107
108
107
105
98
97
94
83
87
84
82
82
80
82
81
90
92
91
94
95
93
84
82
84
86
95
93
86
84
85
83
78
81
80
78
79
79
85
88
110
112
111
111
111
110
110
110
111
114
116
112
109
106
106
99
86
80
78
77
76
78
82
86
108
109
108
108
108
108
109
110
109
116
117
114
110
106
105
102
101
90
87
89
90
96
102
108
128
124
122
122
121
120
118
117
117
121
123
120
115
109
108
105
103
87
86
86
86
86
89
106
124
125
123
122
121
120
120
119
120
125
128
123
118
111
111
106
86
86
84
84
84
87
89
110
124
128
127
125
125
122
121
119
120
125
129
123
118
112
110
108
106
107
91
88
88
89
89
95
107
108
109
111
111
110
110
109
110
121
130
124
112
110
110
108
107
93
92
90
91
90
91
89
89
91
91
103
109
88
94
94
94
124
129
129
123
120
113
111
94
100
92
91
92
92
117
139
1345
3549
2511
2510
1283
1255
1181
906
1255
1256
1866
1256
499
133
129
114
108
95
89
89
87
91
96
122
212
413
297
215
173
165
160
159
158
197
586
296
153
127
124
117
109
107
107
106
106
108
111
118
134
160
141
136
134
130
129
129
129
134
139
137
128
118
118
113
107
85
86
83
84
86
88
109
125
130
126
126
123
122
121
120
121
125
130
126
120
115
115
108
104
95
100
89
100
101
105
109
120
127
125
125
123
120
119
118
117
119
121
119
116
109
102
102
84
88
83
85
81
82
83
85
85
85
87
88
90
87
87
87
86
91
94
93
89
86
88
87
86
85
64
64
64
64
64
64
65
69
81
86
86
86
86
86
87
103
111
112
109
101
95
88
87
88
86
82
82
84
88
94
113
116
115
115
113
111
112
113
112
116
132
128
121
116
116
111
106
94
85
82
82
82
88
97
119
126
124
123
121
118
118
117
116
119
123
120
115
111
111
106
103
96
91
91
90
87
91
111
121
137
134
130
125
117
116
115
114
114
120
117
112
107
109
99
86
88
88
88
89
92
101
111
124
128
127
125
124
122
120
118
118
120
126
124
118
115
115
111
107
105
104
102
102
103
106
110
138
129
125
121
117
113
112
111
110
111
113
111
109
100
89
87
83
79
78
76
77
77
78
79
84
88
98
101
101
94
89
87
86
88
104
103
91
88
84
80
78
75
70
69
69
68
68
68
69
70
74
77
85
89
91
90
91
96
102
102
100
97
98
95
92
88
87
77
70
73
87
92
104
106
105
105
105
104
104
103
103
104
115
110
104
101
100
95
91
85
83
83
83
85
88
94
146
178
174
178
180
175
177
173
169
172
1431
828
157
99
99
95
89
86
86
84
85
87
88
94
116
145
144
146
142
107
115
102
101
102
181
142
102
100
100
96
92
87
86
70
70
70
82
93
101
131
120
113
100
99
98
98
97
98
102
101
97
93
93
88
70
65
64
63
63
64
65
78
96
101
99
111
96
94
93
91
90
91
94
93
89
81
85
81
64
70
63
61
61
60
62
63
62
63
83
84
84
83
75
64
63
68
88
88
85
83
80
79
64
68
67
65
64
64
64
65
63
63
75
85
86
85
84
67
80
86
92
92
90
88
88
81
69
69
68
63
67
73
71
90
99
117
103
156
155
150
156
157
146
148
251
728
99
93
93
90
86
85
81
74
66
67
69
74
98
102
100
99
98
96
96
95
83
97
102
101
96
69
92
88
85
87
86
85
85
87
89
94
142
207
187
172
158
150
151
150
100
101
188
181
104
96
94
90
86
87
86
85
86
87
90
93
160
438
418
357
252
164
169
165
158
162
583
537
159
96
95
91
87
90
88
88
88
89
93
96
160
206
155
170
168
145
104
99
95
98
110
108
99
91
91
89
87
77
80
73
71
70
71
81
84
88
89
90
90
90
89
89
90
92
97
97
93
91
91
90
88
78
72
71
71
71
71
71
71
87
86
91
91
90
89
89
90
91
97
98
96
93
93
91
90
91
91
90
90
91
95
103
145
161
154
150
141
136
140
134
125
128
320
349
140
101
98
96
92
91
89
89
89
90
94
104
122
125
121
120
115
108
106
104
102
107
512
396
135
99
98
96
92
89
88
87
87
89
90
95
153
132
113
138
131
103
100
99
95
126
219
217
137
95
94
92
89
85
84
83
83
84
86
90
134
106
106
106
101
98
95
93
92
93
101
102
97
91
93
88
86
65
65
64
65
66
67
78
141
99
99
99
94
86
82
71
64
64
86
89
83
73
69
74
67
65
66
67
64
64
82
83
84
86
106
106
105
87
85
84
84
87
123
130
91
88
87
85
83
66
66
64
64
63
64
64
64
66
84
84
84
66
64
61
62
78
86
89
88
87
87
85
67
64
63
61
61
63
65
79
95
101
101
100
97
94
93
92
91
91
106
105
93
91
92
88
81
81
77
64
71
81
82
84
143
149
98
98
95
92
91
145
88
88
150
97
91
87
88
85
81
82
81
81
81
82
84
83
177
181
181
181
182
180
155
180
154
154
182
181
149
87
89
86
82
61
64
64
64
69
78
83
88
134
118
92
91
90
126
120
100
99
183
182
89
86
87
84
82
79
62
61
69
80
82
80
87
178
90
89
89
80
79
75
72
74
78
79
73
54
62
63
63
62
59
58
55
56
58
55
62
66
83
83
83
82
80
78
78
81
91
97
89
85
86
85
65
57
55
55
55
55
55
53
53
54
55
80
81
79
79
79
79
81
91
100
100
88
88
83
80
75
55
55
55
55
58
79
116
93
92
93
93
89
85
84
83
82
88
92
84
81
80
77
73
53
51
50
49
51
55
78
89
91
91
91
92
90
86
85
84
83
90
95
90
83
84
81
75
78
76
75
75
78
82
84
159
111
97
93
92
89
87
87
84
82
88
96
88
82
83
79
76
65
60
60
61
64
83
85
100
106
105
103
106
103
108
99
95
92
180
181
174
100
95
88
83
81
80
78
77
80
86
95
106
174
184
192
184
170
163
144
139
139
223
225
218
83
84
81
75
74
61
61
60
61
61
78
78
81
83
83
83
80
78
75
74
77
97
102
100
99
94
94
82
84
81
80
80
80
81
81
77
82
83
84
83
81
80
76
75
76
84
94
92
86
90
84
83
80
78
78
78
81
87
93
194
240
241
244
245
227
237
200
193
188
260
256
179
83
82
82
80
78
77
76
76
77
80
82
182
186
184
180
177
88
86
84
64
81
83
88
85
82
81
78
79
77
74
74
75
76
81
83
85
90
88
87
86
84
82
83
83
141
186
204
200
94
92
94
81
80
79
79
80
82
86
92
188
209
204
207
206
200
203
197
183
182
197
201
197
147
112
82
82
80
79
78
78
79
88
97
144
197
196
202
201
194
191
158
146
149
190
194
177
116
110
95
87
81
80
79
79
79
80
80
80
83
87
88
86
83
81
80
79
80
92
104
83
81
81
81
81
81
79
77
77
77
78
75
75
76
77
77
77
77
76
76
75
76
78
86
84
83
83
81
78
80
78
78
78
81
84
93
99
199
101
196
145
94
96
95
92
91
89
97
91
86
87
92
81
77
74
74
74
77
81
91
123
200
205
208
202
192
193
126
97
90
92
97
94
92
92
83
80
80
75
74
74
77
83
86
170
228
230
232
229
225
226
211
83
81
82
197
189
102
92
94
87
90
79
79
83
90
92
91
137
226
227
230
229
225
227
219
91
84
131
225
218
108
93
95
90
92
83
83
83
84
87
89
104
110
103
95
93
90
87
83
59
59
68
89
88
83
90
85
81
84
83
81
80
81
83
82
84
88
91
101
100
99
98
92
92
93
99
101
104
100
98
99
99
83
79
0
77
78
78
78
79
81
98
105
101
102
95
81
79
79
101
115
115
110
103
99
103
92
90
88
88
91
96
106
221
248
234
228
209
126
115
106
99
91
95
102
123
112
105
108
93
90
87
86
88
91
96
114
227
249
233
224
174
155
227
227
220
217
212
147
166
126
112
111
104
89
85
83
84
90
98
116
266
304
266
237
226
226
227
225
101
95
95
98
104
101
102
103
89
87
83
81
81
84
92
104
115
141
112
107
225
99
226
225
90
88
225
95
102
98
96
100
87
86
82
82
81
83
104
110
141
272
278
238
236
232
229
92
88
86
87
89
91
89
89
92
85
84
83
82
82
82
82
81
82
84
90
104
105
105
106
102
83
102
105
106
94
87
85
86
84
85
83
82
82
82
82
82
81
83
84
90
103
91
90
92
83
84
100
100
102
98
104
103
87
89
87
86
86
88
94
103
135
203
162
136
110
107
105
100
98
92
95
97
97
97
117
118
114
91
88
87
87
90
110
109
171
434
250
222
219
214
213
202
100
95
96
97
101
101
96
108
91
95
91
90
91
93
99
107
233
270
272
269
235
216
216
205
106
99
204
201
200
195
209
201
112
109
110
107
108
111
122
150
250
363
271
266
242
208
209
107
128
100
99
98
99
103
103
101
106
117
115
115
115
117
123
117
264
364
271
266
219
210
205
205
148
122
170
147
111
115
161
141
113
105
101
99
99
100
101
99
93
124
129
134
129
104
101
100
99
100
107
110
113
112
110
109
105
115
109
105
105
106
108
106
102
103
108
110
109
107
105
105
102
105
107
109
107
115
116
114
117
110
110
109
109
110
114
115
213
250
237
237
239
229
220
223
211
203
218
213
201
217
222
159
125
120
116
112
112
111
124
103
213
239
246
249
248
243
243
237
217
214
224
215
208
215
222
206
124
108
105
106
104
105
107
95
100
128
217
225
217
207
206
133
100
97
134
99
98
102
140
115
107
113
109
107
106
108
120
116
152
234
240
240
234
226
219
217
207
204
221
215
205
158
213
151
117
114
107
106
106
108
226
234
250
247
241
248
234
226
215
206
201
200
205
204
123
127
116
114
110
102
92
91
90
91
92
90
95
114
155
160
146
120
112
91
89
88
117
123
113
115
110
111
95
89
87
86
86
86
86
83
83
86
95
108
109
87
86
85
84
84
106
108
110
115
108
109
92
90
89
88
88
89
106
98
100
228
226
225
101
99
97
95
93
90
90
91
90
94
96
110
104
97
80
83
79
80
87
87
91
97
96
95
95
95
94
93
92
90
90
91
90
92
109
108
99
101
97
97
94
96
103
94
99
230
231
233
232
227
228
225
91
90
89
90
90
90
106
100
81
98
81
79
79
81
85
87
97
108
109
108
107
106
105
84
82
100
105
105
105
104
105
91
83
82
78
77
76
76
76
79
81
83
85
84
83
81
79
78
77
77
78
78
79
90
91
83
80
77
74
72
70
71
73
74
79
83
105
105
105
81
78
76
74
74
75
76
75
79
82
83
81
69
67
63
62
62
63
66
68
71
92
98
102
101
79
74
71
71
73
102
83
102
102
92
73
55
46
44
43
44
45
46
52
60
78
75
73
73
65
61
60
60
73
90
92
92
92
88
69
78
73
69
69
73
96
121
230
242
241
245
243
239
239
237
230
227
231
226
166
227
231
117
112
102
73
72
72
72
76
94
122
141
127
132
129
130
144
111
107
90
92
93
118
119
102
106
94
69
65
62
64
66
90
96
113
130
127
168
168
128
226
148
119
87
85
86
120
119
95
91
90
69
59
43
42
59
90
82
106
123
119
121
117
110
103
94
85
86
87
76
74
80
90
90
81
58
53
49
49
49
51
52
56
75
78
81
84
84
79
60
60
61
90
90
78
78
78
77
73
69
77
53
53
52
52
43
84
70
74
74
75
74
73
70
70
71
72
74
75
76
76
74
73
60
70
53
52
51
52
49
70
59
71
70
69
69
52
51
51
54
67
66
67
69
72
71
71
70
70
67
67
70
71
105
161
345
228
369
293
163
143
147
111
103
104
102
100
101
107
98
100
63
57
52
51
54
70
110
175
249
239
246
237
232
238
226
120
114
125
113
109
111
117
108
87
78
71
69
70
70
71
181
238
229
325
388
338
218
248
235
136
112
134
130
112
124
124
122
85
71
64
51
52
52
69
104
205
212
203
216
200
188
194
115
100
92
92
93
92
92
96
92
73
60
70
70
70
70
106
186
209
245
250
247
245
240
226
217
208
213
231
83
71
70
71
74
68
49
45
34
30
28
110
200
222
240
245
243
243
232
234
229
227
234
245
242
235
218
158
135
73
73
69
68
63
64
83
164
230
248
344
381
248
313
248
249
245
241
248
164
156
177
234
225
125
116
73
71
69
71
55
139
250
246
246
250
250
249
249
243
219
199
236
184
156
175
191
183
126
93
105
110
111
110
146
222
249
249
246
246
274
241
246
250
249
249
249
248
245
248
244
208
137
68
66
67
52
66
55
95
190
197
190
200
200
218
269
264
216
195
142
104
100
96
107
103
80
74
69
64
62
63
69
108
164
177
200
204
188
153
159
125
109
96
100
106
100
106
111
108
96
93
75
73
68
67
67
69
82
100
104
100
98
97
92
89
86
86
89
95
91
83
98
98
88
78
73
70
64
59
58
59
72
79
84
86
90
89
84
79
77
78
86
90
90
94
107
107
95
82
70
64
59
64
87
119
149
219
207
221
219
222
238
241
237
233
246
229
172
202
226
224
172
85
84
80
65
80
96
120
203
192
162
203
203
203
232
231
228
227
237
237
226
150
226
226
97
90
87
85
82
81
89
115
158
209
207
167
163
155
160
159
139
124
116
104
96
91
96
95
81
86
78
67
60
64
85
100
152
162
154
154
154
154
210
115
116
109
110
110
104
101
104
100
90
79
60
51
50
51
81
100
112
119
118
122
120
117
112
109
109
101
103
110
105
98
100
100
91
87
85
82
79
66
72
79
87
94
114
94
94
92
89
86
85
87
90
92
87
85
88
93
86
81
71
67
50
49
48
48
63
80
87
89
90
88
85
79
78
79
83
85
85
86
93
100
86
85
79
78
73
74
86
112
142
185
143
144
142
140
140
130
119
115
121
122
117
114
119
120
96
86
80
76
68
76
89
105
132
233
230
243
241
241
246
206
189
137
150
151
137
121
131
120
91
77
71
60
55
57
74
89
114
136
145
199
198
192
147
123
115
107
116
106
98
96
97
96
86
84
79
68
67
70
82
95
118
155
153
180
192
188
142
115
102
96
97
99
98
98
97
96
86
80
71
66
64
67
88
103
159
217
222
231
198
191
133
117
114
147
189
200
103
100
104
108
96
93
86
83
61
59
58
59
67
86
91
95
90
89
86
79
71
75
88
73
72
73
71
68
64
38
58
58
58
54
54
62
78
83
88
94
94
92
89
87
86
88
95
96
90
88
91
93
87
59
58
53
54
53
77
101
117
153
146
172
163
151
136
116
88
87
101
101
97
96
100
100
91
78
71
65
65
68
86
99
112
159
144
142
140
145
139
138
132
108
111
100
97
96
97
95
88
86
79
73
70
71
87
102
115
149
156
192
178
148
146
114
108
100
102
100
99
99
99
99
89
89
86
80
73
68
64
65
73
84
87
89
89
87
84
79
78
78
83
86
84
80
86
92
87
83
80
77
74
74
82
87
89
89
96
96
94
91
89
88
85
86
89
90
87
87
93
100
95
85
79
64
63
61
62
64
76
87
93
93
92
89
87
80
77
79
85
86
82
78
86
93
88
83
77
71
64
61
61
63
66
73
81
83
82
80
76
72
69
71
79
86
86
86
89
94
88
81
74
67
66
66
78
90
99
105
105
106
104
100
98
98
96
92
95
96
91
93
94
90
78
83
80
80
81
82
86
104
177
186
184
187
188
189
187
127
115
108
108
106
103
102
98
95
87
87
85
81
78
85
89
106
109
126
123
126
119
114
111
107
104
98
97
96
94
93
96
95
87
86
79
76
72
74
85
98
111
198
189
179
176
127
114
109
104
99
101
121
99
99
98
99
91
88
81
77
74
75
86
99
149
154
152
151
150
109
101
98
92
89
88
88
86
78
81
81
77
79
71
69
64
62
63
70
75
84
86
87
85
81
78
75
74
76
76
86
76
75
75
74
73
78
71
69
64
63
61
64
73
76
80
83
82
81
79
76
78
78
74
76
76
76
74
81
75
75
70
62
58
61
67
70
76
86
87
87
87
82
79
76
74
75
77
86
86
82
86
87
81
82
75
72
70
71
82
96
124
149
138
146
143
116
109
108
103
98
99
97
94
93
91
90
84
74
72
68
65
64
86
99
182
212
216
224
214
182
127
117
112
108
110
112
108
107
105
105
96
88
85
79
75
74
87
102
197
226
218
222
181
144
126
115
110
98
103
100
91
89
91
93
83
87
79
74
74
74
84
99
115
128
127
145
133
122
109
104
88
88
89
91
90
95
98
101
94
93
90
89
87
80
86
90
98
102
109
109
109
106
100
98
96
98
101
107
102
94
95
104
98
90
86
83
80
77
77
77
80
85
89
95
96
95
93
90
87
88
92
96
94
94
97
103
91
88
86
85
84
84
86
98
785
435
230
224
210
222
120
116
109
99
99
98
95
89
87
89
87
87
85
83
82
84
86
96
229
237
244
263
259
253
2294
334
129
121
131
125
120
101
98
94
86
86
84
83
81
82
85
94
215
217
211
210
204
198
195
181
113
120
120
120
120
120
90
90
88
87
83
79
78
77
82
123
210
204
197
206
202
197
206
137
109
120
120
107
105
105
97
97
90
84
78
76
70
68
74
85
202
206
191
185
177
170
122
120
95
90
120
120
97
95
87
88
86
83
80
78
72
68
69
86
90
128
132
132
130
126
123
90
89
120
127
128
89
89
84
84
83
78
71
67
64
65
62
68
86
89
94
128
100
90
87
84
80
81
88
88
83
82
81
83
78
85
80
78
78
76
84
99
112
136
154
192
199
177
162
130
119
111
111
107
103
102
99
99
91
78
68
64
62
61
77
91
113
135
173
204
207
208
220
161
125
114
110
113
109
101
103
105
91
85
81
79
77
78
84
100
116
189
215
298
348
228
223
161
118
115
115
111
109
106
106
107
93
83
78
75
75
75
78
120
191
217
221
220
220
215
223
176
109
104
124
122
97
122
96
121
88
67
59
58
60
56
60
85
130
187
124
110
107
97
93
89
86
78
77
80
72
74
60
66
71
80
70
61
53
51
54
64
75
85
91
96
95
92
90
87
85
88
92
96
90
88
87
93
87
72
62
54
44
43
42
42
59
62
69
75
81
82
73
72
72
74
85
91
89
87
88
87
68
74
69
66
64
63
68
90
119
151
168
179
180
162
164
129
110
104
123
127
123
126
122
102
102
55
53
48
47
47
51
84
141
180
201
206
206
196
198
153
107
83
81
79
66
63
60
64
63
66
56
53
48
47
57
90
160
210
207
211
205
197
195
147
121
110
123
120
110
89
88
89
73
57
52
48
47
43
59
65
164
207
206
209
208
194
191
144
90
81
86
87
86
77
71
69
62
50
38
31
27
33
42
58
88
90
95
98
94
89
86
84
70
57
63
65
49
47
59
58
56
62
54
45
37
36
35
44
54
69
81
87
88
86
76
69
66
63
67
70
71
69
66
69
65
50
46
36
31
26
26
27
40
50
60
61
68
62
58
55
53
53
56
65
65
62
60
70
59
56
51
47
44
42
53
86
106
173
181
169
117
110
109
109
109
103
104
101
98
97
96
93
76
54
49
47
45
42
50
74
94
159
191
162
196
197
199
123
101
98
98
98
96
92
93
94
70
51
46
43
41
40
44
71
100
205
206
204
203
199
199
198
98
90
89
88
85
59
57
57
46
32
26
22
19
18
21
42
60
78
85
86
87
86
82
81
79
58
66
64
57
53
51
51
48
46
42
37
36
36
40
49
64
214
234
279
232
218
215
201
117
93
120
144
119
86
67
78
54
47
40
36
36
34
36
88
124
138
195
159
158
155
142
157
142
138
142
145
49
49
44
47
41
43
25
23
22
20
30
31
33
36
86
88
88
87
86
43
42
41
81
86
46
49
50
52
43
40
35
23
22
32
34
43
55
115
116
120
122
124
136
147
88
85
87
88
87
87
88
88
49
42
36
32
32
32
33
43
47
89
90
90
89
89
90
91
87
86
88
88
87
85
84
85
44
43
37
34
33
33
37
44
49
55
55
56
57
55
54
53
52
50
50
50
47
46
46
46
44
27
23
21
19
20
23
27
32
47
47
51
53
52
52
49
45
46
47
48
45
46
47
47
45
46
41
36
35
36
41
51
47
61
76
97
80
73
66
61
54
58
65
61
47
51
46
48
46
43
37
37
35
31
31
35
38
45
46
52
51
50
46
46
46
44
49
50
47
46
44
44
43
41
36
34
32
28
28
28
35
41
43
44
45
46
45
45
43
44
46
59
48
46
45
45
43
40
37
35
34
34
34
43
51
80
82
85
86
84
84
82
81
80
82
83
82
80
83
83
44
45
42
38
36
36
40
60
82
82
81
78
75
67
64
64
63
68
86
87
85
84
87
87
50
54
47
44
44
43
47
61
69
101
109
102
102
100
100
101
103
105
103
105
100
68
73
79
54
57
54
51
51
50
54
60
75
101
106
106
106
106
105
105
103
104
106
134
101
77
83
83
54
61
56
52
52
52
55
56
84
99
130
155
129
126
114
98
95
95
99
100
89
87
95
101
58
59
53
52
50
47
47
47
52
77
93
110
128
107
79
75
57
63
62
87
82
73
61
70
58
55
51
48
46
45
45
46
51
57
58
63
64
64
63
62
60
61
63
65
63
63
64
63
58
54
51
49
47
47
52
61
67
145
115
113
113
110
105
81
83
80
81
85
81
76
82
83
61
72
72
71
71
72
71
72
74
70
71
74
76
72
72
72
72
73
74
78
76
76
77
83
72
76
73
72
72
71
74
80
121
126
127
129
128
109
122
121
121
122
122
127
124
90
95
95
78
77
74
71
71
71
75
81
93
99
110
114
114
112
110
111
110
103
107
102
95
88
92
91
78
97
97
79
79
78
79
138
94
99
101
105
105
105
106
106
103
100
100
98
95
89
94
94
100
97
97
79
79
79
97
138
92
108
161
161
162
108
109
96
95
94
94
95
92
98
95
95
98
97
97
97
97
97
101
106
105
144
147
155
160
109
97
94
92
90
90
91
89
101
86
88
101
77
77
74
72
71
71
73
76
82
88
90
91
89
105
101
101
87
89
89
101
94
86
90
88
77
74
73
71
70
68
70
72
75
80
82
83
81
80
93
77
80
81
82
83
82
84
87
83
74
74
72
74
74
74
101
105
110
113
118
116
111
111
109
106
99
101
103
96
90
93
94
84
83
81
77
76
76
83
94
131
136
136
138
140
132
131
123
116
112
117
113
99
97
98
97
92
91
85
83
81
81
90
94
107
114
119
129
135
128
124
117
113
109
108
109
104
104
106
101
96
91
88
88
87
89
93
98
108
112
113
114
115
115
115
113
111
109
108
109
106
107
110
102
97
96
94
93
92
93
97
106
113
118
121
130
129
136
117
112
109
109
108
108
106
108
110
107
101
90
88
87
86
85
84
85
88
94
95
96
97
95
93
92
92
93
96
96
95
94
96
94
90
88
87
86
85
84
82
82
85
87
89
93
94
94
94
93
94
96
97
96
96
96
100
99
94
93
91
90
90
90
105
108
115
117
121
130
130
121
118
116
117
110
111
110
138
108
109
108
105
98
95
94
94
95
98
104
116
118
121
127
128
127
120
119
117
112
111
110
110
111
114
111
98
105
101
100
99
101
104
108
120
123
127
132
130
128
123
119
118
118
118
112
110
113
117
111
104
106
104
104
103
103
105
105
113
110
109
109
109
109
116
108
108
108
110
109
109
109
119
118
108
108
106
105
105
105
107
108
116
119
124
126
125
122
119
119
110
109
109
108
107
107
108
108
107
111
109
107
106
105
105
108
112
118
121
121
121
118
117
117
116
117
118
117
116
115
118
117
113
112
107
105
105
104
104
105
109
111
113
115
116
117
116
115
115
115
117
117
117
117
120
119
115
112
109
107
107
107
110
113
121
124
125
128
130
124
124
122
120
117
119
119
118
119
121
118
110
114
111
109
109
109
114
117
124
127
127
127
127
127
127
125
120
119
119
120
119
119
120
119
113
116
115
114
114
114
118
123
130
135
135
136
135
136
135
135
124
123
122
123
122
123
124
121
114
84
74
73
73
73
76
109
134
123
124
126
141
122
140
140
132
130
130
131
130
131
131
110
106
116
115
114
114
115
118
128
134
140
141
143
140
137
135
132
127
124
123
123
123
125
125
116
108
120
116
111
79
112
112
113
116
120
124
126
126
125
122
122
122
125
125
125
123
124
124
122
120
117
113
112
112
111
110
109
110
115
118
119
120
120
119
118
118
119
120
120
120
123
125
124
119
116
115
108
114
115
118
120
157
173
172
173
167
149
144
139
125
127
133
134
132
129
137
128
115
118
118
117
116
117
119
131
157
180
181
183
183
186
181
159
137
131
131
131
130
132
131
126
120
119
116
115
115
116
119
125
133
137
136
137
137
135
136
134
129
129
130
129
127
130
129
125
119
114
112
110
109
112
115
122
129
135
135
135
135
133
134
133
130
129
127
127
126
130
129
123
117
112
108
106
106
107
113
121
129
131
130
131
129
128
126
124
121
120
120
121
120
121
120
117
116
114
110
108
107
107
108
109
112
118
125
125
125
125
124
124
125
124
125
125
125
113
112
109
109
93
92
90
75
75
75
75
88
90
107
108
108
108
108
108
109
109
115
117
117
117
119
116
114
109
109
108
110
110
110
120
122
123
122
122
123
121
122
122
122
122
125
126
125
127
126
122
118
111
110
110
110
110
112
124
131
136
135
136
135
132
131
130
128
127
127
127
127
128
127
122
118
112
110
110
111
111
121
126
131
134
134
135
133
132
132
128
128
127
152
126
127
129
127
122
117
115
112
110
110
110
117
122
125
128
131
132
131
119
125
125
124
124
124
123
124
126
125
120
117
117
115
113
113
115
119
124
129
131
133
134
132
131
130
126
125
124
124
122
123
126
124
118
117
115
112
110
110
110
111
114
118
121
121
123
122
121
119
118
118
118
118
118
118
121
120
119
117
109
107
106
105
105
105
106
109
113
115
117
118
117
117
117
117
117
118
119
121
124
125
124
118
111
108
108
108
112
122
130
164
166
168
169
177
189
171
151
138
133
132
131
139
148
138
128
119
114
90
90
108
111
121
125
132
136
136
136
135
132
132
133
131
130
131
131
134
139
135
129
122
121
116
114
114
117
127
129
137
139
137
137
137
136
136
136
135
134
136
136
140
144
136
129
124
118
111
108
108
113
119
124
131
134
133
132
132
130
130
129
129
128
129
129
134
136
131
127
121
122
119
118
118
120
126
128
134
135
135
135
134
134
132
130
128
127
128
129
131
132
129
126
122
121
118
116
115
115
117
118
119
123
124
126
127
126
124
123
123
123
124
125
126
126
125
124
120
122
119
116
114
113
113
112
113
113
120
123
124
123
122
122
122
122
123
124
127
129
128
126
122
113
110
109
109
113
117
123
140
153
149
150
149
124
149
130
128
130
135
134
144
148
141
132
118
102
105
104
104
102
102
130
137
157
156
164
156
145
151
151
145
142
147
149
250
276
190
134
118
111
109
107
107
110
117
127
131
135
136
137
137
130
130
130
129
127
128
128
136
136
128
124
116
113
110
107
107
111
118
130
130
133
131
134
131
130
131
131
131
129
130
131
152
139
133
126
114
109
107
106
106
108
116
127
131
135
136
136
133
128
127
126
125
120
120
121
125
125
121
116
108
108
103
101
101
100
101
102
105
111
112
113
113
112
112
111
110
112
113
116
118
117
114
113
107
100
96
92
90
90
91
91
94
98
101
104
106
104
104
101
101
101
105
107
109
109
108
106
101
97
93
88
89
94
101
112
120
118
118
118
118
117
118
118
116
114
115
117
122
119
114
105
96
99
96
94
94
97
102
113
124
125
126
126
126
125
122
121
121
120
122
124
129
127
119
111
103
101
99
98
98
98
107
117
123
122
121
121
121
121
120
120
119
118
118
121
126
123
117
111
103
97
95
92
92
95
101
113
117
117
117
117
116
115
115
114
114
114
116
142
145
143
143
118
100
97
95
92
92
94
100
107
113
114
113
114
113
112
109
107
105
104
106
107
110
114
111
107
101
95
90
88
88
88
90
93
96
101
104
105
106
108
109
110
111
112
113
114
115
115
117
119
117
96
93
93
91
90
91
92
101
96
98
101
103
100
99
98
97
99
101
104
111
109
105
106
101
100
99
97
98
102
106
112
118
131
130
131
126
119
119
118
116
117
138
152
133
131
120
124
105
109
103
101
102
102
105
112
151
153
153
153
153
151
152
152
152
149
153
153
151
150
144
130
109
105
104
103
103
104
309
119
144
167
134
144
165
142
167
165
125
119
141
127
166
135
119
125
110
114
111
108
108
110
118
126
139
146
134
132
132
131
160
148
129
126
135
129
132
128
124
117
113
115
112
109
109
111
117
125
125
129
127
126
125
108
109
109
110
111
118
122
123
119
115
109
101
117
113
112
111
112
113
114
112
117
121
121
121
119
118
117
117
118
121
125
126
123
122
123
119
120
117
115
115
115
116
134
134
135
138
135
121
119
118
119
117
117
127
128
125
124
121
119
116
111
105
101
102
108
119
125
124
125
125
125
124
123
124
123
119
120
122
125
127
125
123
120
113
95
92
90
90
70
70
118
124
126
126
124
120
70
122
123
123
122
123
125
126
124
123
120
113
115
105
105
107
108
121
126
131
134
133
133
132
132
133
131
127
126
134
129
130
128
126
123
112
103
96
95
95
95
103
110
113
121
121
125
130
126
130
129
129
129
131
134
135
134
133
129
124
118
115
113
113
119
125
132
134
140
139
138
134
132
130
123
119
119
128
131
131
128
127
125
122
120
116
115
114
114
116
120
121
124
130
130
128
125
120
119
120
121
124
128
129
125
125
124
122
121
120
119
118
118
120
120
120
120
122
125
125
124
121
121
121
121
125
131
147
138
129
127
124
121
119
118
119
120
124
130
131
133
132
132
130
130
131
130
128
127
127
130
131
131
127
125
122
125
122
121
121
123
127
129
133
135
134
133
132
132
132
130
128
127
128
131
132
130
128
127
125
125
123
122
123
124
127
130
132
142
140
140
139
131
130
129
128
128
129
132
132
129
128
127
125
126
124
122
122
125
128
130
133
136
134
133
131
115
114
110
109
107
111
108
109
108
70
70
70
106
98
100
100
115
126
119
122
126
127
129
129
70
116
119
119
126
128
129
129
127
127
127
126
125
123
122
121
121
124
126
126
127
126
128
127
126
125
125
125
126
128
129
129
127
125
126
126
106
90
89
90
89
91
116
122
125
123
122
122
116
115
114
115
124
128
130
130
127
126
126
116
118
117
116
118
121
126
129
131
133
133
133
132
131
131
131
130
129
131
134
133
130
128
127
122
117
114
112
113
116
124
129
132
135
132
132
132
131
131
130
129
129
130
134
132
129
127
126
110
108
104
104
104
105
107
129
130
132
131
132
130
130
130
129
128
128
129
134
132
129
128
127
120
117
114
112
113
116
122
127
129
130
130
130
130
129
129
128
127
127
128
130
129
127
126
126
117
121
117
116
116
119
124
127
129
129
129
129
127
126
125
124
122
123
126
128
126
124
122
122
118
111
109
108
108
108
110
111
109
111
113
115
115
113
111
111
112
112
118
121
119
116
114
113
110
111
103
182
89
50
50
106
104
105
107
110
111
109
109
108
110
112
116
117
118
115
114
112
108
107
105
103
104
106
111
107
108
103
108
108
110
108
112
114
110
112
117
117
116
115
114
112
108
104
103
102
102
104
107
112
112
114
114
114
114
114
115
116
114
115
118
119
122
116
112
109
105
105
103
103
103
104
108
112
115
115
115
115
115
114
114
114
113
114
117
118
116
114
112
109
106
103
101
101
102
103
106
112
114
115
114
113
113
113
114
113
113
115
116
116
114
113
112
108
104
103
101
100
101
103
108
112
112
114
114
113
113
112
111
110
110
112
113
114
112
111
111
112
112
99
95
95
92
94
96
97
97
106
108
109
109
109
106
106
105
108
112
111
109
108
107
107
98
96
87
84
82
83
89
91
94
97
102
106
107
106
106
106
107
108
113
113
113
111
112
111
110
105
99
99
100
103
107
115
114
117
114
115
115
114
115
115
113
114
121
119
120
137
135
132
120
110
107
107
106
106
109
111
116
118
117
117
115
114
114
114
113
117
120
120
118
131
123
128
112
106
106
105
105
105
105
111
118
117
117
116
115
114
114
114
114
116
118
119
117
123
121
124
114
108
107
108
105
106
109
114
119
120
119
119
117
116
117
116
116
118
121
120
118
125
114
122
111
107
107
107
105
108
110
117
119
119
119
117
117
114
114
113
113
114
117
117
114
112
113
116
108
101
93
91
91
91
95
100
110
111
111
111
111
111
108
108
110
114
118
117
113
109
109
108
101
102
96
95
93
92
94
97
103
104
106
109
112
110
109
109
110
115
119
120
118
115
116
112
112
109
109
108
109
110
115
122
127
132
131
132
132
131
131
126
122
125
134
130
122
120
120
135
126
117
115
114
114
116
122
125
132
131
130
129
128
128
128
128
129
131
137
135
128
127
126
122
118
123
123
122
122
123
126
128
131
131
130
130
130
130
130
130
130
132
135
133
130
128
129
127
123
121
120
119
119
120
123
127
131
131
129
129
129
129
129
129
130
130
131
130
128
127
127
125
121
119
118
117
118
119
122
126
132
132
128
128
127
127
127
127
127
129
132
129
127
125
123
122
120
106
89
87
87
87
99
117
118
119
120
122
122
122
121
121
122
125
128
126
124
122
122
120
117
116
115
99
93
93
94
115
116
116
117
118
119
118
118
118
119
122
125
124
123
121
120
119
117
113
112
112
112
114
116
122
129
130
129
128
127
127
127
127
129
131
136
132
128
125
124
120
117
113
111
110
110
111
117
123
129
129
127
126
126
125
125
125
126
128
131
126
124
120
120
117
114
113
111
110
110
111
116
120
127
127
125
125
124
124
123
124
125
126
127
126
123
120
119
116
113
111
109
108
109
110
114
118
122
123
122
122
121
121
121
122
122
124
125
123
122
122
119
129
124
110
109
107
107
110
112
117
122
122
121
120
120
119
118
119
119
121
121
119
117
114
114
112
99
45
45
45
45
71
100
104
107
110
113
114
114
113
113
113
115
118
121
119
115
112
113
113
110
107
102
100
98
97
96
87
102
106
109
111
111
110
110
109
108
113
118
117
114
113
112
111
105
40
71
70
69
75
77
107
118
118
117
117
114
109
110
110
108
109
122
111
108
115
115
115
110
106
102
100
101
103
111
115
120
122
120
119
119
118
119
118
119
121
122
120
117
115
114
110
104
105
85
77
70
76
106
114
123
125
123
123
122
122
122
122
123
125
126
123
121
119
119
115
111
110
106
105
106
109
112
115
124
128
126
125
124
124
123
125
128
128
131
128
123
121
122
135
112
114
112
111
111
112
116
122
130
134
131
131
129
127
127
128
128
123
129
124
122
119
114
93
91
96
97
96
91
93
95
106
114
118
121
123
123
122
121
121
123
129
134
128
124
120
120
119
116
122
114
111
109
106
98
99
114
117
119
121
123
121
120
121
124
132
140
135
132
127
127
123
119
117
112
103
95
88
93
103
130
136
134
143
139
136
135
138
145
175
204
140
134
125
123
119
115
96
88
79
79
88
105
113
126
135
129
133
133
130
138
141
136
143
144
137
132
127
125
121
117
113
111
109
109
111
115
120
128
133
131
134
133
132
131
132
131
132
133
131
127
123
122
118
114
111
110
100
99
106
114
119
125
127
125
124
123
116
115
114
112
110
116
114
116
118
118
115
112
92
92
90
90
92
102
118
119
112
112
111
113
110
113
115
122
124
124
122
121
118
118
115
113
115
113
112
112
112
110
115
116
117
119
120
120
119
119
119
121
125
128
125
121
119
119
118
116
111
97
96
94
86
86
62
75
98
100
102
105
102
107
96
97
112
119
119
116
114
115
114
107
119
111
110
111
113
124
129
275
469
418
173
167
159
155
167
275
397
464
320
145
135
133
127
122
121
117
116
116
118
124
136
211
261
229
171
172
170
169
170
219
232
234
207
147
138
137
131
125
92
90
87
88
92
87
112
161
202
189
164
164
158
159
165
169
171
213
201
170
157
165
146
132
127
118
129
129
134
139
146
247
620
423
208
197
179
178
180
204
218
303
207
197
165
164
146
121
91
94
90
81
75
91
101
123
152
140
124
120
119
116
116
115
117
115
112
103
99
96
97
101
12
9
9
15
22
46
97
101
101
101
104
103
102
102
102
103
112
115
110
107
103
103
103
102
91
83
82
82
82
83
84
95
95
99
100
101
103
104
103
107
127
128
127
115
119
119
115
109
107
110
108
108
111
110
129
152
245
200
154
150
144
140
143
155
187
192
164
139
133
129
125
122
118
114
109
109
114
117
131
162
244
187
171
163
153
152
155
157
180
182
163
146
132
130
127
124
109
102
101
101
102
106
127
138
144
141
139
138
137
135
136
136
138
138
135
132
126
127
105
101
95
71
70
69
70
78
100
112
118
119
123
127
126
125
125
126
126
126
125
123
120
119
114
91
84
81
75
76
75
74
76
73
78
83
85
85
82
81
79
81
85
83
76
73
72
80
79
79
65
61
50
50
50
53
57
60
61
75
78
78
78
80
77
81
82
82
81
82
81
81
81
77
78
68
63
63
63
63
65
71
76
80
91
100
100
100
99
102
109
110
109
106
101
103
99
97
90
82
76
76
80
83
86
102
114
115
117
116
116
117
117
118
121
122
120
117
114
115
105
99
102
100
98
98
99
103
106
113
117
118
119
120
119
118
117
119
122
123
121
117
114
114
109
105
113
111
109
109
109
108
111
108
120
120
122
122
122
121
120
120
125
126
124
120
118
118
117
115
107
104
100
101
103
104
107
103
122
123
124
125
124
123
123
124
126
127
125
121
119
119
116
114
101
100
92
98
98
101
98
89
100
106
112
116
107
105
91
93
105
119
116
88
86
121
116
113