122000
122000
122000
24159
16261
122000
122000
122000
122000
40465
8439
98211
122000
122000
122000
62389
6046
66131
122000
122000
122000
89181
8359
41094
122000
122000
122000
119121
14557
23178
122000
122000
122000
122000
24530
11741
107333
122000
122000
122000
38254
5965
72179
122000
122000
122000
54953
4892
45140
122000
122000
122000
73344
7257
25954
122000
122000
122000
91646
12086
13482
94928
122000
122000
107888
19079
6345
63543
122000
122000
120297
27752
3316
39806
122000
122000
122000
37274
3211
23143
98068
122000
122000
46664
4951
12333
69086
122000
122000
54880
7879
5928
46101
107854
116721
61036
11728
2653
28987
82979
104540
64569
16087
1543
17066
61198
90215
65302
20494
1794
9332
43189
75107
63419
24502
2832
4681
29096
60399
59377
27735
4385
2134
18656
46953
53784
29960
6320
968
11337
35310
47296
31106
8461
703
6498
25691
40500
31241
10653
990
3490
18081
33871
30530
12768
1636
1738
12299
27737
29183
14714
2590
807
8071
22289
27417
16453
3842
423
5096
17603
25417
17986
5376
430
3084
13672
23329
19345
7200
737
1778
10438
21248
20571
9330
1337
967
7817
19225
21703
11798
2307
508
5722
17275
22766
14647
3752
349
4070
15391
23759
17925
5808
491
2793
13549
24647
21670
8649
986
1826
11729
25364
25893
12472
1970
1119
9918
25810
30558
17489
3705
676
8126
25858
35553
23900
6526
588
6389
25377
40674
31857
10864
1001
4762
24251
45619
41407
17223
2143
3308
22414
49973
52434
26122
4424
2110
19888
53267
64607
38027
8495
1352
16796
55026
77324
53236
15143
1361
13370
54833
89729
71762
25293
2509
9909
52453
100749
93216
39856
5307
6711
47906
109219
116706
59551
10653
4130
41507
114025
122000
84703
19762
2692
33862
114326
122000
115028
33919
3039
25773
109724
122000
122000
54355
5749
18070
100409
122000
122000
81876
11593
11455
87199
122000
122000
116567
21992
6631
71446
122000
122000
122000
38443
4456
54829
122000
122000
122000
62193
5621
39042
122000
122000
122000
93910
10571
25436
122000
122000
122000
122000
20087
14899
122000
122000
122000
122000
35635
8151
93798
122000
122000
122000
58201
5879
67142
122000
122000
122000
88113
8200
44415
122000
122000
122000
122000
14978
26721
122000
122000
122000
122000
26695
14430
122000
122000
122000
122000
44130
7630
92140
122000
122000
122000
67180
6171
61321
122000
122000
122000
94982
9272
37569
122000
122000
122000
122000
16202
20820
122000
122000
122000
122000
27014
10401
101451
122000
122000
122000
41561
5523
67508
122000
122000
122000
58984
5170
41704
122000
122000
122000
77888
8092
23620
122000
122000
122000
96406
13424
12051
90323
122000
122000
112529
20933
5636
59878
122000
122000
122000
30038
3183
37102
122000
122000
122000
39871
3492
21293
94597
122000
122000
49399
5529
11166
66115
122000
122000
57564
8727
5275
43729
105914
117767
63493
12815
2383
27220
80969
104868
66667
17344
1552
15842
59308
89980
66960
21843
1990
8546
41542
74482
64615
25851
3163
4215
27757
59539
60125
29000
4840
1893
17631
46000
54143
31077
6875
891
10602
34364
47339
32031
9085
741
6003
24825
40303
31953
11312
1110
3178
17336
33508
31029
13424
1824
1556
11689
27274
29483
15338
2848
717
7596
21778
27537
17018
4161
405
4744
17084
25382
18473
5751
470
2835
13173
23164
19739
7619
829
1611
9977
20975
20863
9781
1487
861
7406
18864
21884
12267
2526
456
5367
16845
22826
15118
4049
349
3776
14907
23688
18377
6194
546
2558
13029
24437
22079
9130
1105
1647
11190
25006
26227
13050
2181
995
9379
25296
30778
18156
4040
614
7609
25188
35613
24638
7023
606
5916
24556
40523
32627
11561
1117
4352
23298
45198
42151
18152
2393
2974
21363
49233
53074
27298
4879
1871
18787
52172
65028
39436
9235
1248
15707
53557
77402
54826
16260
1433
12358
53013
89332
73436
26869
2803
9030
50344
99750
94817
41943
5905
6012
45607
107518
118029
62150
11708
3664
39150
111584
122000
87739
21425
2541
31606
111167
122000
118338
36339
3264
23761
105960
122000
122000
57634
6417
16407
96236
122000
122000
86022
12861
10218
82871
122000
122000
121473
24090
5906
67253
122000
122000
122000
41557
4339
51049
122000
122000
122000
66466
6145
35879
122000
122000
122000
99360
11787
22993
122000
122000
122000
122000
22217
13235
116027
122000
122000
122000
38899
7334
88078
122000
122000
122000
62733
5932
62320
122000
122000
122000
93929
9071
40658
122000
122000
122000
122000
16678
24041
122000
122000
122000
122000
29432
12785
121940
122000
122000
122000
48002
7000
86273
122000
122000
122000
72191
6447
56727
122000
122000
122000
100976
10323
34246
122000
122000
122000
122000
18008
18641
122000
122000
122000
122000
29679
9222
95719
122000
122000
122000
45052
5224
63010
122000
122000
122000
63180
5564
38432
122000
122000
122000
82562
9027
21427
122000
122000
122000
101246
14883
10739
85795
122000
122000
117204
22909
5031
56322
122000
122000
122000
32441
3135
34505
122000
122000
122000
42568
3841
19540
91125
122000
122000
52203
6170
10078
63176
122000
122000
60283
9644
4683
41407
103896
118696
65957
13966
2164
25511
78917
105088
68746
18659
1601
14672
57402
89652
68584
23235
2218
7804
39902
73780
65757
27228
3527
3783
26437
58629
60823
30279
5328
1679
16633
45013
54451
32191
7461
836
9894
33403
47331
32942
9735
797
5533
23957
40064
32644
11989
1245
2886
16597
33114
31502
14093
2030
1389
11092
26789
29753
15965
3122
640
7136
21255
27629
17579
4496
399
4406
16560
25322
18951
6138
520
2600
12674
22976
20120
8048
930
1454
9521
20684
21136
10238
1648
766
7004
18490
22042
12737
2757
413
5025
16406
22863
15584
4360
359
3495
14420
23595
18818
6592
610
2337
12511
24205
22470
9622
1237
1481
10658
24627
26537
13634
2408
883
8854
24766
30968
18824
4395
567
7111
24506
35637
25366
7541
638
5466
23731
40330
33378
12280
1252
3967
22351
44735
42865
19099
2668
2666
20329
48454
53661
28485
5366
1661
17716
51042
65386
40843
10016
1175
14659
52068
77405
56399
17422
1537
11396
51188
88846
75060
28491
3135
8205
48249
98658
96336
44072
6559
5369
43347
105732
119240
64773
12835
3261
36862
109065
122000
90767
23173
2459
29437
107962
122000
121593
38853
3559
21851
102191
122000
122000
61001
7162
14849
92097
122000
122000
90238
14239
9088
78628
122000
122000
122000
26321
5297
63188
122000
122000
122000
44828
4337
47420
122000
122000
122000
70902
6782
32882
122000
122000
122000
104949
13132
20716
122000
122000
122000
122000
24519
11733
109848
122000
122000
122000
42363
6683
82539
122000
122000
122000
67473
6135
57715
122000
122000
122000
99943
10085
37115
122000
122000
122000
122000
18549
21558
122000
122000
122000
122000
32372
11327
115159
122000
122000
122000
52095
6544
80615
122000
122000
122000
77417
6873
52349
122000
122000
122000
107152
11507
31120
122000
122000
122000
122000
19980
16637
122000
122000
122000
122000
32526
8203
90146
122000
122000
122000
48724
5063
58687
122000
122000
122000
67543
6073
35328
122000
122000
122000
87365
10067
19375
117539
122000
122000
106168
16465
9543
81359
122000
122000
121902
25009
4529
52874
122000
122000
122000
34958
3172
32019
120953
122000
122000
45356
4258
17882
87658
122000
122000
55076
6878
9065
60276
122000
122000
63037
10632
4152
39142
101806
119506
68422
15183
1996
23862
76823
105204
70802
20030
1689
13557
55489
89235
70162
24671
2480
7106
38275
73012
66848
28632
3924
3386
25140
57668
61460
31567
5850
1493
15664
43999
54702
33302
8076
804
9214
32429
47277
33837
10409
871
5087
23088
39787
33312
12683
1397
2613
15865
32690
31948
14770
2252
1237
10507
26285
29996
16594
3412
576
6691
20719
27693
18136
4847
404
4084
16031
25235
19417
6539
579
2378
12177
22766
20484
8487
1042
1309
9072
20374
21390
10701
1822
680
6612
18102
22179
13207
3002
380
4695
15959
22876
16044
4683
378
3228
13931
23477
19248
7003
685
2130
11997
23949
22843
10122
1382
1328
10136
24227
26823
14223
2651
783
8344
24218
31127
19489
4768
533
6633
23813
35625
26084
8080
687
5038
22903
40095
34106
13020
1403
3605
21411
44230
43540
20063
2967
2383
19314
47632
54197
29680
5887
1478
16675
49881
65676
42247
10837
1134
13652
50560
77324
57942
18630
1676
10482
49360
88271
76638
30158
3505
7432
46174
97474
97779
46232
7269
4781
41129
103858
120339
67408
14034
2920
34641
106484
122000
93775
25008
2442
27358
104722
122000
122000
41461
3922
20041
98419
122000
122000
64453
7987
13395
88005
122000
122000
94512
15729
8064
74474
122000
122000
122000
28688
4804
59250
122000
122000
122000
48249
4448
43952
122000
122000
122000
75485
7531
30050
122000
122000
122000
110666
14616
18603
122000
122000
122000
122000
26996
10394
103815
122000
122000
122000
46020
6193
77193
122000
122000
122000
72422
6484
53317
122000
122000
122000
106145
11237
33776
122000
122000
122000
122000
20597
19268
122000
122000
122000
122000
35520
10054
108560
122000
122000
122000
56407
6261
75168
122000
122000
122000
82852
7446
48187
122000
122000
122000
113505
12830
28187
122000
122000
122000
122000
22127
14803
122000
122000
122000
122000
35558
7343
84734
122000
122000
122000
52577
5038
54536
122000
122000
122000
72063
6696
32387
122000
122000
122000
92290
11220
17462
112282
122000
122000
111156
18175
8463
77020
122000
122000
122000
27233
4129
49541
122000
122000
122000
37590
3289
29643
117072
122000
122000
48238
4743
16319
84206
122000
122000
58008
7655
8129
57418
122000
122000
65818
11692
3682
36933
99642
120201
70887
16467
1880
22274
74698
105212
72827
21458
1816
12496
53564
88734
71693
26148
2775
6451
36659
72175
67886
30061
4357
3021
23867
56665
62042
32863
6406
1333
14723
42953
54899
34406
8722
793
8562
31444
47173
34716
11107
962
4665
22220
39470
33956
13395
1564
2358
15143
32237
32365
15456
2492
1099
9937
25760
30208
17225
3721
524
6262
20174
27729
18686
5213
420
3777
15499
25124
19872
6953
650
2169
11683
22535
20832
8934
1166
1175
8630
20048
21625
11166
2008
603
6231
17702
22294
13676
3259
356
4378
15505
22865
16497
5020
406
2974
13441
23336
19664
7425
771
1935
11487
23671
23197
10632
1539
1187
9624
23808
27083
14816
2911
697
7848
23656
31255
20152
5161
515
6173
23110
35576
26790
8640
750
4632
22074
39821
34811
13779
1573
3266
20480
43682
44180
21043
3292
2123
18319
46776
54683
30881
6441
1323
15666
48685
65899
43640
11698
1124
12687
49028
77170
59458
19882
1848
9617
47532
87608
78158
31867
3915
6710
44118
96201
99137
48427
8038
4246
38961
101906
121323
70054
15306
2641
32492
103838
122000
96764
26929
2490
25369
101447
122000
122000
44157
4354
18332
94655
122000
122000
67986
8898
12044
83963
122000
122000
98843
17335
7147
70416
122000
122000
122000
31191
4424
55447
122000
122000
122000
51821
4668
40639
122000
122000
122000
80221
8390
27382
122000
122000
122000
116502
16243
16651
122000
122000
122000
122000
29652
9217
97937
122000
122000
122000
49877
5864
72044
122000
122000
122000
77579
6978
49136
122000
122000
122000
112529
12528
30640
122000
122000
122000
122000
22830
17168
122000
122000
122000
122000
38876
8967
102145
122000
122000
122000
60939
6144
69938
122000
122000
122000
88499
8167
44238
122000
122000
122000
120023
14299
25447
122000
122000
122000
122000
24451
13137
116324
122000
122000
122000
38776
6640
79496
122000
122000
122000
56615
5144
50567
122000
122000
122000
76746
7431
29608
122000
122000
122000
97324
12491
15686
107094
122000
122000
116201
20015
7499
72785
122000
122000
122000
29583
3829
46324
122000
122000
122000
40334
3484
27378
113165
122000
122000
51208
5294
14848
80773
122000
122000
60993
8505
7266
54606
122000
122000
68623
12826
3274
34787
97412
120779
73340
17816
1813
20747
72538
105111
74825
22941
1982
11490
51643
88140
73178
27664
3103
5837
35059
71273
68866
31511
4827
2688
22621
55616
62563
34164
6997
1201
13813
41889
55038
35501
9398
805
7940
30450
47023
35575
11830
1072
4268
21355
39115
34573
14122
1750
2121
14431
31757
32754
16150
2751
975
9381
25218
30392
17854
4046
485
5849
19618
27736
19230
5595
446
3485
14965
24987
20314
7378
730
1974
11193
22282
21164
9389
1301
1051
8197
19705
21839
11636
2207
537
5861
17292
22386
14143
3530
342
4074
15045
22832
16943
5370
444
2734
12950
23171
20067
7858
866
1753
10982
23372
23531
11149
1711
1058
9123
23370
27317
15411
3187
624
7368
23079
31351
20810
5572
510
5733
22401
35491
27481
9220
829
4249
21246
39509
35490
14557
1762
2950
19560
43100
44778
22036
3645
1888
17346
45885
55115
32085
7029
1196
14690
47466
66061
45021
12599
1143
11764
47485
76935
60943
21177
2053
8800
45711
86863
79619
33615
4367
6039
42093
94844
100406
50644
8866
3766
36840
99881
122000
72700
16652
2423
30415
101142
122000
99719
28936
2600
23470
98145
122000
122000
46942
4853
16720
90905
122000
122000
71597
9899
10794
79982
122000
122000
103217
19058
6335
66463
122000
122000
122000
33831
4156
51782
122000
122000
122000
55547
4994
37486
122000
122000
122000
85097
9357
24872
122000
122000
122000
122000
18020
14856
118457
122000
122000
122000
32490
8202
92225
122000
122000
122000
53935
5690
67095
122000
122000
122000
82937
7615
45163
122000
122000
122000
119090
13965
27703
122000
122000
122000
122000
25254
15252
122000
122000
122000
122000
42448
8063
95927
122000
122000
122000
65695
6191
64924
122000
122000
122000
94346
9032
40504
122000
122000
122000
122000
15923
22897
122000
122000
122000
122000
26960
11640
110048
122000
122000
122000
42182
6091
74432
122000
122000
122000
60831
5377
46776
122000
122000
122000
81579
8277
26989
122000
122000
122000
102469
13885
14045
101983
122000
122000
121300
21988
6651
68657
122000
122000
122000
32061
3628
43227
122000
122000
122000
43196
3757
25225
109242
122000
122000
54262
5911
13467
77367
122000
122000
64036
9430
6475
51848
122000
122000
71446
14033
2926
32703
95125
121230
75782
19233
1795
19284
70355
104907
76781
24479
2187
10538
49719
87461
74609
29217
3466
5266
33478
70308
69780
32979
5334
2386
21403
54525
63022
35468
7623
1095
12933
40797
55123
36585
10104
837
7346
29450
46822
36413
12575
1199
3893
20494
38722
35163
14863
1952
1903
13731
31249
33112
16850
3028
866
8839
24659
30544
18482
4388
459
5451
19055
27716
19765
5991
483
3208
14430
24825
20742
7816
821
1790
10707
22009
21477
9852
1448
938
7773
19346
22032
12108
2420
479
5503
16870
22456
14606
3814
338
3783
14581
22775
17379
5732
491
2507
12460
22984
20455
8302
972
1583
10483
23052
23845
11674
1897
941
8632
22915
27524
16008
3481
564
6904
22490
31415
21462
6002
520
5313
21685
35370
28158
9820
923
3887
20421
39162
36143
15352
1969
2656
18652
42479
45337
23041
4025
1675
16396
44959
55497
33291
7651
1095
13748
46220
66150
46386
13540
1192
10884
45935
76622
62389
22513
2291
8030
43894
86034
81020
35399
4865
5418
40095
93409
101582
52889
9755
3339
34775
97783
122000
75350
18072
2265
28413
98396
122000
102639
31027
2772
21661
94832
122000
122000
49811
5417
15203
87179
122000
122000
75272
10993
9643
76067
122000
122000
107626
20901
5631
62613
122000
122000
122000
36611
3999
48261
122000
122000
122000
59419
5427
34490
122000
122000
122000
90107
10437
22519
122000
122000
122000
122000
19953
13215
112432
122000
122000
122000
35511
7347
86678
122000
122000
122000
58197
5669
62347
122000
122000
122000
88491
8394
41403
122000
122000
122000
122000
15557
24966
122000
122000
122000
122000
27874
13522
122000
122000
122000
122000
46232
7339
89910
122000
122000
122000
70667
6395
60133
122000
122000
122000
100394
10039
36977
122000
122000
122000
122000
17710
20534
122000
122000
122000
122000
29655
10313
103931
122000
122000
122000
45777
5695
69548
122000
122000
122000
65232
5734
43165
122000
122000
122000
86558
9231
24524
122000
122000
122000
107707
15408
12536
96961
122000
122000
122000
24096
5919
64646
122000
122000
122000
34667
3524
40249
122000
122000
122000
46162
4107
23181
105316
122000
122000
57398
6598
12175
73996
122000
122000
67122
10434
5754
49148
120868
122000
74281
15316
2639
30686
92780
121562
78208
20716
1825
17884
68152
104594
78698
26069
2431
9639
47802
86697
75982
30806
3867
4735
31919
69282
70636
34465
5881
2116
20215
53395
63419
36771
8283
1015
12086
39690
55153
37655
10839
890
6780
28445
46575
37228
13342
1344
3542
19639
38293
35724
15618
2174
1702
13044
30716
33438
17554
3324
771
8314
24084
30666
19107
4748
445
5071
18485
27667
20290
6402
531
2946
13895
24638
21155
8264
922
1619
10227
21716
21771
10321
1607
835
7358
18973
22203
12580
2645
432
5157
16440
22503
15065
4111
342
3505
14113
22695
17806
6106
548
2293
11971
22775
20827
8755
1090
1426
9991
22712
24137
12204
2097
835
8154
22443
27704
16605
3790
516
6457
21889
31448
22107
6451
543
4913
20966
35214
28818
10438
1033
3547
19600
38772
36766
16163
2198
2384
17759
41819
45858
24056
4432
1486
15471
44002
55821
34496
8306
1023
12840
44955
66177
47736
14521
1270
10046
44373
76233
63797
23890
2563
7307
42089
85124
82354
37218
5409
4845
38132
91893
102666
55150
10707
2967
32766
95623
122000
77988
19567
2167
26488
95607
122000
105516
33203
3004
19943
91507
122000
122000
52762
6048
13780
83484
122000
122000
79014
12183
8589
72225
122000
122000
112066
22864
5032
58879
122000
122000
122000
39532
3948
44878
122000
122000
122000
63439
5966
31650
122000
122000
122000
95252
11634
20322
122000
122000
122000
122000
22044
11726
106531
122000
122000
122000
38718
6650
81305
122000
122000
122000
62659
5795
57803
122000
122000
122000
94238
9313
37849
122000
122000
122000
122000
17314
22424
122000
122000
122000
122000
30695
11978
118206
122000
122000
122000
50232
6793
84098
122000
122000
122000
75859
6751
55558
122000
122000
122000
106635
11186
33655
122000
122000
122000
122000
19667
18356
122000
122000
122000
122000
32541
9155
97976
122000
122000
122000
49564
5448
64846
122000
122000
122000
69807
6215
39729
122000
122000
122000
91681
10296
22213
122000
122000
122000
113038
17065
11155
92032
122000
122000
122000
26339
5302
60754
122000
122000
122000
37401
3514
37395
122000
122000
122000
49240
4536
21246
101393
122000
122000
60615
7358
10971
70659
122000
122000
70250
11517
5104
46506
118515
122000
77120
16673
2412
28737
90385
121770
80607
22266
1902
16548
65930
104174
80564
27710
2714
8792
45892
85853
77297
32426
4307
4244
30384
68198
71427
35965
6466
1878
19059
52230
63755
38072
8979
962
11271
38564
55126
38710
11604
963
6244
27438
46286
38018
14131
1507
3212
18793
37829
36255
16385
2415
1518
12370
30159
33733
18262
3639
690
7806
23495
30757
19727
5125
443
4706
17909
27590
20804
6828
590
2699
13362
24428
21552
8722
1034
1460
9753
21404
22046
10795
1779
742
6953
18586
22353
13053
2883
394
4823
16001
22527
15519
4421
356
3240
13642
22592
18222
6492
615
2092
11486
22545
21183
9218
1218
1280
9508
22352
24406
12739
2312
741
7689
21956
27857
17202
4117
482
6026
21279
31448
22743
6919
580
4532
20243
35022
29458
11075
1159
3227
18785
38349
37360
16990
2448
2133
16881
41129
46332
25078
4868
1321
14571
43015
56091
35698
8996
976
11967
43667
66135
49067
15540
1377
9249
42811
75770
65163
25305
2867
6627
40303
84136
83619
39069
6002
4320
36206
90304
103653
57425
11721
2648
30816
93401
122000
80618
21137
2127
24640
92780
122000
108344
35460
3297
18313
88182
122000
122000
55794
6750
12450
79828
122000
122000
82813
13473
7629
68461
122000
122000
116525
24949
4538
55261
122000
122000
122000
42591
4001
41638
122000
122000
122000
67601
6610
28964
122000
122000
122000
100517
12957
18279
122000
122000
122000
122000
24300
10390
100764
122000
122000
122000
42109
6109
76113
122000
122000
122000
67323
6063
53464
122000
122000
122000
100178
10369
34497
122000
122000
122000
122000
19241
20075
122000
122000
122000
122000
33721
10619
111534
122000
122000
122000
54451
6421
78501
122000
122000
122000
81270
7258
51208
122000
122000
122000
113057
12471
30533
122000
122000
122000
122000
21801
16357
122000
122000
122000
122000
35619
8165
92186
122000
122000
122000
53549
5347
60334
122000
122000
122000
74559
6819
36474
122000
122000
122000
96934
11478
20054
122000
122000
122000
118449
18859
9901
87206
122000
122000
122000
28720
4798
56986
122000
122000
122000
40265
3596
34664
122000
122000
122000
52426
5039
19419
97478
122000
122000
63901
8194
9854
67373
122000
122000
73413
12682
4524
43929
116077
122000
79959
18106
2244
26857
87947
121855
82975
23882
2023
15275
63701
103653
82385
29400
3034
7995
43995
84927
78551
34077
4787
3793
28877
67057
72148
37475
7091
1672
17937
51030
64029
39366
9710
935
10488
37424
55042
39744
12398
1057
5735
26431
45946
38780
14939
1689
2904
17956
37332
36754
17163
2676
1350
11712
29580
33995
18972
3974
624
7314
22894
30817
20342
5519
454
4359
17328
27485
21306
7268
659
2466
12830
24195
21933
9190
1158
1313
9287
21073
22300
11274
1963
658
6558
18187
22481
13526
3135
366
4502
15556
22528
15967
4744
380
2989
13169
22466
18625
6889
691
1903
11004
22293
21521
9689
1360
1146
9033
21975
24653
13277
2541
659
7237
21454
27982
17795
4461
460
5613
20660
31416
23369
7405
630
4171
19519
34796
30079
11729
1301
2927
17977
37890
37923
17830
2720
1904
16020
40404
46764
26106
5333
1179
13698
42001
56299
36892
9720
957
11130
42367
66023
50374
16597
1512
8495
41245
75230
66482
26757
3205
5992
38531
83072
84815
40948
6644
3842
34319
88645
104540
59713
12798
2384
28926
91121
122000
83226
22782
2145
22871
89926
122000
111113
37799
3651
16772
84857
122000
122000
58895
7525
11212
76210
122000
122000
86663
14866
6764
64781
122000
122000
120995
27156
4147
51759
122000
122000
122000
45788
4156
38543
122000
122000
122000
71901
7356
26430
122000
122000
122000
105898
14411
16387
119232
122000
122000
122000
26722
9207
95141
122000
122000
122000
45688
5721
71111
122000
122000
122000
72183
6470
49329
122000
122000
122000
106295
11560
31344
122000
122000
122000
122000
21347
17915
122000
122000
122000
122000
36955
9445
105042
122000
122000
122000
58895
6220
73120
122000
122000
122000
86894
7915
47077
122000
122000
122000
119657
13902
27611
122000
122000
122000
122000
24118
14533
122000
122000
122000
122000
38892
7341
86574
122000
122000
122000
57722
5388
56006
122000
122000
122000
79481
7545
33394
122000
122000
122000
102315
12785
18045
119529
122000
122000
122000
20793
8774
82493
122000
122000
122000
31238
4406
53344
122000
122000
122000
43254
3767
32058
122000
122000
122000
55709
5619
17698
93582
122000
122000
67257
9112
8822
64137
122000
122000
76607
13930
4015
41422
113559
122000
82794
19616
2134
25048
85471
121817
85313
25562
2190
14066
61464
103028
84148
31138
3393
7248
42116
83920
79735
35755
5309
3380
27399
65861
72804
38992
7756
1498
16848
49804
64233
40651
10476
933
9739
36272
54903
40759
13219
1171
5255
25426
45568
39513
15767
1889
2617
17130
36802
37221
17950
2958
1198
11069
28978
34224
19682
4327
571
6840
22282
30846
20949
5930
476
4027
16745
27352
21795
7721
740
2247
12303
23938
22295
9668
1293
1176
8829
20726
22534
11757
2161
585
6175
17775
22586
13997
3400
347
4194
15103
22506
16408
5079
412
2751
12696
22318
19017
7297
778
1726
10527
22020
21841
10167
1513
1023
8568
21579
24876
13819
2786
588
6799
20940
28079
18386
4822
451
5217
20034
31353
23983
7908
694
3829
18796
34535
30678
12399
1458
2647
17178
37396
38452
18683
3015
1694
15178
39644
47154
27139
5827
1061
12854
40967
56457
38078
10479
963
10329
41052
65845
51651
17692
1676
7782
39682
74617
67755
28244
3579
5400
36782
81934
85934
42849
7338
3409
32474
86917
105327
62004
13939
2172
27100
88796
122000
85814
24503
2217
21180
87048
122000
113821
40215
4064
15317
81544
122000
122000
62062
8379
10064
72646
122000
122000
90554
16363
5995
61190
122000
122000
122000
29488
3858
48384
122000
122000
122000
49125
4409
35593
122000
122000
122000
76337
8203
24044
122000
122000
122000
111387
16003
14644
113439
122000
122000
122000
29315
8177
89667
122000
122000
122000
49460
5484
66293
122000
122000
122000
77240
7017
45403
122000
122000
122000
112587
12888
28386
122000
122000
122000
122000
23639
15937
122000
122000
122000
122000
40400
8454
98743
122000
122000
122000
63554
6185
67955
122000
122000
122000
92722
8721
43162
122000
122000
122000
122000
15488
24886
122000
122000
122000
122000
26622
12886
118048
122000
122000
122000
42359
6681
81143
122000
122000
122000
62092
5566
51871
122000
122000
122000
84572
8389
30486
122000
122000
122000
107819
14222
16184
113925
122000
122000
122000
22872
7776
77891
122000
122000
122000
33896
4125
49834
122000
122000
122000
46371
4024
29576
122000
122000
122000
59095
6272
16079
89714
122000
122000
70671
10113
7874
60955
122000
122000
79824
15262
3577
38984
110966
122000
85617
21202
2082
23311
82964
121655
87608
27306
2402
12920
59227
102299
85853
32920
3791
6550
40253
82840
80854
37458
5874
3004
25952
64615
73390
40516
8461
1355
15795
48546
64376
41927
11277
956
9023
35111
54710
41750
14068
1306
4802
24424
45140
40219
16611
2110
2352
16316
36240
37654
18745
3260
1063
10443
28357
34419
20391
4700
533
6384
21659
30843
21548
6358
510
3713
16160
27192
22269
8187
832
2042
11779
23659
22639
10153
1441
1051
8380
20361
22746
12243
2372
521
5804
17353
22668
14465
3678
338
3898
14646
22461
16840
5427
454
2525
12223
22149
19394
7715
874
1562
10055
21728
22142
10652
1680
911
8112
21168
25075
14363
3047
529
6376
20414
28147
18971
5199
454
4839
19403
31257
24584
8429
771
3507
18074
34241
31254
13085
1632
2386
16389
36870
38946
19545
3333
1504
14355
38861
47493
28173
6349
966
12037
39906
56554
39254
11272
995
9565
39729
65602
52901
18823
1868
7110
38126
73934
68974
29763
3991
4852
35058
80723
86975
44774
8084
3023
30675
85131
106014
64295
15145
2013
25337
86427
122000
88371
26297
2344
19568
84152
122000
116459
42706
4536
13948
78250
122000
122000
65298
9313
9005
69140
122000
122000
94485
17966
5321
57695
122000
122000
122000
31945
3669
45136
122000
122000
122000
52600
4760
32787
122000
122000
122000
80896
9151
21804
122000
122000
122000
116972
17736
13045
107753
122000
122000
122000
32080
7298
84352
122000
122000
122000
53422
5394
61668
122000
122000
122000
82493
7701
41677
122000
122000
122000
119043
14363
25623
122000
122000
122000
122000
26120
14143
122000
122000
122000
122000
44053
7644
92641
122000
122000
122000
68441
6312
63010
122000
122000
122000
98762
9672
39463
122000
122000
122000
122000
17237
22356
122000
122000
122000
122000
29319
11414
111588
122000
122000
122000
46027
6182
75901
122000
122000
122000
66656
5877
47929
122000
122000
122000
89818
9351
27748
122000
122000
122000
113431
15796
14468
108409
122000
122000
122000
25096
6905
73417
122000
122000
122000
36696
3952
46456
122000
122000
122000
49615
4369
27218
120563
122000
122000
62571
7000
14561
85876
122000
122000
74146
11202
7007
57834
122000
122000
83060
16679
3208
36621
108313
122000
88425
22866
2086
21647
80429
121369
89856
29113
2659
11836
56989
101474
87496
34746
4231
5900
38417
81687
81899
39181
6484
2665
24540
63323
73903
42039
9207
1244
14779
47262
64453
43189
12113
1004
8341
33943
54459
42718
14943
1463
4376
23429
44674
40886
17473
2352
2107
15516
35648
38051
19546
3584
945
9835
27718
34579
21097
5091
510
5946
21028
30808
22137
6802
556
3415
15575
27005
22728
8665
935
1850
11262
23359
22963
10645
1602
937
7940
19981
22936
12731
2597
467
5444
16921
22728
14930
3969
338
3616
14185
22393
17263
5787
505
2312
11752
21957
19757
8143
980
1408
9590
21417
22422
11144
1860
809
7668
20741
25249
14907
3322
481
5967
19878
28186
19550
5594
470
4478
18767
31130
25170
8967
862
3203
17355
33914
31806
13786
1823
2145
15612
36312
39409
20417
3675
1335
13553
38047
47790
29207
6901
894
11251
38830
56596
40411
12099
1051
8836
38395
65294
54116
19989
2090
6477
36578
73178
70139
31312
4443
4345
33362
79446
87939
46714
8883
2683
28924
83284
106592
66582
16415
1906
23641
84017
122000
90890
28166
2523
18035
81247
122000
119024
45271
5067
12661
74979
122000
122000
68588
10333
8032
65695
122000
122000
98442
19677
4741
54301
122000
122000
122000
34528
3579
42016
122000
122000
122000
56206
5207
30125
122000
122000
122000
85583
10205
19708
122000
122000
122000
122000
19617
11588
102180
122000
122000
122000
35017
6569
79199
122000
122000
122000
57580
5446
57236
122000
122000
122000
87932
8521
38152
122000
122000
122000
122000
15994
23053
122000
122000
122000
122000
28797
12530
119977
122000
122000
122000
47921
7012
86744
122000
122000
122000
73548
6593
58293
122000
122000
122000
104996
10767
35972
122000
122000
122000
122000
19157
20016
122000
122000
122000
122000
32212
10119
105293
122000
122000
122000
49896
5842
70848
122000
122000
122000
71404
6319
44172
122000
122000
122000
95222
10428
25174
122000
122000
122000
119148
17511
12893
102994
122000
122000
122000
27469
6160
69066
122000
122000
122000
39636
3886
43216
122000
122000
122000
52978
4800
24983
116158
122000
122000
66142
7808
13144
82080
122000
122000
77672
12380
6220
54783
122000
122000
86304
18182
2909
34334
105593
122000
91206
24606
2143
20057
77868
120960
92059
30980
2961
10813
54764
100548
89069
36610
4715
5297
36607
80464
82871
40924
7139
2363
23163
61988
74343
43563
9994
1163
13801
45962
64465
44431
12984
1075
7693
32770
54154
43655
15844
1639
3976
22441
44164
41526
18349
2616
1882
14732
35027
38413
20352
3930
842
9245
27061
34705
21800
5503
500
5527
20389
30742
22714
7262
614
3133
14990
26792
23170
9155
1049
1671
10750
23038
23267
11144
1775
833
7510
19586
23104
13220
2835
423
5097
16480
22764
15390
4273
348
3346
13720
22302
17677
6159
565
2112
11282
21745
20104
8580
1097
1266
9131
21087
22683
11639
2053
718
7236
20299
25399
15450
3613
446
5573
19332
28197
20122
6004
498
4134
18129
30971
25740
9521
967
2917
16641
33555
32332
14500
2033
1922
14849
35723
39833
21297
4042
1185
12773
37209
48037
30238
7482
845
10494
37734
56581
41557
12959
1132
8143
37059
64920
55300
21188
2339
5883
35042
72356
71246
32889
4935
3880
31696
78104
88819
48670
9736
2390
27222
81386
107063
68862
17749
1850
22012
81575
122000
93370
30106
2756
16580
78335
122000
121508
47902
5657
11457
71739
122000
122000
71932
11440
7143
62316
122000
122000
102419
21497
4256
51007
122000
122000
122000
37237
3584
39023
122000
122000
122000
59948
5751
27605
122000
122000
122000
90385
11372
17755
118349
122000
122000
122000
21649
10274
96730
122000
122000
122000
38129
5989
74212
122000
122000
122000
61927
5637
53001
122000
122000
122000
93555
9475
34824
122000
122000
122000
122000
17788
20671
122000
122000
122000
122000
31674
11102
113308
122000
122000
122000
52010
6556
81054
122000
122000
122000
78871
7028
53796
122000
122000
122000
111422
12002
32689
122000
122000
122000
122000
21256
17864
122000
122000
122000
122000
35304
9000
99167
122000
122000
122000
53965
5657
65992
122000
122000
122000
76345
6893
40608
122000
122000
122000
100776
11628
22766
122000
122000
122000
122000
19374
11457
97682
122000
122000
122000
29991
5542
64850
122000
122000
122000
42722
3922
40111
122000
122000
122000
56461
5316
22869
111765
122000
122000
69795
8701
11826
78331
122000
122000
81239
13649
5514
51802
122000
122000
89555
19771
2678
32127
102820
122000
93956
26423
2255
18540
75296
120428
94203
32905
3306
9850
52546
99530
90574
38512
5246
4742
34826
79172
83766
42679
7840
2099
21824
60611
74709
45082
10821
1114
12860
44639
64411
45657
13888
1170
7077
31596
53796
44566
16768
1836
3601
21464
43613
42124
19238
2902
1676
13963
34379
38737
21162
4297
757
8674
26389
34795
22497
5933
503
5125
19745
30645
23279
7739
683
2867
14406
26553
23595
9656
1175
1505
10246
22697
23550
11649
1963
740
7091
19177
23249
13708
3086
389
4763
16031
22777
15844
4590
366
3090
13254
22189
18078
6541
635
1924
10816
21512
20434
9025
1226
1134
8681
20740
22922
12140
2260
638
6815
19845
25522
15992
3919
421
5195
18778
28179
20686
6432
537
3808
17488
30782
26293
10091
1085
2649
15934
33165
32831
15227
2262
1717
14099
35106
40219
22182
4434
1055
12016
36347
48234
31265
8092
819
9767
36625
56503
42679
13852
1238
7487
35722
64480
56442
22419
2617
5326
33521
71465
72291
34491
5469
3454
30063
76700
89613
50633
10643
2142
25573
79438
107426
71130
19150
1843
20450
79103
122000
95804
32117
3042
15203
75427
122000
122000
50602
6312
10333
68534
122000
122000
75326
12636
6339
59011
122000
122000
106411
23426
3863
47821
122000
122000
122000
40072
3682
36161
122000
122000
122000
63813
6390
25225
122000
122000
122000
95295
12658
15943
112864
122000
122000
122000
23835
9103
91411
122000
122000
122000
41418
5554
69402
122000
122000
122000
66463
5961
48963
122000
122000
122000
99353
10559
31690
122000
122000
122000
122000
19752
18476
122000
122000
122000
122000
34753
9855
106812
122000
122000
122000
56311
6272
75577
122000
122000
122000
84410
7613
49518
122000
122000
122000
118029
13380
29609
122000
122000
122000
122000
23539
15895
122000
122000
122000
122000
38595
8054
93224
122000
122000
122000
58239
5624
61333
122000
122000
122000
81463
7596
37233
122000
122000
122000
106465
12957
20520
122000
122000
122000
122000
21386
10160
92487
122000
122000
122000
32663
5047
60773
122000
122000
122000
45946
4059
37141
122000
122000
122000
60064
5917
20874
107387
122000
122000
73525
9683
10606
74636
122000
122000
84846
15012
4889
48893
122000
122000
92803
21447
2514
29999
100001
122000
96672
28315
2418
17096
72711
119780
96286
34886
3696
8945
50347
98419
92005
40446
5824
4232
33078
77818
84580
44446
8588
1873
20524
59196
74999
46594
11690
1094
11958
43300
64291
46857
14826
1289
6495
30422
53387
45441
17716
2055
3252
20497
43023
42691
20140
3211
1490
13212
33706
39023
21973
4686
688
8122
25703
34850
23187
6384
521
4743
19097
30517
23831
8230
765
2617
13827
26288
24001
10167
1314
1351
9750
22337
23811
12158
2163
656
6684
18755
23371
14195
3351
365
4442
15575
22766
16291
4920
394
2847
12786
22054
18468
6935
714
1748
10353
21259
20748
9478
1366
1014
8239
20377
23139
12643
2481
568
6407
19378
25621
16531
4241
408
4832
18217
28132
21239
6875
589
3499
16848
30563
26828
10675
1218
2399
15233
32745
33302
15964
2511
1529
13365
34462
40566
23071
4850
946
11282
35464
48384
32285
8733
816
9072
35504
56372
43783
14778
1368
6866
34385
63979
57545
23681
2926
4807
32017
70517
73274
36115
6048
3068
28466
75238
90323
52604
11605
1941
23976
77444
107684
73375
20615
1885
18956
76611
122000
98184
34198
3380
13903
72522
122000
122000
53364
7034
9289
65375
122000
122000
78759
13925
5618
55782
122000
122000
110407
25465
3563
44743
122000
122000
122000
43034
3870
33431
122000
122000
122000
67805
7122
22982
122000
122000
122000
100305
14069
14269
107464
122000
122000
122000
26179
8073
86223
122000
122000
122000
44886
5262
64765
122000
122000
122000
71188
6418
45121
122000
122000
122000
105323
11774
28747
122000
122000
122000
122000
21894
16462
122000
122000
122000
122000
38038
8790
100498
122000
122000
122000
60839
6155
70320
122000
122000
122000
90165
8349
45464
122000
122000
122000
122000
14911
26731
122000
122000
122000
122000
26013
14106
122000
122000
122000
122000
42093
7280
87465
122000
122000
122000
62717
5737
56870
122000
122000
122000
86767
8426
34042
122000
122000
122000
112290
14423
18435
122000
122000
122000
122000
23553
9001
87415
122000
122000
122000
35487
4674
56839
122000
122000
122000
49314
4292
34311
122000
122000
122000
63774
6600
18996
103032
122000
122000
77332
10757
9481
70999
122000
122000
88479
16469
4344
46066
122000
122000
96043
23211
2418
27954
97139
122000
99349
30282
2633
15726
70123
119009
98307
36922
4130
8098
48168
97216
93355
42413
6452
3765
31365
76399
85316
46224
9382
1684
19265
57745
75215
48095
12601
1104
11095
41950
64106
48033
15796
1433
5945
29252
52924
46282
18684
2297
2927
19544
42398
43216
21051
3544
1322
12480
33008
39274
22784
5096
635
7590
25005
34870
23868
6853
552
4379
18445
30359
24366
8736
859
2382
13251
25999
24387
10687
1465
1209
9263
21958
24050
12671
2378
584
6289
18322
23469
14681
3630
350
4133
15113
22733
16731
5262
431
2617
12317
21897
18845
7339
803
1583
9896
20987
21044
9937
1519
904
7807
19997
23334
13147
2717
509
6013
18899
25693
17066
4577
406
4485
17651
28057
21780
7334
653
3208
16209
30313
27343
11274
1365
2165
14541
32296
33744
16711
2779
1360
12648
33791
40870
23962
5291
857
10573
34561
48484
33295
9402
834
8407
34373
56183
44859
15734
1523
6279
33053
63415
58602
24970
3265
4325
30534
69502
74189
37758
6671
2721
26907
73722
90944
54579
12623
1784
22436
75411
107831
75596
22145
1975
17532
74100
122000
100506
36344
3771
12677
69633
122000
122000
56183
7826
8324
62258
122000
122000
82227
15308
4982
52639
122000
122000
114399
27616
3353
41777
122000
122000
122000
46120
4146
30831
122000
122000
122000
71917
7947
20873
121065
122000
122000
105412
15608
12731
102157
122000
122000
122000
28682
7186
81185
122000
122000
122000
48535
5111
60310
122000
122000
122000
76098
7007
41472
122000
122000
122000
111456
13125
25991
122000
122000
122000
122000
24218
14625
122000
122000
122000
122000
41530
7904
94381
122000
122000
122000
65583
6202
65278
122000
122000
122000
96124
9233
41623
122000
122000
122000
122000
16604
24053
122000
122000
122000
122000
28681
12499
118469
122000
122000
122000
45792
6676
81899
122000
122000
122000
67396
5992
52612
122000
122000
122000
92240
9382
31033
122000
122000
122000
118241
16032
16507
119900
122000
122000
122000
25877
7982
82474
122000
122000
122000
38465
4422
53047
122000
122000
122000
52820
4622
31618
122000
122000
122000
67597
7366
17233
98708
122000
122000
81205
11927
8449
67431
122000
122000
92144
18023
3880
43324
122000
122000
99264
25064
2386
25991
94238
122000
101972
32321
2899
14428
67531
118122
100255
39007
4611
7307
46016
95924
94628
44404
7130
3343
29691
74925
85968
48002
10223
1532
18049
56264
75353
49580
13552
1142
10271
40589
63855
49183
16798
1600
5426
28086
52411
47088
19673
2562
2627
18606
41734
43702
21972
3902
1173
11767
32289
39482
23593
5529
597
7079
24296
34854
24539
7340
595
4033
17793
30170
24886
9256
965
2162
12680
25686
24752
11215
1630
1079
8786
21563
24266
13186
2607
521
5906
17878
23544
15162
3922
345
3838
14647
22676
17161
5617
477
2399
11850
21718
19207
7752
902
1429
9445
20696
21321
10402
1684
804
7385
19603
23507
13654
2966
460
5631
18411
25739
17596
4929
415
4154
17081
27953
22310
7809
729
2933
15572
30035
27837
11885
1527
1949
13859
31818
34155
17466
3069
1207
11949
33097
41140
24854
5758
787
9889
33641
48535
34295
10100
874
7773
33236
55936
45912
16721
1703
5727
31727
62791
59616
26287
3639
3879
29073
68426
75041
39416
7339
2414
25388
72152
91476
56550
13696
1673
20951
73344
107865
77791
23738
2110
16175
71577
122000
102766
38555
4213
11524
66764
122000
122000
59053
8691
7436
59196
122000
122000
85721
16785
4430
49580
122000
122000
118380
29881
3232
38926
122000
122000
122000
49325
4511
28362
122000
122000
122000
76140
8865
18896
115888
122000
122000
110604
17282
11325
96950
122000
122000
122000
31346
6439
76295
122000
122000
122000
52365
5096
56041
122000
122000
122000
81189
7727
38015
122000
122000
122000
117747
14623
23422
122000
122000
122000
122000
26731
12966
120417
122000
122000
122000
45233
7195
88460
122000
122000
122000
70547
6406
60461
122000
122000
122000
102288
10262
38001
122000
122000
122000
122000
18467
21572
122000
122000
122000
122000
31550
11073
111888
122000
122000
122000
49699
6238
76530
122000
122000
122000
72275
6385
48554
122000
122000
122000
97883
10460
28202
122000
122000
122000
122000
17790
14733
114010
122000
122000
122000
28360
7100
77668
122000
122000
122000
41599
4287
49402
122000
122000
122000
56461
5047
29063
122000
122000
122000
71519
8218
15582
94423
122000
122000
85139
13196
7509
63936
122000
122000
95819
19674
3495
40662
122000
122000
102465
27004
2418
24113
91310
122000
104544
34432
3218
13202
64947
117123
102130
41144
5142
6572
43891
94554
95812
46421
7861
2965
28056
73398
86539
49784
11112
1416
16875
54756
75415
51046
14544
1210
9486
39220
63543
50301
17830
1791
4939
26928
51848
47856
20681
2852
2350
17684
41040
44149
22898
4284
1043
11075
31548
39652
24398
5984
577
6589
23578
34802
25198
7846
652
3706
17140
29951
25388
9789
1084
1956
12116
25350
25096
11752
1810
961
8319
21150
24458
13703
2850
469
5535
17423
23595
15640
4228
350
3556
14177
22596
17582
5984
533
2194
11384
21519
19555
8175
1011
1287
9000
20387
21579
10873
1861
714
6973
19194
23656
14160
3230
422
5263
17914
25759
18120
5297
436
3838
16507
27821
22825
8298
817
2674
14938
29727
28308
12509
1705
1748
13188
31314
34534
18228
3379
1071
11268
32380
41368
25744
6249
737
9230
32706
48538
35280
10828
935
7170
32093
55636
46930
17736
1907
5208
30410
62108
60580
27628
4047
3468
27638
67300
75820
41090
8053
2146
23912
70536
91916
58513
14824
1605
19524
71246
107796
79951
25395
2292
14887
69051
122000
104957
40828
4707
10443
63917
122000
122000
61977
9633
6622
56191
122000
122000
89239
18359
3962
46610
122000
122000
122000
32257
3197
36189
122000
122000
122000
52650
4963
26023
122000
122000
122000
80472
9884
17051
110766
122000
122000
115873
19093
10049
91850
122000
122000
122000
34172
5831
71558
122000
122000
122000
56372
5214
51952
122000
122000
122000
86458
8575
34749
122000
122000
122000
122000
16274
21037
122000
122000
122000
122000
29436
11485
113821
122000
122000
122000
49148
6660
82740
122000
122000
122000
75731
6762
55863
122000
122000
122000
108644
11434
34587
122000
122000
122000
122000
20508
19283
122000
122000
122000
122000
34621
9828
105482
122000
122000
122000
53815
5964
71361
122000
122000
122000
77355
6917
44697
122000
122000
122000
103684
11664
25546
122000
122000
122000
122000
19702
13110
108228
122000
122000
122000
31004
6356
73004
122000
122000
122000
44886
4268
45908
122000
122000
122000
60237
5567
26642
122000
122000
122000
75542
9162
14044
90192
122000
122000
89127
14567
6660
60519
122000
122000
99507
21422
3189
38092
119248
122000
105632
29033
2511
22320
88364
122000
107055
36611
3588
12046
62374
116012
103923
43324
5725
5893
41796
93096
96911
48457
8644
2630
26465
71820
87021
51562
12049
1337
15745
53225
75404
52492
15576
1304
8740
37848
63165
51385
18891
2006
4482
25780
51238
48581
21705
3167
2096
16781
40311
44550
23830
4691
933
10404
30789
39783
25199
6461
572
6119
22852
34715
25844
8370
722
3397
16488
29703
25871
10335
1215
1764
11559
24991
25417
12294
2003
854
7864
20723
24626
14220
3107
428
5178
16960
23621
16112
4547
365
3288
13704
22493
17993
6362
597
2001
10922
21300
19887
8606
1131
1155
8562
20061
21816
11348
2052
633
6573
18773
23781
14665
3508
395
4910
17408
25753
18636
5679
467
3539
15932
27662
23326
8801
917
2431
14310
29392
28756
13144
1899
1564
12529
30784
34881
18996
3711
952
10606
31642
41553
26630
6766
707
8598
31758
48492
36250
11584
1017
6598
30949
55281
47921
18780
2135
4722
29105
61367
61495
28990
4491
3092
26230
66115
76530
42772
8814
1918
22479
68877
92263
60469
16009
1582
18154
69120
107611
82073
27114
2521
13666
66524
121234
107075
43162
5255
9433
61101
122000
122000
64939
10652
5883
53252
122000
122000
92772
20030
3576
43736
122000
122000
122000
34748
3247
33570
122000
122000
122000
56095
5503
23811
121508
122000
122000
84908
11010
15335
105705
122000
122000
121211
21045
8905
86867
122000
122000
122000
37163
5361
66983
122000
122000
122000
60565
5459
48049
122000
122000
122000
91897
9550
31670
122000
122000
122000
122000
18087
18833
122000
122000
122000
122000
32337
10183
107391
122000
122000
122000
53275
6296
77232
122000
122000
122000
81131
7271
51489
122000
122000
122000
115190
12747
31380
122000
122000
122000
122000
22733
17183
122000
122000
122000
122000
37898
8764
99256
122000
122000
122000
58143
5849
66401
122000
122000
122000
82628
7585
41036
122000
122000
122000
109640
13002
23065
122000
122000
122000
122000
21774
11636
102569
122000
122000
122000
33810
5748
68488
122000
122000
122000
48330
4359
42564
122000
122000
122000
64144
6181
24356
121998
122000
122000
79654
10201
12616
86015
122000
122000
93162
16042
5902
57178
122000
122000
103198
23268
2960
35612
116058
122000
108768
31148
2665
20611
85397
122000
109501
38857
4008
10958
59817
114789
105636
45541
6362
5267
39736
91569
97918
50509
9482
2340
24918
70196
87419
53337
13033
1293
14661
51670
75311
53915
16648
1427
8033
36475
62725
52430
19980
2246
4054
24645
50583
49267
22743
3510
1865
15896
39547
44913
24765
5123
841
9755
30013
39871
25993
6959
582
5671
22121
34593
26476
8912
806
3105
15839
29427
26334
10893
1359
1587
11011
24611
25716
12843
2211
758
7420
20281
24770
14736
3379
397
4834
16489
23624
16578
4879
388
3033
13230
22368
18391
6751
672
1821
10463
21060
20203
9045
1262
1034
8132
19719
22034
11826
2256
563
6184
18340
23883
15167
3800
378
4571
16897
25720
19144
6077
509
3255
15356
27475
23810
9318
1030
2204
13688
29030
29180
13789
2111
1395
11884
30230
35195
19768
4065
851
9965
30885
41696
27512
7309
697
7991
30799
48396
37202
12367
1120
6057
29805
54868
48878
19850
2389
4268
27814
60573
62355
30373
4971
2749
24852
64881
77162
44458
9622
1729
21092
67180
92518
62409
17250
1600
16844
66976
107321
84152
28893
2795
12512
63998
120243
109115
45545
5860
8493
58316
122000
122000
67940
11753
5216
50374
122000
122000
96309
21798
3273
40959
122000
122000
122000
37350
3379
31069
122000
122000
122000
59655
6127
21724
116729
122000
122000
89440
12247
13747
100722
122000
122000
122000
23142
7892
82011
122000
122000
122000
40319
5025
62571
122000
122000
122000
64931
5830
44330
122000
122000
122000
97505
10647
28773
122000
122000
122000
122000
20066
16806
122000
122000
122000
122000
35437
9058
101138
122000
122000
122000
57618
6100
71936
122000
122000
122000
86744
7929
47335
122000
122000
122000
121917
14209
28377
122000
122000
122000
122000
25149
15268
122000
122000
122000
122000
41383
7877
93220
122000
122000
122000
62683
5889
61645
122000
122000
122000
88090
8389
37574
122000
122000
122000
115738
14480
20755
122000
122000
122000
122000
24009
10312
97034
122000
122000
122000
36780
5274
64121
122000
122000
122000
51929
4559
39370
122000
122000
122000
68175
6887
22200
117142
122000
122000
83855
11342
11296
81899
122000
122000
97239
17623
5236
53931
122000
122000
106882
25214
2808
33224
112818
122000
111854
33350
2878
18986
82424
122000
111873
41167
4478
9938
57283
113462
107256
47802
7056
4694
37720
89964
98836
52573
10373
2093
23417
68526
87727
55096
14066
1284
13621
50101
75145
55312
17758
1578
7364
35104
62224
53441
21094
2511
3656
23523
49881
49908
23796
3879
1656
15033
38761
45229
25701
5580
769
9129
29221
39922
26777
7480
609
5243
21385
34437
27091
9470
904
2832
15193
29123
26775
11461
1518
1423
10471
24210
25990
13396
2434
673
6988
19825
24889
15251
3664
376
4504
16011
23602
17037
5225
421
2791
12754
22221
18777
7150
756
1652
10007
20800
20502
9491
1404
923
7712
19361
22230
12306
2474
503
5808
17896
23960
15667
4107
372
4246
16379
25661
19641
6488
562
2986
14780
27260
24277
9847
1156
1992
13073
28643
29578
14442
2340
1241
11252
29653
35475
20542
4440
767
9344
30110
41796
28386
7876
705
7412
29830
48249
38134
13178
1244
5546
28664
54405
49796
20945
2669
3845
26540
59724
63157
31773
5490
2440
23506
63597
77726
46151
10478
1579
19751
65444
92680
64330
18548
1660
15593
64812
106920
86180
30731
3115
11423
61483
119132
111067
47983
6526
7622
55574
122000
122000
70976
12935
4624
47570
122000
122000
99850
23666
3050
38278
122000
122000
122000
40064
3591
28686
122000
122000
122000
63319
6836
19761
111977
122000
122000
94061
13600
12284
95816
122000
122000
122000
25385
7010
77282
122000
122000
122000
43644
4821
58328
122000
122000
122000
69475
6327
40797
122000
122000
122000
103268
11873
26057
122000
122000
122000
122000
22220
14951
122000
122000
122000
122000
38737
8109
95071
122000
122000
122000
62177
6067
66856
122000
122000
122000
92568
8736
43397
122000
122000
122000
122000
15830
25577
122000
122000
122000
122000
27761
13537
122000
122000
122000
122000
45075
7167
87376
122000
122000
122000
67431
6079
57097
122000
122000
122000
93737
9325
34305
122000
122000
122000
121975
16107
18616
122000
122000
122000
122000
26410
9137
91634
122000
122000
122000
39914
4931
59909
122000
122000
122000
55682
4863
36329
122000
122000
122000
72333
7684
20173
112320
122000
122000
88132
12588
10083
77857
122000
122000
101343
19312
4661
50772
122000
122000
110550
27260
2731
30931
109535
122000
114893
35635
3150
17444
79446
122000
114168
43536
5000
8983
54772
112027
108787
50093
7807
4172
35744
88290
99657
54644
11319
1890
21965
66821
87947
56843
15147
1310
12627
48515
74902
56677
18905
1757
6733
33736
61664
54409
22233
2803
3287
22417
49140
50506
24859
4276
1469
14191
37944
45503
26637
6062
715
8525
28416
39929
27551
8022
650
4837
20647
34245
27689
10045
1014
2574
14553
28791
27195
12040
1691
1272
9942
23790
26239
13952
2672
599
6570
19358
24983
15763
3964
365
4187
15529
23556
17487
5582
464
2562
12279
22052
19149
7560
849
1493
9558
20523
20782
9942
1559
821
7300
18989
22404
12788
2704
452
5444
17442
24013
16162
4427
376
3936
15858
25576
20128
6913
626
2733
14207
27020
24726
10388
1295
1795
12466
28230
29950
15104
2587
1102
10636
29055
35720
21317
4837
700
8746
29321
41858
29251
8469
732
6858
28856
48056
39042
14015
1389
5064
27527
53888
50675
22063
2978
3453
25284
58822
63905
33188
6047
2164
22194
62270
78208
47844
11380
1467
18459
63678
92749
66227
19900
1760
14401
62636
106415
88159
32625
3480
10399
58984
117913
112934
50471
7255
6819
52878
122000
122000
74038
14200
4106
44843
122000
122000
103379
25632
2906
35699
122000
122000
122000
42888
3881
26420
119757
122000
122000
67091
7629
17917
107260
122000
122000
98766
15074
10943
91002
122000
122000
122000
27776
6259
72692
122000
122000
122000
47134
4747
54251
122000
122000
122000
74192
6947
37445
122000
122000
122000
109184
13233
23520
122000
122000
122000
122000
24552
13267
119514
122000
122000
122000
42244
7333
89193
122000
122000
122000
66956
6192
61992
122000
122000
122000
98593
9689
39679
122000
122000
122000
122000
17617
22976
122000
122000
122000
122000
30574
11991
117566
122000
122000
122000
48978
6629
81733
122000
122000
122000
72387
6414
52758
122000
122000
122000
99565
10391
31226
122000
122000
122000
122000
17889
16642
122000
122000
122000
122000
28982
8111
86381
122000
122000
122000
43219
4718
55859
122000
122000
122000
59585
5274
33439
122000
122000
122000
76603
8573
18272
107537
122000
122000
92483
13943
8973
73892
122000
122000
105474
21109
4177
47709
122000
122000
114199
29407
2728
28732
106211
122000
117871
38004
3482
15986
76468
122000
116378
45966
5579
8094
52291
110500
110226
52415
8618
3701
33813
86551
100382
56719
12321
1730
20562
65082
88074
58571
16276
1369
11679
46918
74586
58008
20089
1964
6139
32377
61047
55335
23396
3123
2945
21330
48353
51053
25931
4701
1304
13373
37102
45727
27569
6570
680
7946
27599
39898
28313
8586
706
4451
19907
34020
28267
10635
1139
2334
13919
28433
27591
12627
1879
1134
9424
23351
26464
14510
2925
537
6165
18879
25051
16272
4278
365
3885
15041
23487
17927
5953
515
2347
11806
21861
19507
7979
953
1347
9114
20227
21044
10399
1726
729
6899
18603
22557
13270
2948
412
5093
16979
24042
16652
4762
391
3640
15333
25466
20603
7353
701
2495
13636
26754
25155
10941
1448
1612
11869
27793
30294
15772
2853
978
10036
28436
35930
22091
5256
650
8169
28517
41873
30105
9087
777
6332
27876
47813
39925
14877
1556
4610
26398
53321
51516
23203
3315
3092
24050
57873
64596
34615
6644
1921
20917
60901
78613
49530
12331
1393
17216
61884
92718
68098
21307
1900
13268
60457
105802
90076
34573
3889
9437
56500
116579
114708
53001
8050
6082
50228
122000
122000
77120
15550
3661
42193
122000
122000
106897
27699
2841
33223
122000
122000
122000
45819
4251
24270
115433
122000
122000
70964
8510
16193
102589
122000
122000
103541
16672
9721
86281
122000
122000
122000
30316
5638
68241
122000
122000
122000
50795
4799
50351
122000
122000
122000
79076
7690
34276
122000
122000
122000
115240
14736
21160
122000
122000
122000
122000
27068
11755
113065
122000
122000
122000
45950
6728
83511
122000
122000
122000
71948
6470
57348
122000
122000
122000
104818
10785
36169
122000
122000
122000
122000
19580
20572
122000
122000
122000
122000
33591
10630
110939
122000
122000
122000
53098
6262
76298
122000
122000
122000
77556
6894
48631
122000
122000
122000
105563
11586
28332
122000
122000
122000
122000
19832
14832
118596
122000
122000
122000
31724
7234
81278
122000
122000
122000
46691
4631
51967
122000
122000
122000
63635
5788
30698
122000
122000
122000
80989
9560
16496
102805
122000
122000
96899
15409
7965
70007
122000
122000
109620
23015
3782
44739
122000
122000
117817
31653
2795
26630
102859
122000
120787
40454
3872
14609
73502
122000
118503
48446
6215
7270
49846
108872
111561
54764
9489
3281
31930
84749
101007
58795
13377
1613
19210
63307
88117
60280
17452
1461
10777
45318
74192
59300
21308
2198
5581
31027
60368
56218
24578
3472
2632
20262
47528
51559
27011
5155
1162
12578
36238
45908
28497
7102
663
7390
26772
39825
29061
9170
777
4086
19168
33761
28825
11239
1277
2109
13293
28050
27963
13222
2082
1009
8918
22895
26663
15070
3194
486
5774
18391
25095
16775
4607
375
3596
14550
23393
18357
6335
577
2143
11334
21649
19850
8407
1067
1210
8678
19914
21286
10861
1905
648
6508
18204
22687
13751
3206
382
4754
16509
24046
17135
5111
416
3359
14806
25330
21064
7804
788
2271
13069
26462
25563
11504
1615
1444
11283
27333
30610
16445
3137
869
9453
27799
36104
22863
5697
618
7614
27701
41846
30946
9730
840
5832
26894
47524
40786
15763
1744
4185
25278
52704
52311
24362
3683
2760
22839
56878
65221
36051
7280
1713
19678
59493
78941
51208
13330
1357
16022
60067
92599
69938
22768
2080
12193
58274
105084
91935
24362
3683
2760
22839
56878
65221
36051
7280
1713
19678
59493
78941
51208
13330
1357
16022
60067
92599
69938
22768
2080
12193
58274
105084
