0.695
0.7
0.705
0.735
0.755
0.785
0.81
0.87
0.955
1.015
0.955
0.9
0.81
0.785
0.755
0.735
0.725
0.735
0.765
0.755
0.785
0.77
0.755
0.705
0.71
0.715
0.72
0.75
0.765
0.795
0.825
0.885
0.975
1.03
0.975
0.915
0.825
0.795
0.765
0.75
0.735
0.75
0.78
0.765
0.795
0.785
0.765
0.72
0.795
0.8
0.81
0.84
0.86
0.895
0.93
0.995
1.095
1.16
1.095
1.03
0.93
0.895
0.86
0.84
0.83
0.84
0.875
0.86
0.895
0.88
0.86
0.81
0.63
0.635
0.64
0.665
0.68
0.71
0.735
0.785
0.865
0.92
0.865
0.815
0.735
0.71
0.68
0.665
0.655
0.665
0.69
0.68
0.71
0.695
0.68
0.64
0.645
0.65
0.655
0.68
0.7
0.725
0.75
0.805
0.885
0.94
0.885
0.83
0.75
0.725
0.7
0.68
0.67
0.68
0.71
0.7
0.725
0.715
0.7
0.655
0.67
0.675
0.685
0.71
0.73
0.755
0.785
0.84
0.925
0.98
0.925
0.865
0.785
0.755
0.73
0.71
0.7
0.71
0.74
0.73
0.755
0.745
0.73
0.685
0.725
0.73
0.74
0.77
0.785
0.815
0.845
0.91
1
1.06
1
0.94
0.845
0.815
0.785
0.77
0.755
0.77
0.8
0.785
0.815
0.805
0.785
0.74
0.78
0.785
0.79
0.825
0.84
0.875
0.905
0.97
1.07
1.135
1.07
1.005
0.905
0.875
0.84
0.825
0.81
0.825
0.855
0.84
0.875
0.86
0.84
0.79
0.84
0.845
0.85
0.885
0.91
0.945
0.98
1.05
1.155
1.22
1.155
1.085
0.98
0.945
0.91
0.885
0.875
0.885
0.92
0.91
0.945
0.93
0.91
0.85
0.96
0.97
0.98
1.02
1.045
1.085
1.125
1.205
1.325
1.405
1.325
1.245
1.125
1.085
1.045
1.02
1
1.02
1.06
1.045
1.085
1.065
1.045
0.98
0.9
0.91
0.915
0.955
0.975
1.015
1.05
1.125
1.24
1.315
1.24
1.165
1.05
1.015
0.975
0.955
0.94
0.955
0.99
0.975
1.015
1
0.975
0.915
0.8
0.81
0.815
0.85
0.87
0.9
0.935
1
1.105
1.17
1.105
1.035
0.935
0.9
0.87
0.85
0.835
0.85
0.88
0.87
0.9
0.89
0.87
0.815
0.725
0.73
0.735
0.765
0.785
0.815
0.845
0.905
0.995
1.055
0.995
0.935
0.845
0.815
0.785
0.765
0.755
0.765
0.795
0.785
0.815
0.8
0.785
0.735
0.64
0.645
0.65
0.675
0.69
0.72
0.745
0.8
0.88
0.93
0.88
0.825
0.745
0.72
0.69
0.675
0.665
0.675
0.7
0.69
0.72
0.705
0.69
0.65
0.685
0.69
0.7
0.725
0.745
0.775
0.8
0.86
0.945
1
0.945
0.885
0.8
0.775
0.745
0.725
0.715
0.725
0.755
0.745
0.775
0.76
0.745
0.7
0.615
0.62
0.625
0.65
0.665
0.69
0.715
0.77
0.845
0.895
0.845
0.795
0.715
0.69
0.665
0.65
0.64
0.65
0.675
0.665
0.69
0.68
0.665
0.625
0.625
0.63
0.635
0.66
0.675
0.7
0.725
0.78
0.855
0.91
0.855
0.805
0.725
0.7
0.675
0.66
0.65
0.66
0.685
0.675
0.7
0.69
0.675
0.635
0.665
0.67
0.675
0.705
0.72
0.75
0.775
0.83
0.915
0.97
0.915
0.86
0.775
0.75
0.72
0.705
0.695
0.705
0.73
0.72
0.75
0.74
0.72
0.675
0.64
0.645
0.65
0.68
0.695
0.72
0.75
0.8
0.88
0.935
0.88
0.83
0.75
0.72
0.695
0.68
0.67
0.68
0.705
0.695
0.72
0.71
0.695
0.65
0.65
0.655
0.66
0.69
0.705
0.73
0.76
0.815
0.895
0.95
0.895
0.84
0.76
0.73
0.705
0.69
0.675
0.69
0.715
0.705
0.73
0.72
0.705
0.66
0.665
0.67
0.675
0.705
0.72
0.75
0.775
0.83
0.915
0.97
0.915
0.86
0.775
0.75
0.72
0.705
0.695
0.705
0.73
0.72
0.75
0.74
0.72
0.675
0.595
0.6
0.605
0.625
0.64
0.665
0.69
0.74
0.815
0.865
0.815
0.765
0.69
0.665
0.64
0.625
0.62
0.625
0.65
0.64
0.665
0.655
0.64
0.605
0.6
0.605
0.61
0.635
0.65
0.675
0.7
0.75
0.825
0.875
0.825
0.775
0.7
0.675
0.65
0.635
0.625
0.635
0.66
0.65
0.675
0.665
0.65
0.61
0.665
0.67
0.675
0.705
0.72
0.75
0.775
0.83
0.915
0.97
0.915
0.86
0.775
0.75
0.72
0.705
0.695
0.705
0.73
0.72
0.75
0.74
0.72
0.675
0.685
0.69
0.695
0.725
0.74
0.77
0.8
0.855
0.94
0.995
0.94
0.885
0.8
0.77
0.74
0.725
0.71
0.725
0.75
0.74
0.77
0.76
0.74
0.695
0.74
0.745
0.75
0.78
0.8
0.83
0.86
0.925
1.015
1.075
1.015
0.955
0.86
0.83
0.8
0.78
0.77
0.78
0.81
0.8
0.83
0.82
0.8
0.75
0.74
0.745
0.75
0.78
0.8
0.83
0.86
0.925
1.015
1.075
1.015
0.955
0.86
0.83
0.8
0.78
0.77
0.78
0.81
0.8
0.83
0.82
0.8
0.75
0.725
0.73
0.74
0.77
0.785
0.815
0.845
0.91
1
1.06
1
0.94
0.845
0.815
0.785
0.77
0.755
0.77
0.8
0.785
0.815
0.805
0.785
0.74
0.66
0.665
0.67
0.7
0.715
0.74
0.77
0.825
0.905
0.96
0.905
0.85
0.77
0.74
0.715
0.7
0.685
0.7
0.725
0.715
0.74
0.73
0.715
0.67
0.795
0.8
0.81
0.84
0.86
0.895
0.93
0.995
1.095
1.16
1.095
1.03
0.93
0.895
0.86
0.84
0.83
0.84
0.875
0.86
0.895
0.88
0.86
0.81
0.7
0.705
0.71
0.74
0.755
0.785
0.815
0.875
0.96
1.02
0.96
0.905
0.815
0.785
0.755
0.74
0.73
0.74
0.77
0.755
0.785
0.775
0.755
0.71
0.68
0.685
0.69
0.72
0.735
0.765
0.795
0.85
0.935
0.995
0.935
0.88
0.795
0.765
0.735
0.72
0.71
0.72
0.75
0.735
0.765
0.755
0.735
0.69
0.81
0.82
0.825
0.86
0.88
0.91
0.945
1.015
1.115
1.185
1.115
1.045
0.945
0.91
0.88
0.86
0.845
0.86
0.89
0.88
0.91
0.9
0.88
0.825
0.71
0.715
0.72
0.75
0.765
0.795
0.825
0.885
0.975
1.03
0.975
0.915
0.825
0.795
0.765
0.75
0.735
0.75
0.78
0.765
0.795
0.785
0.765
0.72
0.54
0.545
0.55
0.575
0.585
0.61
0.63
0.675
0.745
0.79
0.745
0.7
0.63
0.61
0.585
0.575
0.565
0.575
0.595
0.585
0.61
0.6
0.585
0.55
0.6
0.605
0.61
0.635
0.65
0.675
0.7
0.75
0.825
0.875
0.825
0.775
0.7
0.675
0.65
0.635
0.625
0.635
0.66
0.65
0.675
0.665
0.65
0.61
0.655
0.66
0.665
0.695
0.71
0.74
0.765
0.82
0.905
0.955
0.905
0.85
0.765
0.74
0.71
0.695
0.685
0.695
0.72
0.71
0.74
0.73
0.71
0.665
0.645
0.65
0.655
0.68
0.7
0.725
0.75
0.805
0.885
0.94
0.885
0.83
0.75
0.725
0.7
0.68
0.67
0.68
0.71
0.7
0.725
0.715
0.7
0.655
0.64
0.645
0.65
0.675
0.69
0.72
0.745
0.8
0.88
0.93
0.88
0.825
0.745
0.72
0.69
0.675
0.665
0.675
0.7
0.69
0.72
0.705
0.69
0.65
0.615
0.62
0.625
0.655
0.67
0.695
0.72
0.77
0.85
0.9
0.85
0.795
0.72
0.695
0.67
0.655
0.645
0.655
0.68
0.67
0.695
0.685
0.67
0.625
0.615
0.62
0.625
0.65
0.665
0.69
0.715
0.77
0.845
0.895
0.845
0.795
0.715
0.69
0.665
0.65
0.64
0.65
0.675
0.665
0.69
0.68
0.665
0.625
0.63
0.635
0.64
0.665
0.68
0.71
0.735
0.785
0.865
0.92
0.865
0.815
0.735
0.71
0.68
0.665
0.655
0.665
0.69
0.68
0.71
0.695
0.68
0.64
0.64
0.645
0.65
0.68
0.695
0.72
0.75
0.8
0.88
0.935
0.88
0.83
0.75
0.72
0.695
0.68
0.67
0.68
0.705
0.695
0.72
0.71
0.695
0.65
0.68
0.685
0.69
0.715
0.735
0.76
0.79
0.845
0.93
0.99
0.93
0.875
0.79
0.76
0.735
0.715
0.705
0.715
0.745
0.735
0.76
0.75
0.735
0.69
0.685
0.69
0.7
0.725
0.745
0.775
0.8
0.86
0.945
1
0.945
0.885
0.8
0.775
0.745
0.725
0.715
0.725
0.755
0.745
0.775
0.76
0.745
0.7
0.695
0.7
0.705
0.735
0.755
0.785
0.81
0.87
0.955
1.015
0.955
0.9
0.81
0.785
0.755
0.735
0.725
0.735
0.765
0.755
0.785
0.77
0.755
0.705
0.675
0.68
0.685
0.715
0.73
0.76
0.785
0.845
0.93
0.985
0.93
0.87
0.785
0.76
0.73
0.715
0.705
0.715
0.74
0.73
0.76
0.75
0.73
0.685
0.705
0.71
0.715
0.745
0.765
0.795
0.82
0.88
0.97
1.03
0.97
0.91
0.82
0.795
0.765
0.745
0.735
0.745
0.775
0.765
0.795
0.78
0.765
0.715
0.72
0.725
0.73
0.76
0.78
0.81
0.84
0.9
0.99
1.05
0.99
0.93
0.84
0.81
0.78
0.76
0.75
0.76
0.79
0.78
0.81
0.8
0.78
0.73
0.795
0.8
0.81
0.84
0.86
0.895
0.93
0.995
1.095
1.16
1.095
1.03
0.93
0.895
0.86
0.84
0.83
0.84
0.875
0.86
0.895
0.88
0.86
0.81
0.81
0.82
0.825
0.86
0.88
0.91
0.945
1.015
1.115
1.185
1.115
1.045
0.945
0.91
0.88
0.86
0.845
0.86
0.89
0.88
0.91
0.9
0.88
0.825
0.855
0.865
0.87
0.905
0.93
0.965
1
1.07
1.18
1.25
1.18
1.105
1
0.965
0.93
0.905
0.89
0.905
0.94
0.93
0.965
0.95
0.93
0.87
0.735
0.74
0.745
0.78
0.795
0.825
0.86
0.92
1.01
1.07
1.01
0.95
0.86
0.825
0.795
0.78
0.765
0.78
0.81
0.795
0.825
0.815
0.795
0.745
0.81
0.815
0.82
0.855
0.875
0.91
0.945
1.01
1.11
1.18
1.11
1.045
0.945
0.91
0.875
0.855
0.84
0.855
0.89
0.875
0.91
0.895
0.875
0.82
0.9
0.91
0.915
0.955
0.975
1.015
1.05
1.125
1.24
1.315
1.24
1.165
1.05
1.015
0.975
0.955
0.94
0.955
0.99
0.975
1.015
1
0.975
0.915
0.74
0.745
0.755
0.785
0.805
0.835
0.865
0.925
1.02
1.08
1.02
0.955
0.865
0.835
0.805
0.785
0.77
0.785
0.815
0.805
0.835
0.82
0.805
0.755
0.865
0.875
0.88
0.915
0.94
0.975
1.01
1.08
1.19
1.26
1.19
1.12
1.01
0.975
0.94
0.915
0.9
0.915
0.95
0.94
0.975
0.96
0.94
0.88
0.9
0.91
0.915
0.955
0.975
1.015
1.05
1.125
1.24
1.315
1.24
1.165
1.05
1.015
0.975
0.955
0.94
0.955
0.99
0.975
1.015
1
0.975
0.915
0.875
0.88
0.89
0.925
0.945
0.985
1.02
1.095
1.2
1.275
1.2
1.13
1.02
0.985
0.945
0.925
0.91
0.925
0.96
0.945
0.985
0.97
0.945
0.89
0.785
0.795
0.8
0.835
0.85
0.885
0.92
0.985
1.08
1.145
1.08
1.015
0.92
0.885
0.85
0.835
0.82
0.835
0.865
0.85
0.885
0.87
0.85
0.8
0.73
0.735
0.74
0.77
0.79
0.82
0.85
0.91
1.005
1.065
1.005
0.94
0.85
0.82
0.79
0.77
0.76
0.77
0.8
0.79
0.82
0.81
0.79
0.74
0.665
0.67
0.675
0.705
0.72
0.75
0.775
0.83
0.915
0.97
0.915
0.86
0.775
0.75
0.72
0.705
0.695
0.705
0.73
0.72
0.75
0.74
0.72
0.675
0.58
0.585
0.585
0.61
0.625
0.65
0.675
0.72
0.795
0.84
0.795
0.745
0.675
0.65
0.625
0.61
0.6
0.61
0.635
0.625
0.65
0.64
0.625
0.585
0.65
0.655
0.66
0.69
0.705
0.73
0.76
0.815
0.895
0.95
0.895
0.84
0.76
0.73
0.705
0.69
0.675
0.69
0.715
0.705
0.73
0.72
0.705
0.66
0.57
0.575
0.58
0.605
0.62
0.645
0.665
0.715
0.785
0.835
0.785
0.74
0.665
0.645
0.62
0.605
0.595
0.605
0.63
0.62
0.645
0.635
0.62
0.58
0.63
0.635
0.64
0.665
0.68
0.71
0.735
0.785
0.865
0.92
0.865
0.815
0.735
0.71
0.68
0.665
0.655
0.665
0.69
0.68
0.71
0.695
0.68
0.64
0.655
0.66
0.665
0.69
0.71
0.735
0.76
0.815
0.9
0.955
0.9
0.845
0.76
0.735
0.71
0.69
0.68
0.69
0.72
0.71
0.735
0.725
0.71
0.665
0.6
0.605
0.61
0.635
0.65
0.675
0.7
0.75
0.825
0.875
0.825
0.775
0.7
0.675
0.65
0.635
0.625
0.635
0.66
0.65
0.675
0.665
0.65
0.61
0.535
0.54
0.545
0.565
0.58
0.6
0.625
0.67
0.735
0.78
0.735
0.69
0.625
0.6
0.58
0.565
0.56
0.565
0.59
0.58
0.6
0.595
0.58
0.545
0.535
0.54
0.545
0.565
0.58
0.6
0.625
0.67
0.735
0.78
0.735
0.69
0.625
0.6
0.58
0.565
0.56
0.565
0.59
0.58
0.6
0.595
0.58
0.545
0.555
0.56
0.565
0.59
0.605
0.625
0.65
0.695
0.765
0.81
0.765
0.72
0.65
0.625
0.605
0.59
0.58
0.59
0.61
0.605
0.625
0.615
0.605
0.565
0.56
0.565
0.57
0.59
0.605
0.63
0.655
0.7
0.77
0.815
0.77
0.725
0.655
0.63
0.605
0.59
0.585
0.59
0.615
0.605
0.63
0.62
0.605
0.57
0.57
0.575
0.58
0.605
0.62
0.645
0.665
0.715
0.785
0.835
0.785
0.74
0.665
0.645
0.62
0.605
0.595
0.605
0.63
0.62
0.645
0.635
0.62
0.58
0.67
0.675
0.685
0.71
0.73
0.755
0.785
0.84
0.925
0.98
0.925
0.865
0.785
0.755
0.73
0.71
0.7
0.71
0.74
0.73
0.755
0.745
0.73
0.685
0.815
0.82
0.83
0.86
0.88
0.915
0.95
1.015
1.12
1.185
1.12
1.05
0.95
0.915
0.88
0.86
0.85
0.86
0.895
0.88
0.915
0.9
0.88
0.83
0.755
0.765
0.77
0.8
0.82
0.85
0.88
0.945
1.04
1.105
1.04
0.975
0.88
0.85
0.82
0.8
0.79
0.8
0.83
0.82
0.85
0.84
0.82
0.77
0.64
0.645
0.65
0.68
0.695
0.72
0.75
0.8
0.88
0.935
0.88
0.83
0.75
0.72
0.695
0.68
0.67
0.68
0.705
0.695
0.72
0.71
0.695
0.65
0.615
0.62
0.625
0.65
0.665
0.69
0.715
0.77
0.845
0.895
0.845
0.795
0.715
0.69
0.665
0.65
0.64
0.65
0.675
0.665
0.69
0.68
0.665
0.625
0.51
0.515
0.52
0.54
0.555
0.575
0.595
0.64
0.705
0.745
0.705
0.66
0.595
0.575
0.555
0.54
0.53
0.54
0.56
0.555
0.575
0.565
0.555
0.52
0.61
0.615
0.62
0.645
0.66
0.685
0.71
0.76
0.835
0.885
0.835
0.785
0.71
0.685
0.66
0.645
0.635
0.645
0.67
0.66
0.685
0.675
0.66
0.62
0.67
0.675
0.685
0.71
0.73
0.755
0.785
0.84
0.925
0.98
0.925
0.865
0.785
0.755
0.73
0.71
0.7
0.71
0.74
0.73
0.755
0.745
0.73
0.685
0.61
0.615
0.62
0.645
0.66
0.685
0.71
0.76
0.835
0.885
0.835
0.785
0.71
0.685
0.66
0.645
0.635
0.645
0.67
0.66
0.685
0.675
0.66
0.62
0.545
0.55
0.555
0.575
0.59
0.61
0.635
0.68
0.75
0.795
0.75
0.705
0.635
0.61
0.59
0.575
0.565
0.575
0.6
0.59
0.61
0.605
0.59
0.555
0.58
0.585
0.585
0.61
0.625
0.65
0.675
0.72
0.795
0.84
0.795
0.745
0.675
0.65
0.625
0.61
0.6
0.61
0.635
0.625
0.65
0.64
0.625
0.585
0.555
0.56
0.565
0.585
0.6
0.625
0.645
0.69
0.76
0.805
0.76
0.715
0.645
0.625
0.6
0.585
0.575
0.585
0.61
0.6
0.625
0.615
0.6
0.565
0.615
0.62
0.625
0.65
0.665
0.69
0.715
0.77
0.845
0.895
0.845
0.795
0.715
0.69
0.665
0.65
0.64
0.65
0.675
0.665
0.69
0.68
0.665
0.625
0.655
0.66
0.665
0.695
0.71
0.74
0.765
0.82
0.905
0.955
0.905
0.85
0.765
0.74
0.71
0.695
0.685
0.695
0.72
0.71
0.74
0.73
0.71
0.665
0.64
0.645
0.65
0.675
0.69
0.72
0.745
0.8
0.88
0.93
0.88
0.825
0.745
0.72
0.69
0.675
0.665
0.675
0.7
0.69
0.72
0.705
0.69
0.65
0.625
0.63
0.635
0.66
0.675
0.7
0.725
0.78
0.855
0.91
0.855
0.805
0.725
0.7
0.675
0.66
0.65
0.66
0.685
0.675
0.7
0.69
0.675
0.635
0.6
0.605
0.61
0.635
0.65
0.675
0.7
0.75
0.825
0.875
0.825
0.775
0.7
0.675
0.65
0.635
0.625
0.635
0.66
0.65
0.675
0.665
0.65
0.61
0.6
0.605
0.61
0.635
0.65
0.675
0.7
0.75
0.83
0.88
0.83
0.775
0.7
0.675
0.65
0.635
0.625
0.635
0.66
0.65
0.675
0.665
0.65
0.61
0.615
0.62
0.625
0.65
0.665
0.69
0.715
0.77
0.845
0.895
0.845
0.795
0.715
0.69
0.665
0.65
0.64
0.65
0.675
0.665
0.69
0.68
0.665
0.625
0.595
0.6
0.605
0.625
0.64
0.665
0.69
0.74
0.815
0.865
0.815
0.765
0.69
0.665
0.64
0.625
0.62
0.625
0.65
0.64
0.665
0.655
0.64
0.605
0.61
0.615
0.62
0.645
0.66
0.685
0.71
0.76
0.835
0.885
0.835
0.785
0.71
0.685
0.66
0.645
0.635
0.645
0.67
0.66
0.685
0.675
0.66
0.62
0.56
0.565
0.57
0.59
0.605
0.63
0.655
0.7
0.77
0.815
0.77
0.725
0.655
0.63
0.605
0.59
0.585
0.59
0.615
0.605
0.63
0.62
0.605
0.57
0.5
0.505
0.505
0.53
0.54
0.56
0.58
0.625
0.685
0.73
0.685
0.645
0.58
0.56
0.54
0.53
0.52
0.53
0.55
0.54
0.56
0.555
0.54
0.505
0.54
0.545
0.545
0.57
0.585
0.605
0.63
0.675
0.74
0.785
0.74
0.695
0.63
0.605
0.585
0.57
0.56
0.57
0.59
0.585
0.605
0.595
0.585
0.545
0.54
0.545
0.545
0.57
0.585
0.605
0.63
0.675
0.74
0.785
0.74
0.695
0.63
0.605
0.585
0.57
0.56
0.57
0.59
0.585
0.605
0.595
0.585
0.545
0.57
0.575
0.58
0.605
0.62
0.645
0.665
0.715
0.785
0.835
0.785
0.74
0.665
0.645
0.62
0.605
0.595
0.605
0.63
0.62
0.645
0.635
0.62
0.58
0.58
0.585
0.585
0.61
0.625
0.65
0.675
0.72
0.795
0.84
0.795
0.745
0.675
0.65
0.625
0.61
0.6
0.61
0.635
0.625
0.65
0.64
0.625
0.585
0.545
0.55
0.555
0.575
0.59
0.61
0.635
0.68
0.75
0.795
0.75
0.705
0.635
0.61
0.59
0.575
0.565
0.575
0.6
0.59
0.61
0.605
0.59
0.555
0.545
0.55
0.555
0.575
0.59
0.61
0.635
0.68
0.75
0.795
0.75
0.705
0.635
0.61
0.59
0.575
0.565
0.575
0.6
0.59
0.61
0.605
0.59
0.555
0.555
0.56
0.565
0.585
0.6
0.625
0.645
0.69
0.76
0.805
0.76
0.715
0.645
0.625
0.6
0.585
0.575
0.585
0.61
0.6
0.625
0.615
0.6
0.565
0.51
0.51
0.515
0.54
0.55
0.57
0.595
0.635
0.7
0.74
0.7
0.655
0.595
0.57
0.55
0.54
0.53
0.54
0.56
0.55
0.57
0.565
0.55
0.515
0.495
0.495
0.5
0.52
0.535
0.555
0.575
0.615
0.68
0.72
0.68
0.635
0.575
0.555
0.535
0.52
0.515
0.52
0.54
0.535
0.555
0.545
0.535
0.5
0.545
0.55
0.555
0.575
0.59
0.61
0.635
0.68
0.75
0.795
0.75
0.705
0.635
0.61
0.59
0.575
0.565
0.575
0.6
0.59
0.61
0.605
0.59
0.555
0.54
0.545
0.545
0.57
0.585
0.605
0.63
0.675
0.74
0.785
0.74
0.695
0.63
0.605
0.585
0.57
0.56
0.57
0.59
0.585
0.605
0.595
0.585
0.545
0.515
0.52
0.525
0.545
0.555
0.58
0.6
0.645
0.705
0.75
0.705
0.665
0.6
0.58
0.555
0.545
0.535
0.545
0.565
0.555
0.58
0.57
0.555
0.525
0.465
0.465
0.47
0.49
0.5
0.52
0.54
0.58
0.635
0.675
0.635
0.6
0.54
0.52
0.5
0.49
0.48
0.49
0.51
0.5
0.52
0.515
0.5
0.47
0.43
0.435
0.435
0.455
0.465
0.485
0.5
0.535
0.59
0.625
0.59
0.555
0.5
0.485
0.465
0.455
0.445
0.455
0.47
0.465
0.485
0.475
0.465
0.435
0.345
0.35
0.355
0.37
0.375
0.39
0.405
0.435
0.48
0.505
0.48
0.45
0.405
0.39
0.375
0.37
0.36
0.37
0.38
0.375
0.39
0.385
0.375
0.355
0.37
0.375
0.38
0.395
0.405
0.42
0.435
0.465
0.51
0.54
0.51
0.48
0.435
0.42
0.405
0.395
0.385
0.395
0.41
0.405
0.42
0.41
0.405
0.38
0.445
0.45
0.455
0.475
0.485
0.505
0.52
0.56
0.615
0.655
0.615
0.58
0.52
0.505
0.485
0.475
0.465
0.475
0.49
0.485
0.505
0.495
0.485
0.455
0.445
0.45
0.45
0.47
0.48
0.5
0.52
0.555
0.61
0.65
0.61
0.575
0.52
0.5
0.48
0.47
0.465
0.47
0.49
0.48
0.5
0.495
0.48
0.45
0.465
0.465
0.47
0.49
0.5
0.52
0.54
0.58
0.635
0.675
0.635
0.6
0.54
0.52
0.5
0.49
0.48
0.49
0.51
0.5
0.52
0.515
0.5
0.47
0.495
0.495
0.5
0.52
0.535
0.555
0.575
0.615
0.68
0.72
0.68
0.635
0.575
0.555
0.535
0.52
0.515
0.52
0.54
0.535
0.555
0.545
0.535
0.5
0.395
0.395
0.4
0.415
0.425
0.44
0.46
0.49
0.54
0.575
0.54
0.51
0.46
0.44
0.425
0.415
0.41
0.415
0.43
0.425
0.44
0.435
0.425
0.4
0.34
0.34
0.345
0.36
0.365
0.38
0.395
0.425
0.465
0.495
0.465
0.435
0.395
0.38
0.365
0.36
0.355
0.36
0.37
0.365
0.38
0.375
0.365
0.345
0.43
0.435
0.435
0.455
0.465
0.485
0.5
0.535
0.59
0.625
0.59
0.555
0.5
0.485
0.465
0.455
0.445
0.455
0.47
0.465
0.485
0.475
0.465
0.435
0.425
0.425
0.43
0.45
0.46
0.475
0.495
0.53
0.58
0.615
0.58
0.545
0.495
0.475
0.46
0.45
0.44
0.45
0.465
0.46
0.475
0.47
0.46
0.43
0.46
0.465
0.465
0.485
0.5
0.515
0.535
0.575
0.63
0.67
0.63
0.595
0.535
0.515
0.5
0.485
0.48
0.485
0.505
0.5
0.515
0.51
0.5
0.465
0.515
0.52
0.525
0.545
0.555
0.58
0.6
0.645
0.705
0.75
0.705
0.665
0.6
0.58
0.555
0.545
0.535
0.545
0.565
0.555
0.58
0.57
0.555
0.525
0.57
0.575
0.58
0.605
0.62
0.645
0.665
0.715
0.785
0.835
0.785
0.74
0.665
0.645
0.62
0.605
0.595
0.605
0.63
0.62
0.645
0.635
0.62
0.58
0.425
0.425
0.43
0.45
0.46
0.475
0.495
0.53
0.58
0.615
0.58
0.545
0.495
0.475
0.46
0.45
0.44
0.45
0.465
0.46
0.475
0.47
0.46
0.43
0.43
0.435
0.435
0.455
0.465
0.485
0.5
0.535
0.59
0.625
0.59
0.555
0.5
0.485
0.465
0.455
0.445
0.455
0.47
0.465
0.485
0.475
0.465
0.435
0.365
0.365
0.37
0.385
0.395
0.41
0.425
0.455
0.5
0.53
0.5
0.47
0.425
0.41
0.395
0.385
0.38
0.385
0.4
0.395
0.41
0.4
0.395
0.37
0.37
0.37
0.375
0.39
0.4
0.415
0.43
0.46
0.505
0.54
0.505
0.475
0.43
0.415
0.4
0.39
0.385
0.39
0.405
0.4
0.415
0.41
0.4
0.375
0.295
0.3
0.3
0.315
0.32
0.335
0.345
0.37
0.405
0.43
0.405
0.38
0.345
0.335
0.32
0.315
0.31
0.315
0.325
0.32
0.335
0.33
0.32
0.3
0.31
0.31
0.315
0.325
0.335
0.345
0.36
0.385
0.425
0.45
0.425
0.4
0.36
0.345
0.335
0.325
0.32
0.325
0.34
0.335
0.345
0.34
0.335
0.315
0.37
0.37
0.375
0.39
0.4
0.415
0.43
0.46
0.505
0.54
0.505
0.475
0.43
0.415
0.4
0.39
0.385
0.39
0.405
0.4
0.415
0.41
0.4
0.375
0.385
0.385
0.39
0.405
0.415
0.43
0.45
0.48
0.53
0.56
0.53
0.495
0.45
0.43
0.415
0.405
0.4
0.405
0.42
0.415
0.43
0.425
0.415
0.39
0.38
0.38
0.385
0.4
0.41
0.425
0.44
0.47
0.52
0.55
0.52
0.49
0.44
0.425
0.41
0.4
0.395
0.4
0.415
0.41
0.425
0.42
0.41
0.385
0.4
0.4
0.405
0.42
0.43
0.45
0.465
0.5
0.55
0.58
0.55
0.515
0.465
0.45
0.43
0.42
0.415
0.42
0.44
0.43
0.45
0.44
0.43
0.405
0.395
0.395
0.4
0.415
0.425
0.44
0.46
0.49
0.54
0.575
0.54
0.51
0.46
0.44
0.425
0.415
0.41
0.415
0.43
0.425
0.44
0.435
0.425
0.4
0.37
0.37
0.375
0.39
0.4
0.415
0.43
0.46
0.505
0.54
0.505
0.475
0.43
0.415
0.4
0.39
0.385
0.39
0.405
0.4
0.415
0.41
0.4
0.375
0.37
0.375
0.38
0.395
0.405
0.42
0.435
0.465
0.51
0.54
0.51
0.48
0.435
0.42
0.405
0.395
0.385
0.395
0.41
0.405
0.42
0.41
0.405
0.38
0.395
0.395
0.4
0.415
0.425
0.44
0.46
0.49
0.54
0.575
0.54
0.51
0.46
0.44
0.425
0.415
0.41
0.415
0.43
0.425
0.44
0.435
0.425
0.4
0.4
0.4
0.405
0.42
0.43
0.45
0.465
0.5
0.55
0.58
0.55
0.515
0.465
0.45
0.43
0.42
0.415
0.42
0.44
0.43
0.45
0.44
0.43
0.405
0.345
0.35
0.355
0.37
0.375
0.39
0.405
0.435
0.48
0.505
0.48
0.45
0.405
0.39
0.375
0.37
0.36
0.37
0.38
0.375
0.39
0.385
0.375
0.355
0.34
0.345
0.345
0.36
0.37
0.385
0.4
0.425
0.47
0.5
0.47
0.44
0.4
0.385
0.37
0.36
0.355
0.36
0.375
0.37
0.385
0.38
0.37
0.345
0.315
0.32
0.32
0.335
0.345
0.355
0.37
0.395
0.435
0.465
0.435
0.41
0.37
0.355
0.345
0.335
0.33
0.335
0.35
0.345
0.355
0.35
0.345
0.32
0.385
0.39
0.395
0.41
0.42
0.435
0.45
0.485
0.53
0.565
0.53
0.5
0.45
0.435
0.42
0.41
0.405
0.41
0.425
0.42
0.435
0.43
0.42
0.395
0.4
0.4
0.405
0.42
0.43
0.45
0.465
0.5
0.55
0.58
0.55
0.515
0.465
0.45
0.43
0.42
0.415
0.42
0.44
0.43
0.45
0.44
0.43
0.405
0.395
0.395
0.4
0.415
0.425
0.44
0.46
0.49
0.54
0.575
0.54
0.51
0.46
0.44
0.425
0.415
0.41
0.415
0.43
0.425
0.44
0.435
0.425
0.4
0.38
0.38
0.385
0.4
0.41
0.425
0.44
0.47
0.52
0.55
0.52
0.49
0.44
0.425
0.41
0.4
0.395
0.4
0.415
0.41
0.425
0.42
0.41
0.385
0.395
0.395
0.4
0.415
0.425
0.44
0.46
0.49
0.54
0.575
0.54
0.51
0.46
0.44
0.425
0.415
0.41
0.415
0.43
0.425
0.44
0.435
0.425
0.4
0.325
0.325
0.33
0.34
0.35
0.365
0.375
0.405
0.445
0.47
0.445
0.42
0.375
0.365
0.35
0.34
0.335
0.34
0.355
0.35
0.365
0.36
0.35
0.33
0.365
0.365
0.37
0.385
0.395
0.41
0.425
0.455
0.5
0.53
0.5
0.47
0.425
0.41
0.395
0.385
0.38
0.385
0.4
0.395
0.41
0.4
0.395
0.37
0.465
0.465
0.47
0.49
0.5
0.52
0.54
0.58
0.635
0.675
0.635
0.6
0.54
0.52
0.5
0.49
0.48
0.49
0.51
0.5
0.52
0.515
0.5
0.47
0.415
0.42
0.42
0.44
0.45
0.465
0.485
0.52
0.57
0.605
0.57
0.535
0.485
0.465
0.45
0.44
0.43
0.44
0.455
0.45
0.465
0.46
0.45
0.42
0.385
0.39
0.395
0.41
0.42
0.435
0.45
0.485
0.53
0.565
0.53
0.5
0.45
0.435
0.42
0.41
0.405
0.41
0.425
0.42
0.435
0.43
0.42
0.395
0.4
0.4
0.405
0.42
0.43
0.45
0.465
0.5
0.55
0.58
0.55
0.515
0.465
0.45
0.43
0.42
0.415
0.42
0.44
0.43
0.45
0.44
0.43
0.405
0.175
0.18
0.18
0.185
0.19
0.2
0.205
0.22
0.24
0.255
0.24
0.225
0.205
0.2
0.19
0.185
0.185
0.185
0.195
0.19
0.2
0.195
0.19
0.18
0.175
0.18
0.18
0.185
0.19
0.2
0.205
0.22
0.24
0.255
0.24
0.225
0.205
0.2
0.19
0.185
0.185
0.185
0.195
0.19
0.2
0.195
0.19
0.18
0.175
0.18
0.18
0.185
0.19
0.2
0.205
0.22
0.24
0.255
0.24
0.225
0.205
0.2
0.19
0.185
0.185
0.185
0.195
0.19
0.2
0.195
0.19
0.18
0.175
0.18
0.18
0.185
0.19
0.2
0.205
0.22
0.24
0.255
0.24
0.225
0.205
0.2
0.19
0.185
0.185
0.185
0.195
0.19
0.2
0.195
0.19
0.18
0.175
0.18
0.18
0.185
0.19
0.2
0.205
0.22
0.24
0.255
0.24
0.225
0.205
0.2
0.19
0.185
0.185
0.185
0.195
0.19
0.2
0.195
0.19
0.18
0.175
0.18
0.18
0.185
0.19
0.2
0.205
0.22
0.24
0.255
0.24
0.225
0.205
0.2
0.19
0.185
0.185
0.185
0.195
0.19
0.2
0.195
0.19
0.18
0.175
0.18
0.18
0.185
0.19
0.2
0.205
0.22
0.24
0.255
0.24
0.225
0.205
0.2
0.19
0.185
0.185
0.185
0.195
0.19
0.2
0.195
0.19
0.18
0.175
0.18
0.18
0.185
0.19
0.2
0.205
0.22
0.24
0.255
0.24
0.225
0.205
0.2
0.19
0.185
0.185
0.185
0.195
0.19
0.2
0.195
0.19
0.18
0.175
0.18
0.18
0.185
0.19
0.2
0.205
0.22
0.24
0.255
0.24
0.225
0.205
0.2
0.19
0.185
0.185
0.185
0.195
0.19
0.2
0.195
0.19
0.18
0.175
0.18
0.18
0.185
0.19
0.2
0.205
0.22
0.24
0.255
0.24
0.225
0.205
0.2
0.19
0.185
0.185
0.185
0.195
0.19
0.2
0.195
0.19
0.18
0.175
0.18
0.18
0.185
0.19
0.2
0.205
0.22
0.24
0.255
0.24
0.225
0.205
0.2
0.19
0.185
0.185
0.185
0.195
0.19
0.2
0.195
0.19
0.18
0.175
0.18
0.18
0.185
0.19
0.2
0.205
0.22
0.24
0.255
0.24
0.225
0.205
0.2
0.19
0.185
0.185
0.185
0.195
0.19
0.2
0.195
0.19
0.18
0.175
0.18
0.18
0.185
0.19
0.2
0.205
0.22
0.24
0.255
0.24
0.225
0.205
0.2
0.19
0.185
0.185
0.185
0.195
0.19
0.2
0.195
0.19
0.18
0.175
0.18
0.18
0.185
0.19
0.2
0.205
0.22
0.24
0.255
0.24
0.225
0.205
0.2
0.19
0.185
0.185
0.185
0.195
0.19
0.2
0.195
0.19
0.18
0.175
0.18
0.18
0.185
0.19
0.2
0.205
0.22
0.24
0.255
0.24
0.225
0.205
0.2
0.19
0.185
0.185
0.185
0.195
0.19
0.2
0.195
0.19
0.18
0.175
0.18
0.18
0.185
0.19
0.2
0.205
0.22
0.24
0.255
0.24
0.225
0.205
0.2
0.19
0.185
0.185
0.185
0.195
0.19
0.2
0.195
0.19
0.18
0.175
0.18
0.18
0.185
0.19
0.2
0.205
0.22
0.24
0.255
0.24
0.225
0.205
0.2
0.19
0.185
0.185
0.185
0.195
0.19
0.2
0.195
0.19
0.18
0.175
0.18
0.18
0.185
0.19
0.2
0.205
0.22
0.24
0.255
0.24
0.225
0.205
0.2
0.19
0.185
0.185
0.185
0.195
0.19
0.2
0.195
0.19
0.18
0.175
0.18
0.18
0.185
0.19
0.2
0.205
0.22
0.24
0.255
0.24
0.225
0.205
0.2
0.19
0.185
0.185
0.185
0.195
0.19
0.2
0.195
0.19
0.18
0.175
0.18
0.18
0.185
0.19
0.2
0.205
0.22
0.24
0.255
0.24
0.225
0.205
0.2
0.19
0.185
0.185
0.185
0.195
0.19
0.2
0.195
0.19
0.18
0.175
0.18
0.18
0.185
0.19
0.2
0.205
0.22
0.24
0.255
0.24
0.225
0.205
0.2
0.19
0.185
0.185
0.185
0.195
0.19
0.2
0.195
0.19
0.18
0.175
0.18
0.18
0.185
0.19
0.2
0.205
0.22
0.24
0.255
0.24
0.225
0.205
0.2
0.19
0.185
0.185
0.185
0.195
0.19
0.2
0.195
0.19
0.18
0.175
0.18
0.18
0.185
0.19
0.2
0.205
0.22
0.24
0.255
0.24
0.225
0.205
0.2
0.19
0.185
0.185
0.185
0.195
0.19
0.2
0.195
0.19
0.18
0.175
0.18
0.18
0.185
0.19
0.2
0.205
0.22
0.24
0.255
0.24
0.225
0.205
0.2
0.19
0.185
0.185
0.185
0.195
0.19
0.2
0.195
0.19
0.18
0.175
0.18
0.18
0.185
0.19
0.2
0.205
0.22
0.24
0.255
0.24
0.225
0.205
0.2
0.19
0.185
0.185
0.185
0.195
0.19
0.2
0.195
0.19
0.18
0.175
0.18
0.18
0.185
0.19
0.2
0.205
0.22
0.24
0.255
0.24
0.225
0.205
0.2
0.19
0.185
0.185
0.185
0.195
0.19
0.2
0.195
0.19
0.18
0.175
0.18
0.18
0.185
0.19
0.2
0.205
0.22
0.24
0.255
0.24
0.225
0.205
0.2
0.19
0.185
0.185
0.185
0.195
0.19
0.2
0.195
0.19
0.18
0.175
0.18
0.18
0.185
0.19
0.2
0.205
0.22
0.24
0.255
0.24
0.225
0.205
0.2
0.19
0.185
0.185
0.185
0.195
0.19
0.2
0.195
0.19
0.18
0.175
0.18
0.18
0.185
0.19
0.2
0.205
0.22
0.24
0.255
0.24
0.225
0.205
0.2
0.19
0.185
0.185
0.185
0.195
0.19
0.2
0.195
0.19
0.18
0.175
0.18
0.18
0.185
0.19
0.2
0.205
0.22
0.24
0.255
0.24
0.225
0.205
0.2
0.19
0.185
0.185
0.185
0.195
0.19
0.2
0.195
0.19
0.18
0.175
0.18
0.18
0.185
0.19
0.2
0.205
0.22
0.24
0.255
0.24
0.225
0.205
0.2
0.19
0.185
0.185
0.185
0.195
0.19
0.2
0.195
0.19
0.18
0.175
0.18
0.18
0.185
0.19
0.2
0.205
0.22
0.24
0.255
0.24
0.225
0.205
0.2
0.19
0.185
0.185
0.185
0.195
0.19
0.2
0.195
0.19
0.18
0.175
0.18
0.18
0.185
0.19
0.2
0.205
0.22
0.24
0.255
0.24
0.225
0.205
0.2
0.19
0.185
0.185
0.185
0.195
0.19
0.2
0.195
0.19
0.18
0.175
0.18
0.18
0.185
0.19
0.2
0.205
0.22
0.24
0.255
0.24
0.225
0.205
0.2
0.19
0.185
0.185
0.185
0.195
0.19
0.2
0.195
0.19
0.18
0.175
0.18
0.18
0.185
0.19
0.2
0.205
0.22
0.24
0.255
0.24
0.225
0.205
0.2
0.19
0.185
0.185
0.185
0.195
0.19
0.2
0.195
0.19
0.18
0.175
0.18
0.18
0.185
0.19
0.2
0.205
0.22
0.24
0.255
0.24
0.225
0.205
0.2
0.19
0.185
0.185
0.185
0.195
0.19
0.2
0.195
0.19
0.18
0.175
0.18
0.18
0.185
0.19
0.2
0.205
0.22
0.24
0.255
0.24
0.225
0.205
0.2
0.19
0.185
0.185
0.185
0.195
0.19
0.2
0.195
0.19
0.18
0.175
0.18
0.18
0.185
0.19
0.2
0.205
0.22
0.24
0.255
0.24
0.225
0.205
0.2
0.19
0.185
0.185
0.185
0.195
0.19
0.2
0.195
0.19
0.18
0.175
0.18
0.18
0.185
0.19
0.2
0.205
0.22
0.24
0.255
0.24
0.225
0.205
0.2
0.19
0.185
0.185
0.185
0.195
0.19
0.2
0.195
0.19
0.18
0.175
0.18
0.18
0.185
0.19
0.2
0.205
0.22
0.24
0.255
0.24
0.225
0.205
0.2
0.19
0.185
0.185
0.185
0.195
0.19
0.2
0.195
0.19
0.18
0.175
0.18
0.18
0.185
0.19
0.2
0.205
0.22
0.24
0.255
0.24
0.225
0.205
0.2
0.19
0.185
0.185
0.185
0.195
0.19
0.2
0.195
0.19
0.18
0.175
0.18
0.18
0.185
0.19
0.2
0.205
0.22
0.24
0.255
0.24
0.225
0.205
0.2
0.19
0.185
0.185
0.185
0.195
0.19
0.2
0.195
0.19
0.18
0.175
0.18
0.18
0.185
0.19
0.2
0.205
0.22
0.24
0.255
0.24
0.225
0.205
0.2
0.19
0.185
0.185
0.185
0.195
0.19
0.2
0.195
0.19
0.18
0.175
0.18
0.18
0.185
0.19
0.2
0.205
0.22
0.24
0.255
0.24
0.225
0.205
0.2
0.19
0.185
0.185
0.185
0.195
0.19
0.2
0.195
0.19
0.18
0.175
0.18
0.18
0.185
0.19
0.2
0.205
0.22
0.24
0.255
0.24
0.225
0.205
0.2
0.19
0.185
0.185
0.185
0.195
0.19
0.2
0.195
0.19
0.18
0.175
0.18
0.18
0.185
0.19
0.2
0.205
0.22
0.24
0.255
0.24
0.225
0.205
0.2
0.19
0.185
0.185
0.185
0.195
0.19
0.2
0.195
0.19
0.18
0.175
0.18
0.18
0.185
0.19
0.2
0.205
0.22
0.24
0.255
0.24
0.225
0.205
0.2
0.19
0.185
0.185
0.185
0.195
0.19
0.2
0.195
0.19
0.18
0.175
0.18
0.18
0.185
0.19
0.2
0.205
0.22
0.24
0.255
0.24
0.225
0.205
0.2
0.19
0.185
0.185
0.185
0.195
0.19
0.2
0.195
0.19
0.18
0.175
0.18
0.18
0.185
0.19
0.2
0.205
0.22
0.24
0.255
0.24
0.225
0.205
0.2
0.19
0.185
0.185
0.185
0.195
0.19
0.2
0.195
0.19
0.18
0.175
0.18
0.18
0.185
0.19
0.2
0.205
0.22
0.24
0.255
0.24
0.225
0.205
0.2
0.19
0.185
0.185
0.185
0.195
0.19
0.2
0.195
0.19
0.18
0.175
0.18
0.18
0.185
0.19
0.2
0.205
0.22
0.24
0.255
0.24
0.225
0.205
0.2
0.19
0.185
0.185
0.185
0.195
0.19
0.2
0.195
0.19
0.18
0.175
0.18
0.18
0.185
0.19
0.2
0.205
0.22
0.24
0.255
0.24
0.225
0.205
0.2
0.19
0.185
0.185
0.185
0.195
0.19
0.2
0.195
0.19
0.18
0.175
0.18
0.18
0.185
0.19
0.2
0.205
0.22
0.24
0.255
0.24
0.225
0.205
0.2
0.19
0.185
0.185
0.185
0.195
0.19
0.2
0.195
0.19
0.18
0.175
0.18
0.18
0.185
0.19
0.2
0.205
0.22
0.24
0.255
0.24
0.225
0.205
0.2
0.19
0.185
0.185
0.185
0.195
0.19
0.2
0.195
0.19
0.18
0.175
0.18
0.18
0.185
0.19
0.2
0.205
0.22
0.24
0.255
0.24
0.225
0.205
0.2
0.19
0.185
0.185
0.185
0.195
0.19
0.2
0.195
0.19
0.18
0.175
0.18
0.18
0.185
0.19
0.2
0.205
0.22
0.24
0.255
0.24
0.225
0.205
0.2
0.19
0.185
0.185
0.185
0.195
0.19
0.2
0.195
0.19
0.18
0.175
0.18
0.18
0.185
0.19
0.2
0.205
0.22
0.24
0.255
0.24
0.225
0.205
0.2
0.19
0.185
0.185
0.185
0.195
0.19
0.2
0.195
0.19
0.18
0.175
0.18
0.18
0.185
0.19
0.2
0.205
0.22
0.24
0.255
0.24
0.225
0.205
0.2
0.19
0.185
0.185
0.185
0.195
0.19
0.2
0.195
0.19
0.18
0.175
0.18
0.18
0.185
0.19
0.2
0.205
0.22
0.24
0.255
0.24
0.225
0.205
0.2
0.19
0.185
0.185
0.185
0.195
0.19
0.2
0.195
0.19
0.18
0.175
0.18
0.18
0.185
0.19
0.2
0.205
0.22
0.24
0.255
0.24
0.225
0.205
0.2
0.19
0.185
0.185
0.185
0.195
0.19
0.2
0.195
0.19
0.18
0.175
0.18
0.18
0.185
0.19
0.2
0.205
0.22
0.24
0.255
0.24
0.225
0.205
0.2
0.19
0.185
0.185
0.185
0.195
0.19
0.2
0.195
0.19
0.18
0.175
0.18
0.18
0.185
0.19
0.2
0.205
0.22
0.24
0.255
0.24
0.225
0.205
0.2
0.19
0.185
0.185
0.185
0.195
0.19
0.2
0.195
0.19
0.18
0.175
0.18
0.18
0.185
0.19
0.2
0.205
0.22
0.24
0.255
0.24
0.225
0.205
0.2
0.19
0.185
0.185
0.185
0.195
0.19
0.2
0.195
0.19
0.18
0.175
0.18
0.18
0.185
0.19
0.2
0.205
0.22
0.24
0.255
0.24
0.225
0.205
0.2
0.19
0.185
0.185
0.185
0.195
0.19
0.2
0.195
0.19
0.18
0.175
0.18
0.18
0.185
0.19
0.2
0.205
0.22
0.24
0.255
0.24
0.225
0.205
0.2
0.19
0.185
0.185
0.185
0.195
0.19
0.2
0.195
0.19
0.18
0.175
0.18
0.18
0.185
0.19
0.2
0.205
0.22
0.24
0.255
0.24
0.225
0.205
0.2
0.19
0.185
0.185
0.185
0.195
0.19
0.2
0.195
0.19
0.18
0.175
0.18
0.18
0.185
0.19
0.2
0.205
0.22
0.24
0.255
0.24
0.225
0.205
0.2
0.19
0.185
0.185
0.185
0.195
0.19
0.2
0.195
0.19
0.18
0.175
0.18
0.18
0.185
0.19
0.2
0.205
0.22
0.24
0.255
0.24
0.225
0.205
0.2
0.19
0.185
0.185
0.185
0.195
0.19
0.2
0.195
0.19
0.18
0.175
0.18
0.18
0.185
0.19
0.2
0.205
0.22
0.24
0.255
0.24
0.225
0.205
0.2
0.19
0.185
0.185
0.185
0.195
0.19
0.2
0.195
0.19
0.18
0.175
0.18
0.18
0.185
0.19
0.2
0.205
0.22
0.24
0.255
0.24
0.225
0.205
0.2
0.19
0.185
0.185
0.185
0.195
0.19
0.2
0.195
0.19
0.18
0.175
0.18
0.18
0.185
0.19
0.2
0.205
0.22
0.24
0.255
0.24
0.225
0.205
0.2
0.19
0.185
0.185
0.185
0.195
0.19
0.2
0.195
0.19
0.18
0.175
0.18
0.18
0.185
0.19
0.2
0.205
0.22
0.24
0.255
0.24
0.225
0.205
0.2
0.19
0.185
0.185
0.185
0.195
0.19
0.2
0.195
0.19
0.18
0.175
0.18
0.18
0.185
0.19
0.2
0.205
0.22
0.24
0.255
0.24
0.225
0.205
0.2
0.19
0.185
0.185
0.185
0.195
0.19
0.2
0.195
0.19
0.18
0.175
0.18
0.18
0.185
0.19
0.2
0.205
0.22
0.24
0.255
0.24
0.225
0.205
0.2
0.19
0.185
0.185
0.185
0.195
0.19
0.2
0.195
0.19
0.18
0.175
0.18
0.18
0.185
0.19
0.2
0.205
0.22
0.24
0.255
0.24
0.225
0.205
0.2
0.19
0.185
0.185
0.185
0.195
0.19
0.2
0.195
0.19
0.18
0.175
0.18
0.18
0.185
0.19
0.2
0.205
0.22
0.24
0.255
0.24
0.225
0.205
0.2
0.19
0.185
0.185
0.185
0.195
0.19
0.2
0.195
0.19
0.18
0.175
0.18
0.18
0.185
0.19
0.2
0.205
0.22
0.24
0.255
0.24
0.225
0.205
0.2
0.19
0.185
0.185
0.185
0.195
0.19
0.2
0.195
0.19
0.18
0.175
0.18
0.18
0.185
0.19
0.2
0.205
0.22
0.24
0.255
0.24
0.225
0.205
0.2
0.19
0.185
0.185
0.185
0.195
0.19
0.2
0.195
0.19
0.18
0.175
0.18
0.18
0.185
0.19
0.2
0.205
0.22
0.24
0.255
0.24
0.225
0.205
0.2
0.19
0.185
0.185
0.185
0.195
0.19
0.2
0.195
0.19
0.18
0.175
0.18
0.18
0.185
0.19
0.2
0.205
0.22
0.24
0.255
0.24
0.225
0.205
0.2
0.19
0.185
0.185
0.185
0.195
0.19
0.2
0.195
0.19
0.18
0.175
0.18
0.18
0.185
0.19
0.2
0.205
0.22
0.24
0.255
0.24
0.225
0.205
0.2
0.19
0.185
0.185
0.185
0.195
0.19
0.2
0.195
0.19
0.18
0.175
0.18
0.18
0.185
0.19
0.2
0.205
0.22
0.24
0.255
0.24
0.225
0.205
0.2
0.19
0.185
0.185
0.185
0.195
0.19
0.2
0.195
0.19
0.18
0.175
0.18
0.18
0.185
0.19
0.2
0.205
0.22
0.24
0.255
0.24
0.225
0.205
0.2
0.19
0.185
0.185
0.185
0.195
0.19
0.2
0.195
0.19
0.18
0.175
0.18
0.18
0.185
0.19
0.2
0.205
0.22
0.24
0.255
0.24
0.225
0.205
0.2
0.19
0.185
0.185
0.185
0.195
0.19
0.2
0.195
0.19
0.18
0.175
0.18
0.18
0.185
0.19
0.2
0.205
0.22
0.24
0.255
0.24
0.225
0.205
0.2
0.19
0.185
0.185
0.185
0.195
0.19
0.2
0.195
0.19
0.18
0.175
0.18
0.18
0.185
0.19
0.2
0.205
0.22
0.24
0.255
0.24
0.225
0.205
0.2
0.19
0.185
0.185
0.185
0.195
0.19
0.2
0.195
0.19
0.18
0.175
0.18
0.18
0.185
0.19
0.2
0.205
0.22
0.24
0.255
0.24
0.225
0.205
0.2
0.19
0.185
0.185
0.185
0.195
0.19
0.2
0.195
0.19
0.18
0.175
0.18
0.18
0.185
0.19
0.2
0.205
0.22
0.24
0.255
0.24
0.225
0.205
0.2
0.19
0.185
0.185
0.185
0.195
0.19
0.2
0.195
0.19
0.18
0.175
0.18
0.18
0.185
0.19
0.2
0.205
0.22
0.24
0.255
0.24
0.225
0.205
0.2
0.19
0.185
0.185
0.185
0.195
0.19
0.2
0.195
0.19
0.18
0.175
0.18
0.18
0.185
0.19
0.2
0.205
0.22
0.24
0.255
0.24
0.225
0.205
0.2
0.19
0.185
0.185
0.185
0.195
0.19
0.2
0.195
0.19
0.18
0.175
0.18
0.18
0.185
0.19
0.2
0.205
0.22
0.24
0.255
0.24
0.225
0.205
0.2
0.19
0.185
0.185
0.185
0.195
0.19
0.2
0.195
0.19
0.18
0.175
0.18
0.18
0.185
0.19
0.2
0.205
0.22
0.24
0.255
0.24
0.225
0.205
0.2
0.19
0.185
0.185
0.185
0.195
0.19
0.2
0.195
0.19
0.18
0.2
0.205
0.205
0.215
0.22
0.225
0.235
0.255
0.28
0.295
0.28
0.26
0.235
0.225
0.22
0.215
0.21
0.215
0.22
0.22
0.225
0.225
0.22
0.205
0.265
0.27
0.27
0.28
0.29
0.3
0.31
0.33
0.365
0.385
0.365
0.345
0.31
0.3
0.29
0.28
0.275
0.28
0.29
0.29
0.3
0.295
0.29
0.27
0.295
0.295
0.3
0.31
0.315
0.33
0.34
0.365
0.405
0.425
0.405
0.38
0.34
0.33
0.315
0.31
0.305
0.31
0.32
0.315
0.33
0.325
0.315
0.3
0.25
0.25
0.25
0.26
0.27
0.28
0.29
0.31
0.34
0.36
0.34
0.32
0.29
0.28
0.27
0.26
0.26
0.26
0.27
0.27
0.28
0.275
0.27
0.25
0.21
0.215
0.215
0.225
0.23
0.24
0.245
0.265
0.29
0.31
0.29
0.275
0.245
0.24
0.23
0.225
0.22
0.225
0.23
0.23
0.24
0.235
0.23
0.215
0.215
0.22
0.22
0.23
0.235
0.245
0.255
0.27
0.3
0.315
0.3
0.28
0.255
0.245
0.235
0.23
0.225
0.23
0.24
0.235
0.245
0.24
0.235
0.22
0.235
0.235
0.24
0.25
0.255
0.265
0.275
0.295
0.325
0.345
0.325
0.305
0.275
0.265
0.255
0.25
0.245
0.25
0.26
0.255
0.265
0.26
0.255
0.24
0.295
0.295
0.3
0.31
0.315
0.33
0.34
0.365
0.405
0.425
0.405
0.38
0.34
0.33
0.315
0.31
0.305
0.31
0.32
0.315
0.33
0.325
0.315
0.3
0.295
0.3
0.3
0.315
0.32
0.335
0.345
0.37
0.405
0.43
0.405
0.38
0.345
0.335
0.32
0.315
0.31
0.315
0.325
0.32
0.335
0.33
0.32
0.3
0.27
0.275
0.275
0.29
0.295
0.305
0.315
0.34
0.375
0.395
0.375
0.35
0.315
0.305
0.295
0.29
0.285
0.29
0.3
0.295
0.305
0.3
0.295
0.275
0.28
0.28
0.28
0.295
0.3
0.315
0.325
0.345
0.38
0.405
0.38
0.36
0.325
0.315
0.3
0.295
0.29
0.295
0.305
0.3
0.315
0.31
0.3
0.28
0.295
0.295
0.3
0.31
0.315
0.33
0.34
0.365
0.405
0.425
0.405
0.38
0.34
0.33
0.315
0.31
0.305
0.31
0.32
0.315
0.33
0.325
0.315
0.3
0.325
0.325
0.33
0.34
0.35
0.365
0.375
0.405
0.445
0.47
0.445
0.42
0.375
0.365
0.35
0.34
0.335
0.34
0.355
0.35
0.365
0.36
0.35
0.33
0.325
0.33
0.33
0.345
0.355
0.365
0.38
0.41
0.45
0.475
0.45
0.42
0.38
0.365
0.355
0.345
0.34
0.345
0.36
0.355
0.365
0.36
0.355
0.33
0.345
0.35
0.355
0.37
0.375
0.39
0.405
0.435
0.48
0.505
0.48
0.45
0.405
0.39
0.375
0.37
0.36
0.37
0.38
0.375
0.39
0.385
0.375
0.355
0.33
0.335
0.34
0.35
0.36
0.375
0.39
0.415
0.455
0.485
0.455
0.43
0.39
0.375
0.36
0.35
0.345
0.35
0.365
0.36
0.375
0.37
0.36
0.34
0.315
0.32
0.32
0.335
0.345
0.355
0.37
0.395
0.435
0.465
0.435
0.41
0.37
0.355
0.345
0.335
0.33
0.335
0.35
0.345
0.355
0.35
0.345
0.32
0.23
0.235
0.235
0.245
0.25
0.26
0.27
0.29
0.32
0.34
0.32
0.3
0.27
0.26
0.25
0.245
0.24
0.245
0.255
0.25
0.26
0.26
0.25
0.235
0.215
0.22
0.22
0.23
0.235
0.245
0.255
0.27
0.3
0.315
0.3
0.28
0.255
0.245
0.235
0.23
0.225
0.23
0.24
0.235
0.245
0.24
0.235
0.22
0.2
0.2
0.2
0.21
0.215
0.225
0.23
0.25
0.275
0.29
0.275
0.255
0.23
0.225
0.215
0.21
0.205
0.21
0.22
0.215
0.225
0.22
0.215
0.2
0.315
0.32
0.32
0.335
0.345
0.355
0.37
0.395
0.435
0.465
0.435
0.41
0.37
0.355
0.345
0.335
0.33
0.335
0.35
0.345
0.355
0.35
0.345
0.32
0.33
0.335
0.34
0.35
0.36
0.375
0.39
0.415
0.455
0.485
0.455
0.43
0.39
0.375
0.36
0.35
0.345
0.35
0.365
0.36
0.375
0.37
0.36
0.34
0.285
0.29
0.29
0.305
0.31
0.325
0.335
0.36
0.395
0.42
0.395
0.37
0.335
0.325
0.31
0.305
0.3
0.305
0.315
0.31
0.325
0.32
0.31
0.29
0.25
0.25
0.25
0.26
0.27
0.28
0.29
0.31
0.34
0.36
0.34
0.32
0.29
0.28
0.27
0.26
0.26
0.26
0.27
0.27
0.28
0.275
0.27
0.25
0.28
0.285
0.285
0.295
0.305
0.315
0.33
0.35
0.385
0.41
0.385
0.365
0.33
0.315
0.305
0.295
0.295
0.295
0.31
0.305
0.315
0.31
0.305
0.285
0.235
0.235
0.24
0.25
0.255
0.265
0.275
0.295
0.325
0.345
0.325
0.305
0.275
0.265
0.255
0.25
0.245
0.25
0.26
0.255
0.265
0.26
0.255
0.24
0.25
0.25
0.25
0.26
0.27
0.28
0.29
0.31
0.34
0.36
0.34
0.32
0.29
0.28
0.27
0.26
0.26
0.26
0.27
0.27
0.28
0.275
0.27
0.25
0.2
0.205
0.205
0.215
0.22
0.225
0.235
0.255
0.28
0.295
0.28
0.26
0.235
0.225
0.22
0.215
0.21
0.215
0.22
0.22
0.225
0.225
0.22
0.205
0.255
0.26
0.26
0.27
0.28
0.29
0.3
0.32
0.355
0.375
0.355
0.33
0.3
0.29
0.28
0.27
0.265
0.27
0.28
0.28
0.29
0.285
0.28
0.26
0.295
0.3
0.3
0.315
0.32
0.335
0.345
0.37
0.405
0.43
0.405
0.38
0.345
0.335
0.32
0.315
0.31
0.315
0.325
0.32
0.335
0.33
0.32
0.3
0.315
0.32
0.32
0.335
0.345
0.355
0.37
0.395
0.435
0.465
0.435
0.41
0.37
0.355
0.345
0.335
0.33
0.335
0.35
0.345
0.355
0.35
0.345
0.32
0.33
0.335
0.34
0.35
0.36
0.375
0.39
0.415
0.455
0.485
0.455
0.43
0.39
0.375
0.36
0.35
0.345
0.35
0.365
0.36
0.375
0.37
0.36
0.34
0.295
0.295
0.3
0.31
0.315
0.33
0.34
0.365
0.405
0.425
0.405
0.38
0.34
0.33
0.315
0.31
0.305
0.31
0.32
0.315
0.33
0.325
0.315
0.3
0.25
0.25
0.25
0.26
0.27
0.28
0.29
0.31
0.34
0.36
0.34
0.32
0.29
0.28
0.27
0.26
0.26
0.26
0.27
0.27
0.28
0.275
0.27
0.25
0.255
0.26
0.26
0.27
0.28
0.29
0.3
0.32
0.355
0.375
0.355
0.33
0.3
0.29
0.28
0.27
0.265
0.27
0.28
0.28
0.29
0.285
0.28
0.26
0.325
0.325
0.33
0.34
0.35
0.365
0.375
0.405
0.445
0.47
0.445
0.42
0.375
0.365
0.35
0.34
0.335
0.34
0.355
0.35
0.365
0.36
0.35
0.33
0.385
0.385
0.39
0.405
0.415
0.43
0.45
0.48
0.53
0.56
0.53
0.495
0.45
0.43
0.415
0.405
0.4
0.405
0.42
0.415
0.43
0.425
0.415
0.39
0.43
0.435
0.435
0.455
0.465
0.485
0.5
0.535
0.59
0.625
0.59
0.555
0.5
0.485
0.465
0.455
0.445
0.455
0.47
0.465
0.485
0.475
0.465
0.435
0.355
0.36
0.365
0.375
0.385
0.4
0.415
0.445
0.49
0.52
0.49
0.46
0.415
0.4
0.385
0.375
0.37
0.375
0.39
0.385
0.4
0.395
0.385
0.365
0.38
0.38
0.385
0.4
0.41
0.425
0.44
0.47
0.52
0.55
0.52
0.49
0.44
0.425
0.41
0.4
0.395
0.4
0.415
0.41
0.425
0.42
0.41
0.385
0.41
0.41
0.415
0.43
0.44
0.46
0.475
0.51
0.56
0.595
0.56
0.525
0.475
0.46
0.44
0.43
0.425
0.43
0.45
0.44
0.46
0.45
0.44
0.415
0.415
0.42
0.42
0.44
0.45
0.465
0.485
0.52
0.57
0.605
0.57
0.535
0.485
0.465
0.45
0.44
0.43
0.44
0.455
0.45
0.465
0.46
0.45
0.42
0.425
0.425
0.43
0.45
0.46
0.475
0.495
0.53
0.58
0.615
0.58
0.545
0.495
0.475
0.46
0.45
0.44
0.45
0.465
0.46
0.475
0.47
0.46
0.43
0.445
0.45
0.45
0.47
0.48
0.5
0.52
0.555
0.61
0.65
0.61
0.575
0.52
0.5
0.48
0.47
0.465
0.47
0.49
0.48
0.5
0.495
0.48
0.45
0.51
0.51
0.515
0.54
0.55
0.57
0.595
0.635
0.7
0.74
0.7
0.655
0.595
0.57
0.55
0.54
0.53
0.54
0.56
0.55
0.57
0.565
0.55
0.515
0.465
0.465
0.47
0.49
0.5
0.52
0.54
0.58
0.635
0.675
0.635
0.6
0.54
0.52
0.5
0.49
0.48
0.49
0.51
0.5
0.52
0.515
0.5
0.47
0.55
0.555
0.56
0.585
0.595
0.62
0.64
0.69
0.755
0.805
0.755
0.71
0.64
0.62
0.595
0.585
0.575
0.585
0.605
0.595
0.62
0.61
0.595
0.56
0.4
0.4
0.405
0.42
0.43
0.45
0.465
0.5
0.55
0.58
0.55
0.515
0.465
0.45
0.43
0.42
0.415
0.42
0.44
0.43
0.45
0.44
0.43
0.405
0.345
0.35
0.355
0.37
0.375
0.39
0.405
0.435
0.48
0.505
0.48
0.45
0.405
0.39
0.375
0.37
0.36
0.37
0.38
0.375
0.39
0.385
0.375
0.355
0.325
0.325
0.33
0.34
0.35
0.365
0.375
0.405
0.445
0.47
0.445
0.42
0.375
0.365
0.35
0.34
0.335
0.34
0.355
0.35
0.365
0.36
0.35
0.33
0.4
0.4
0.405
0.42
0.43
0.45
0.465
0.5
0.55
0.58
0.55
0.515
0.465
0.45
0.43
0.42
0.415
0.42
0.44
0.43
0.45
0.44
0.43
0.405
0.425
0.425
0.43
0.45
0.46
0.475
0.495
0.53
0.58
0.615
0.58
0.545
0.495
0.475
0.46
0.45
0.44
0.45
0.465
0.46
0.475
0.47
0.46
0.43
0.425
0.425
0.43
0.45
0.46
0.475
0.495
0.53
0.58
0.615
0.58
0.545
0.495
0.475
0.46
0.45
0.44
0.45
0.465
0.46
0.475
0.47
0.46
0.43
0.415
0.42
0.425
0.44
0.45
0.47
0.485
0.52
0.575
0.61
0.575
0.54
0.485
0.47
0.45
0.44
0.435
0.44
0.46
0.45
0.47
0.46
0.45
0.425
0.445
0.45
0.45
0.47
0.48
0.5
0.52
0.555
0.61
0.65
0.61
0.575
0.52
0.5
0.48
0.47
0.465
0.47
0.49
0.48
0.5
0.495
0.48
0.45
0.43
0.435
0.435
0.455
0.465
0.485
0.5
0.535
0.59
0.625
0.59
0.555
0.5
0.485
0.465
0.455
0.445
0.455
0.47
0.465
0.485
0.475
0.465
0.435
0.395
0.395
0.4
0.415
0.425
0.44
0.46
0.49
0.54
0.575
0.54
0.51
0.46
0.44
0.425
0.415
0.41
0.415
0.43
0.425
0.44
0.435
0.425
0.4
0.41
0.41
0.415
0.43
0.44
0.46
0.475
0.51
0.56
0.595
0.56
0.525
0.475
0.46
0.44
0.43
0.425
0.43
0.45
0.44
0.46
0.45
0.44
0.415
0.525
0.53
0.53
0.555
0.565
0.59
0.61
0.655
0.72
0.765
0.72
0.675
0.61
0.59
0.565
0.555
0.545
0.555
0.575
0.565
0.59
0.58
0.565
0.53
0.495
0.495
0.5
0.52
0.535
0.555
0.575
0.615
0.68
0.72
0.68
0.635
0.575
0.555
0.535
0.52
0.515
0.52
0.54
0.535
0.555
0.545
0.535
0.5
0.52
0.525
0.53
0.55
0.565
0.585
0.605
0.65
0.715
0.76
0.715
0.67
0.605
0.585
0.565
0.55
0.54
0.55
0.57
0.565
0.585
0.575
0.565
0.53
0.525
0.53
0.53
0.555
0.565
0.59
0.61
0.655
0.72
0.765
0.72
0.675
0.61
0.59
0.565
0.555
0.545
0.555
0.575
0.565
0.59
0.58
0.565
0.53
0.48
0.48
0.485
0.505
0.52
0.535
0.555
0.595
0.655
0.695
0.655
0.615
0.555
0.535
0.52
0.505
0.5
0.505
0.525
0.52
0.535
0.53
0.52
0.485
0.495
0.495
0.5
0.52
0.535
0.555
0.575
0.615
0.68
0.72
0.68
0.635
0.575
0.555
0.535
0.52
0.515
0.52
0.54
0.535
0.555
0.545
0.535
0.5
0.5
0.505
0.505
0.53
0.54
0.56
0.58
0.625
0.685
0.73
0.685
0.645
0.58
0.56
0.54
0.53
0.52
0.53
0.55
0.54
0.56
0.555
0.54
0.505
0.59
0.595
0.6
0.625
0.64
0.665
0.69
0.735
0.81
0.86
0.81
0.76
0.69
0.665
0.64
0.625
0.615
0.625
0.65
0.64
0.665
0.655
0.64
0.6
0.57
0.575
0.58
0.6
0.615
0.64
0.665
0.71
0.78
0.83
0.78
0.735
0.665
0.64
0.615
0.6
0.59
0.6
0.625
0.615
0.64
0.63
0.615
0.58
0.55
0.555
0.56
0.585
0.595
0.62
0.64
0.69
0.755
0.805
0.755
0.71
0.64
0.62
0.595
0.585
0.575
0.585
0.605
0.595
0.62
0.61
0.595
0.56
0.585
0.59
0.595
0.62
0.635
0.66
0.685
0.735
0.805
0.855
0.805
0.76
0.685
0.66
0.635
0.62
0.61
0.62
0.645
0.635
0.66
0.65
0.635
0.595
0.605
0.61
0.615
0.64
0.655
0.68
0.705
0.755
0.83
0.88
0.83
0.78
0.705
0.68
0.655
0.64
0.63
0.64
0.665
0.655
0.68
0.67
0.655
0.615
0.53
0.535
0.54
0.565
0.575
0.6
0.62
0.665
0.73
0.775
0.73
0.69
0.62
0.6
0.575
0.565
0.555
0.565
0.585
0.575
0.6
0.59
0.575
0.54
0.545
0.55
0.555
0.58
0.595
0.615
0.64
0.685
0.755
0.8
0.755
0.705
0.64
0.615
0.595
0.58
0.57
0.58
0.6
0.595
0.615
0.605
0.595
0.555
0.645
0.655
0.66
0.685
0.7
0.73
0.755
0.81
0.89
0.945
0.89
0.835
0.755
0.73
0.7
0.685
0.675
0.685
0.71
0.7
0.73
0.715
0.7
0.66
0.715
0.72
0.725
0.755
0.775
0.805
0.835
0.895
0.98
1.04
0.98
0.92
0.835
0.805
0.775
0.755
0.745
0.755
0.785
0.775
0.805
0.79
0.775
0.725
0.57
0.575
0.58
0.605
0.62
0.645
0.665
0.715
0.785
0.835
0.785
0.74
0.665
0.645
0.62
0.605
0.595
0.605
0.63
0.62
0.645
0.635
0.62
0.58
0.475
0.48
0.485
0.5
0.515
0.535
0.555
0.595
0.655
0.69
0.655
0.615
0.555
0.535
0.515
0.5
0.495
0.5
0.52
0.515
0.535
0.525
0.515
0.485
0.435
0.44
0.445
0.46
0.47
0.49
0.51
0.545
0.6
0.635
0.6
0.56
0.51
0.49
0.47
0.46
0.455
0.46
0.48
0.47
0.49
0.48
0.47
0.445
0.44
0.44
0.445
0.465
0.475
0.495
0.51
0.55
0.605
0.64
0.605
0.565
0.51
0.495
0.475
0.465
0.455
0.465
0.48
0.475
0.495
0.485
0.475
0.445
0.495
0.5
0.505
0.525
0.535
0.56
0.58
0.62
0.68
0.725
0.68
0.64
0.58
0.56
0.535
0.525
0.515
0.525
0.545
0.535
0.56
0.55
0.535
0.505
0.535
0.54
0.545
0.565
0.58
0.6
0.625
0.67
0.735
0.78
0.735
0.69
0.625
0.6
0.58
0.565
0.56
0.565
0.59
0.58
0.6
0.595
0.58
0.545
0.565
0.565
0.57
0.595
0.61
0.635
0.655
0.705
0.775
0.82
0.775
0.725
0.655
0.635
0.61
0.595
0.585
0.595
0.62
0.61
0.635
0.625
0.61
0.57
0.565
0.57
0.575
0.6
0.615
0.635
0.66
0.705
0.78
0.825
0.78
0.73
0.66
0.635
0.615
0.6
0.59
0.6
0.62
0.615
0.635
0.625
0.615
0.575
0.445
0.45
0.455
0.475
0.485
0.505
0.52
0.56
0.615
0.655
0.615
0.58
0.52
0.505
0.485
0.475
0.465
0.475
0.49
0.485
0.505
0.495
0.485
0.455
0.47
0.475
0.48
0.5
0.51
0.53
0.55
0.59
0.65
0.69
0.65
0.61
0.55
0.53
0.51
0.5
0.49
0.5
0.52
0.51
0.53
0.525
0.51
0.48
0.57
0.575
0.58
0.6
0.615
0.64
0.665
0.71
0.78
0.83
0.78
0.735
0.665
0.64
0.615
0.6
0.59
0.6
0.625
0.615
0.64
0.63
0.615
0.58
0.41
0.415
0.42
0.435
0.445
0.46
0.48
0.515
0.565
0.6
0.565
0.53
0.48
0.46
0.445
0.435
0.43
0.435
0.45
0.445
0.46
0.455
0.445
0.42
0.43
0.435
0.435
0.455
0.465
0.485
0.5
0.535
0.59
0.625
0.59
0.555
0.5
0.485
0.465
0.455
0.445
0.455
0.47
0.465
0.485
0.475
0.465
0.435
0.46
0.465
0.465
0.485
0.5
0.515
0.535
0.575
0.63
0.67
0.63
0.595
0.535
0.515
0.5
0.485
0.48
0.485
0.505
0.5
0.515
0.51
0.5
0.465
0.515
0.52
0.525
0.545
0.56
0.58
0.605
0.645
0.71
0.755
0.71
0.67
0.605
0.58
0.56
0.545
0.54
0.545
0.57
0.56
0.58
0.575
0.56
0.525
0.505
0.51
0.515
0.535
0.545
0.57
0.59
0.63
0.695
0.735
0.695
0.65
0.59
0.57
0.545
0.535
0.525
0.535
0.555
0.545
0.57
0.56
0.545
0.515
0.61
0.615
0.62
0.645
0.66
0.685
0.71
0.76
0.835
0.885
0.835
0.785
0.71
0.685
0.66
0.645
0.635
0.645
0.67
0.66
0.685
0.675
0.66
0.62
0.67
0.675
0.685
0.71
0.73
0.755
0.785
0.84
0.925
0.98
0.925
0.865
0.785
0.755
0.73
0.71
0.7
0.71
0.74
0.73
0.755
0.745
0.73
0.685
0.685
0.69
0.7
0.725
0.745
0.775
0.8
0.86
0.945
1
0.945
0.885
0.8
0.775
0.745
0.725
0.715
0.725
0.755
0.745
0.775
0.76
0.745
0.7
0.535
0.54
0.545
0.565
0.58
0.6
0.625
0.67
0.735
0.78
0.735
0.69
0.625
0.6
0.58
0.565
0.56
0.565
0.59
0.58
0.6
0.595
0.58
0.545
0.515
0.52
0.525
0.545
0.555
0.58
0.6
0.645
0.705
0.75
0.705
0.665
0.6
0.58
0.555
0.545
0.535
0.545
0.565
0.555
0.58
0.57
0.555
0.525
0.63
0.635
0.64
0.665
0.68
0.71
0.735
0.785
0.865
0.92
0.865
0.815
0.735
0.71
0.68
0.665
0.655
0.665
0.69
0.68
0.71
0.695
0.68
0.64
0.645
0.65
0.655
0.68
0.7
0.725
0.75
0.805
0.885
0.94
0.885
0.83
0.75
0.725
0.7
0.68
0.67
0.68
0.71
0.7
0.725
0.715
0.7
0.655
0.555
0.56
0.565
0.59
0.605
0.625
0.65
0.695
0.765
0.81
0.765
0.72
0.65
0.625
0.605
0.59
0.58
0.59
0.61
0.605
0.625
0.615
0.605
0.565
0.515
0.52
0.525
0.545
0.555
0.58
0.6
0.645
0.705
0.75
0.705
0.665
0.6
0.58
0.555
0.545
0.535
0.545
0.565
0.555
0.58
0.57
0.555
0.525
0.555
0.56
0.565
0.59
0.605
0.625
0.65
0.695
0.765
0.81
0.765
0.72
0.65
0.625
0.605
0.59
0.58
0.59
0.61
0.605
0.625
0.615
0.605
0.565
0.585
0.59
0.595
0.62
0.63
0.655
0.68
0.73
0.805
0.85
0.805
0.755
0.68
0.655
0.63
0.62
0.61
0.62
0.64
0.63
0.655
0.645
0.63
0.595
0.525
0.53
0.535
0.555
0.57
0.59
0.615
0.66
0.725
0.765
0.725
0.68
0.615
0.59
0.57
0.555
0.55
0.555
0.58
0.57
0.59
0.585
0.57
0.535
0.52
0.525
0.53
0.55
0.565
0.585
0.605
0.65
0.715
0.76
0.715
0.67
0.605
0.585
0.565
0.55
0.54
0.55
0.57
0.565
0.585
0.575
0.565
0.53
0.52
0.525
0.53
0.55
0.565
0.585
0.605
0.65
0.715
0.76
0.715
0.67
0.605
0.585
0.565
0.55
0.54
0.55
0.57
0.565
0.585
0.575
0.565
0.53
0.56
0.565
0.57
0.59
0.605
0.63
0.655
0.7
0.77
0.815
0.77
0.725
0.655
0.63
0.605
0.59
0.585
0.59
0.615
0.605
0.63
0.62
0.605
0.57
0.565
0.57
0.575
0.6
0.615
0.635
0.66
0.705
0.78
0.825
0.78
0.73
0.66
0.635
0.615
0.6
0.59
0.6
0.62
0.615
0.635
0.625
0.615
0.575
0.58
0.585
0.585
0.61
0.625
0.65
0.675
0.72
0.795
0.84
0.795
0.745
0.675
0.65
0.625
0.61
0.6
0.61
0.635
0.625
0.65
0.64
0.625
0.585
0.665
0.67
0.675
0.705
0.72
0.75
0.775
0.83
0.915
0.97
0.915
0.86
0.775
0.75
0.72
0.705
0.695
0.705
0.73
0.72
0.75
0.74
0.72
0.675
0.615
0.62
0.625
0.65
0.665
0.69
0.715
0.77
0.845
0.895
0.845
0.795
0.715
0.69
0.665
0.65
0.64
0.65
0.675
0.665
0.69
0.68
0.665
0.625
0.595
0.6
0.605
0.625
0.64
0.665
0.69
0.74
0.815
0.865
0.815
0.765
0.69
0.665
0.64
0.625
0.62
0.625
0.65
0.64
0.665
0.655
0.64
0.605
0.57
0.575
0.58
0.6
0.615
0.64
0.665
0.71
0.78
0.83
0.78
0.735
0.665
0.64
0.615
0.6
0.59
0.6
0.625
0.615
0.64
0.63
0.615
0.58
0.555
0.56
0.565
0.585
0.6
0.625
0.645
0.69
0.76
0.805
0.76
0.715
0.645
0.625
0.6
0.585
0.575
0.585
0.61
0.6
0.625
0.615
0.6
0.565
0.525
0.53
0.53
0.555
0.565
0.59
0.61
0.655
0.72
0.765
0.72
0.675
0.61
0.59
0.565
0.555
0.545
0.555
0.575
0.565
0.59
0.58
0.565
0.53
0.65
0.655
0.66
0.69
0.705
0.73
0.76
0.815
0.895
0.95
0.895
0.84
0.76
0.73
0.705
0.69
0.675
0.69
0.715
0.705
0.73
0.72
0.705
0.66
0.765
0.77
0.78
0.81
0.83
0.86
0.895
0.955
1.055
1.115
1.055
0.99
0.895
0.86
0.83
0.81
0.795
0.81
0.84
0.83
0.86
0.85
0.83
0.78
0.82
0.825
0.835
0.87
0.89
0.925
0.955
1.025
1.13
1.195
1.13
1.06
0.955
0.925
0.89
0.87
0.855
0.87
0.9
0.89
0.925
0.91
0.89
0.835
0.81
0.82
0.825
0.86
0.88
0.91
0.945
1.015
1.115
1.185
1.115
1.045
0.945
0.91
0.88
0.86
0.845
0.86
0.89
0.88
0.91
0.9
0.88
0.825
0.865
0.875
0.88
0.915
0.94
0.975
1.01
1.08
1.19
1.26
1.19
1.12
1.01
0.975
0.94
0.915
0.9
0.915
0.95
0.94
0.975
0.96
0.94
0.88
0.785
0.795
0.8
0.835
0.85
0.885
0.92
0.985
1.08
1.145
1.08
1.015
0.92
0.885
0.85
0.835
0.82
0.835
0.865
0.85
0.885
0.87
0.85
0.8
0.75
0.755
0.765
0.795
0.815
0.845
0.875
0.94
1.03
1.095
1.03
0.97
0.875
0.845
0.815
0.795
0.78
0.795
0.825
0.815
0.845
0.83
0.815
0.765
0.695
0.7
0.705
0.735
0.755
0.785
0.81
0.87
0.955
1.015
0.955
0.9
0.81
0.785
0.755
0.735
0.725
0.735
0.765
0.755
0.785
0.77
0.755
0.705
0.71
0.715
0.72
0.75
0.765
0.795
0.825
0.885
0.975
1.03
0.975
0.915
0.825
0.795
0.765
0.75
0.735
0.75
0.78
0.765
0.795
0.785
0.765
0.72
