0,433
0,417
0,249
0,240
0,285
0,126
0,101
0,091
0,105
0,132
0,134
0,377
0,200
0,246
0,309
0,764
0,611
1,030
0,902
0,679
0,712
0,358
0,517
0,178
0,077
0,160
0,120
0,138
0,256
0,150
0,170
0,576
0,619
0,745
0,981
1,036
0,789
0,707
0,702
0,514
1,271
1,431
1,442
1,078
0,913
0,289
0,322
0,278
0,151
0,188
0,256
0,555
0,306
0,113
0,127
0,151
0,393
0,552
0,465
0,557
0,790
0,912
1,008
1,462
1,943
1,944
1,848
1,799
1,056
0,989
0,740
0,336
0,183
0,131
0,141
0,141
0,165
0,212
0,049
0,106
0,214
0,437
0,467
0,883
0,358
0,208
0,426
0,630
1,222
1,746
1,621
1,111
0,638
0,656
0,305
0,324
0,054
0,018
0,007
0,005
0,013
0,101
0,360
0,368
0,460
0,317
0,233
0,330
0,508
0,414
0,840
0,893
1,640
2,301
2,548
2,246
1,233
0,844
0,842
0,408
0,233
0,151
0,159
0,097
0,078
0,165
0,434
0,535
0,919
0,320
0,328
0,252
0,298
0,321
0,386
0,304
1,254
1,526
1,183
0,947
0,513
0,247
0,388
0,236
0,159
0,092
0,150
0,117
0,119
0,136
0,449
1,048
1,863
1,336
1,086
1,272
0,807
1,236
1,501
1,416
1,702
2,340
1,518
0,862
0,918
0,343
0,543
0,442
0,253
0,257
0,226
0,062
0,230
0,236
0,314
0,615
1,269
1,161
0,977
0,873
0,677
0,975
0,771
0,597
1,708
2,301
1,542
0,394
0,445
0,381
0,529
0,224
0,202
0,186
0,105
0,046
0,104
0,262
0,610
1,288
2,237
2,417
2,155
1,431
0,610
0,354
0,409
0,429
0,674
1,974
1,487
0,727
0,396
0,373
0,670
0,554
0,415
0,258
0,343
0,136
0,094
0,103
0,303
0,253
0,482
0,465
0,480
1,140
0,505
0,468
0,733
0,868
1,076
3,225
2,923
1,927
0,762
0,518
0,768
0,276
0,341
0,123
0,236
0,117
0,227
0,163
0,056
0,136
0,149
0,284
0,633
1,130
0,426
0,344
0,424
0,506
0,938
2,116
2,291
1,286
0,697
0,466
1,351
0,511
0,693
0,284
0,233
0,178
0,176
0,300
0,893
1,186
1,185
1,126
1,115
1,081
0,852
0,945
0,916
0,934
1,010
1,637
1,353
1,223
0,453
0,319
0,432
0,252
0,238
0,220
0,080
0,070
0,030
0,201
0,635
1,122
0,928
0,382
0,431
0,292
0,322
0,381
0,774
1,066
1,533
2,433
2,035
1,715
0,906
0,431
0,409
0,317
0,193
0,077
0,061
0,074
0,099
0,054
0,291
0,713
1,237
1,064
0,922
0,506
0,331
0,452
0,861
1,675
1,807
2,224
2,693
2,249
1,524
0,954
1,075
0,825
0,178
0,164
0,033
0,014
0,013
0,133
0,679
1,959
1,913
0,867
0,411
0,460
0,262
0,337
0,547
0,558
0,615
1,505
0,973
0,419
0,317
0,310
0,318
0,062
0,061
0,058
0,102
0,014
0,073
0,160
0,530
1,570
1,088
0,912
0,742
0,754
1,081
1,198
1,228
0,604
0,867
1,610
2,043
1,578
1,437
0,588
0,597
0,484
0,402
0,176
0,172
0,130
0,074
0,038
0,143
0,210
0,411
0,380
0,653
0,618
0,598
0,527
0,313
0,479
0,962
1,987
1,750
1,662
1,164
0,582
0,901
0,432
0,315
0,216
0,113
0,080
0,060
0,065
0,118
0,133
0,264
0,295
0,390
0,291
0,408
0,407
0,421
0,426
0,614
1,349
1,828
1,132
0,791
0,360
0,506
0,408
0,329
0,226
0,243
0,203
0,201
0,501
0,852
1,517
1,519
1,692
1,844
1,148
0,767
0,429
0,356
0,363
1,053
2,538
2,359
1,067
0,733
0,471
0,527
0,384
0,296
0,138
0,135
0,160
0,259
0,331
0,492
1,669
2,499
2,107
2,200
2,286
1,679
1,385
0,620
0,345
0,437
2,470
2,412
1,586
0,727
0,387
0,314
0,286
0,262
0,159
0,141
0,130
0,192
0,238
0,531
1,359
2,287
1,948
1,680
1,078
0,758
0,774
0,877
0,626
0,644
2,519
1,905
1,101
0,437
0,359
0,223
0,174
0,221
0,142
0,110
0,110
0,145
0,193
0,404
0,793
1,619
1,910
2,006
2,416
1,121
1,184
1,004
0,888
0,903
1,863
2,160
0,810
0,428
0,390
0,321
0,244
0,268
0,145
0,103
0,085
0,108
0,105
0,382
0,944
2,489
2,559
2,082
1,881
0,895
0,751
0,640
0,482
0,377
2,070
1,485
0,436
0,283
0,416
0,286
0,276
0,304
0,146
0,108
0,031
0,010
0,114
0,100
0,304
0,502
0,807
1,198
0,951
0,545
0,280
0,192
0,391
0,499
2,383
2,117
0,748
0,169
0,199
0,302
0,122
0,115
0,135
0,137
0,139
0,087
0,085
0,136
0,268
0,253
0,495
0,468
0,525
0,414
0,270
0,289
0,425
0,783
1,646
1,964
1,405
0,681
0,230
0,400
0,220
0,203
0,181
0,207
0,075
0,077
0,155
0,417
1,367
2,435
1,822
1,833
1,881
1,295
1,007
0,684
0,885
0,718
1,074
0,820
1,042
0,636
0,780
0,426
0,180
0,138
0,084
0,122
0,094
0,190
0,153
0,414
0,861
1,228
0,873
0,887
0,705
0,539
0,620
0,399
0,633
0,979
2,354
2,043
1,533
1,116
1,099
0,353
0,246
0,174
0,107
0,076
0,103
0,196
0,168
0,934
1,820
2,995
2,263
1,162
0,919
0,297
0,278
0,451
0,439
0,307
0,750
0,537
0,382
0,410
0,264
0,674
0,214
0,125
0,142
0,089
0,096
0,199
0,176
0,486
0,900
0,486
0,422
0,455
0,600
0,396
0,569
1,034
1,161
1,662
2,206
2,367
1,974
1,548
0,620
0,416
0,039
0,144
0,074
0,148
0,138
0,127
0,031
0,441
1,974
2,159
2,205
2,076
1,609
1,144
0,639
0,670
0,318
0,787
2,453
2,623
1,472
0,482
0,451
0,364
0,348
0,174
0,138
0,011
0,022
0,127
0,065
0,172
0,198
0,402
0,848
0,960
0,852
0,626
0,333
0,359
0,359
0,665
1,353
1,735
1,362
0,476
0,224
0,520
0,462
0,217
0,331
0,136
0,156
0,130
0,121
0,157
0,188
0,284
0,312
0,317
0,844
0,532
0,189
0,215
0,197
0,452
1,048
1,609
1,108
0,451
0,283
0,292
0,158
0,245
0,106
0,021
0,021
0,046
0,101
0,359
0,741
1,110
1,002
0,863
0,982
0,668
0,644
0,918
1,075
1,050
1,730
2,172
1,153
0,534
0,558
0,372
0,124
0,176
0,058
0,011
0,023
0,190
0,373
0,496
1,607
2,198
1,425
1,056
0,624
0,179
0,147
0,162
0,276
0,594
1,676
2,218
1,808
0,998
0,951
0,598
0,321
0,335
0,300
0,056
0,078
0,107
0,106
0,511
1,417
1,947
1,499
1,210
0,885
0,454
0,363
0,211
0,321
0,471
1,276
2,224
1,523
0,977
0,450
0,477
0,296
0,120
0,082
0,041
0,094
0,087
0,073
0,634
1,690
2,057
2,422
1,786
1,183
0,639
0,544
0,722
0,906
0,948
1,449
0,876
0,550
0,418
0,502
0,536
0,154
0,053
0,059
0,046
0,027
0,082
0,108
0,434
1,440
1,838
1,418
0,884
0,687
0,205
0,095
0,254
0,295
0,586
2,010
2,750
1,637
0,820
0,295
0,347
0,429
0,395
0,226
0,132
0,063
0,101
0,036
0,058
0,407
0,949
0,714
0,432
0,315
0,204
0,265
0,453
0,367
0,643
1,526
1,850
0,688
0,357
0,395
0,550
0,322
0,163
0,161
0,086
0,107
0,128
0,094
0,197
0,167
0,364
0,250
0,272
0,292
0,234
0,230
0,263
0,397
0,619
0,983
2,057
1,808
1,395
1,111
1,118
0,621
0,196
0,126
0,097
0,032
0,026
0,087
0,588
0,887
0,738
0,720
1,173
1,006
0,694
0,565
0,576
0,902
0,709
1,943
2,125
1,167
0,646
0,464
0,452
0,249
0,268
0,108
0,027
0,018
0,096
0,134
0,552
0,932
1,317
0,971
0,718
0,622
0,479
0,669
0,738
0,629
0,633
1,911
2,550
2,174
0,685
0,416
0,320
0,245
0,142
0,097
0,146
0,141
0,117
0,137
0,417
1,216
1,709
1,669
1,706
1,560
1,158
0,693
0,883
0,878
0,755
2,042
2,916
2,434
1,154
0,671
0,553
0,244
0,190
0,184
0,118
0,068
0,052
0,075
0,585
2,101
2,097
2,119
1,428
1,206
0,870
0,766
0,435
0,234
0,194
0,890
2,489
1,780
0,584
0,619
0,466
0,451
0,230
0,059
0,124
0,182
0,141
0,138
0,589
1,664
2,368
1,405
0,643
0,955
0,579
0,113
0,196
0,468
0,819
1,485
2,534
1,535
0,784
0,162
0,330
0,320
0,285
0,092
0,214
0,199
0,120
0,153
0,166
0,486
0,723
0,518
0,332
0,273
0,230
0,157
0,238
0,335
0,563
1,498
2,777
1,443
0,440
0,359
0,642
0,549
0,266
0,190
0,228
0,219
0,164
0,065
0,109
0,209
0,331
0,310
0,338
0,375
0,194
0,342
0,331
0,391
0,450
0,881
1,518
0,924
0,635
0,337
0,246
0,197
0,131
0,063
0,078
0,116
0,112
0,188
0,262
0,453
0,958
0,743
0,648
0,366
0,253
0,198
0,155
0,157
0,483
0,939
2,491
1,598
0,697
0,501
0,559
0,343
0,256
0,171
0,073
0,025
0,081
0,105
0,588
1,616
1,969
1,985
1,622
1,287
1,236
0,999
0,854
0,564
0,700
1,754
2,690
1,951
0,956
0,370
0,381
0,193
0,138
0,138
0,112
0,019
0,013
0,138
0,596
1,673
1,953
2,043
1,874
1,026
0,534
0,445
0,494
0,870
0,997
0,786
2,101
1,272
0,412
0,281
0,426
0,164
0,223
0,071
0,039
0,040
0,145
0,114
0,635
1,160
1,636
1,551
1,079
0,767
0,569
0,483
0,883
0,875
1,049
1,659
2,468
1,508
0,394
0,310
0,381
0,288
0,216
0,095
0,119
0,062
0,034
0,064
0,717
1,056
0,949
0,186
0,301
0,150
0,266
0,381
0,961
0,741
0,881
1,597
2,693
1,955
0,596
0,219
0,426
0,341
0,100
0,021
0,131
0,150
0,109
0,095
0,194
0,253
0,425
0,843
0,250
0,324
0,142
0,131
0,201
0,486
1,339
2,033
3,516
2,827
1,631
0,716
0,541
0,155
0,139
0,080
0,092
0,136
0,028
0,097
0,147
0,339
0,309
0,316
0,382
0,479
0,268
0,296
0,339
0,488
0,720
1,260
2,900
2,065
1,176
0,538
0,542
0,137
0,057
0,125
0,058
0,138
0,146
0,294
0,578
0,653
0,637
0,922
0,669
0,988
0,800
1,270
2,018
1,546
0,663
1,175
2,249
1,921
1,117
0,401
0,377
0,161
0,218
0,087
0,048
0,070
0,170
0,213
0,418
0,484
0,430
0,467
0,705
0,519
0,542
0,665
0,738
0,578
0,346
0,841
2,325
1,682
0,972
0,490
0,510
0,466
0,200
0,073
0,025
0,160
0,166
0,300
0,678
1,262
1,232
0,639
0,455
0,382
0,464
0,195
0,272
0,363
0,730
1,644
2,999
2,541
1,046
1,186
0,549
0,222
0,089
0,114
0,047
0,072
0,066
0,237
0,904
1,954
1,561
0,858
0,532
0,182
0,168
0,396
0,361
0,202
0,327
0,579
1,006
0,524
0,568
0,523
0,639
0,186
0,092
0,113
0,087
0,139
0,180
0,336
1,010
1,528
1,525
1,110
1,010
0,561
0,356
0,445
0,431
0,726
1,199
1,905
2,704
2,125
0,981
0,425
0,372
0,608
0,362
0,252
0,182
0,133
0,123
0,090
0,244
0,303
0,563
0,701
0,384
0,280
0,287
0,198
0,184
0,231
0,651
1,415
2,346
0,938
0,336
0,548
0,770
0,188
0,207
0,202
0,219
0,158
0,110
0,083
0,077
0,330
0,282
0,387
0,170
0,319
0,370
0,239
0,436
0,317
0,407
1,258
3,298
2,829
1,566
0,881
0,734
0,510
0,211
0,046
0,014
0,009
0,050
0,268
0,695
0,923
1,064
0,530
0,374
0,303
0,222
0,179
0,358
0,599
1,118
1,636
2,720
2,228
0,969
0,267
0,089
0,033
0,056
0,032
0,148
0,092
0,108
0,183
0,885
1,629
1,064
0,327
0,267
0,263
0,161
0,435
0,433
0,525
0,766
1,608
2,350
2,179
1,090
0,521
0,335
0,029
0,087
0,283
0,085
0,038
0,139
0,192
0,703
1,169
1,021
0,407
0,408
0,709
0,311
0,449
0,343
0,338
0,595
0,952
1,956
1,792
0,720
0,448
0,425
0,199
0,132
0,118
0,094
0,014
0,042
0,224
0,612
0,855
1,287
0,801
1,050
0,761
0,428
0,686
0,589
0,610
0,808
1,395
2,569
2,535
1,432
0,629
0,309
0,205
0,141
0,208
0,152
0,023
0,078
0,130
0,771
1,232
1,532
1,036
0,941
0,763
0,781
0,964
0,732
0,591
0,765
1,318
2,188
2,087
1,490
0,814
0,578
0,236
0,324
0,165
0,097
0,082
0,188
0,127
0,178
0,347
0,443
0,347
0,269
0,326
0,166
0,172
0,225
0,204
0,300
0,946
2,387
1,844
1,216
0,773
0,833
0,414
0,087
0,051
0,152
0,094
0,074
0,094
0,094
0,126
0,145
0,305
0,173
0,073
0,082
0,120
0,153
0,294
0,810
1,263
2,105
1,805
0,993
0,764
0,604
0,326
0,289
0,235
0,154
0,258
0,238
0,233
1,364
2,394
1,400
0,713
0,350
0,381
0,307
0,284
0,217
0,346
0,502
0,882
1,840
2,539
1,020
0,590
0,386
0,180
0,110
0,088
0,013
0,060
0,173
0,172
0,842
1,167
1,169
0,554
0,366
0,325
0,292
0,274
0,476
0,629
0,510
1,069
1,818
2,002
0,788
0,400
0,550
0,158
0,153
0,103
0,027
0,023
0,113
0,102
0,881
1,463
1,481
0,522
0,313
0,209
0,120
0,104
0,286
0,365
0,743
1,141
1,923
2,587
1,359
0,439
0,518
0,227
0,053
0,015
0,030
0,026
0,133
0,227
1,044
1,593
1,457
0,496
0,311
0,362
0,267
0,317
0,230
0,228
0,225
0,703
1,983
2,026
0,892
0,443
0,466
0,094
0,064
0,116
0,034
0,174
0,122
0,084
0,753
1,534
0,965
0,708
0,545
0,599
1,168
0,847
0,637
0,658
0,721
1,063
2,071
2,245
1,156
0,647
0,504
0,393
0,405
0,231
0,201
0,195
0,163
0,227
0,157
0,352
0,795
1,438
1,160
1,233
0,737
0,577
0,479
0,604
0,443
0,883
1,394
1,362
0,431
0,306
0,540
0,580
0,230
0,162
0,165
0,227
0,230
0,202
0,229
0,260
0,646
0,374
0,330
0,441
0,346
0,148
0,467
0,484
0,391
0,606
2,129
2,130
0,761
0,292
0,279
0,419
0,279
0,216
0,191
0,196
0,178
0,367
0,955
1,441
1,532
0,745
0,367
0,402
0,367
0,525
0,354
0,243
0,476
1,170
1,972
2,545
1,388
0,720
0,665
0,285
0,214
0,221
0,141
0,172
0,120
0,250
1,413
2,217
1,896
0,933
0,297
0,211
0,155
0,241
0,445
0,487
0,832
1,027
2,215
2,913
1,085
0,506
0,377
0,181
0,079
0,105
0,015
0,011
0,044
0,278
0,927
1,359
0,768
0,408
0,241
0,234
0,209
0,330
0,382
0,355
0,624
0,892
1,907
2,488
1,276
0,963
0,523
0,341
0,211
0,077
0,057
0,116
0,056
0,187
1,107
1,928
1,613
1,018
0,401
0,266
0,286
0,315
0,327
0,340
0,721
1,562
2,358
3,334
2,324
0,913
0,494
0,238
0,105
0,128
0,066
0,030
0,045
0,133
0,477
0,867
0,779
0,647
1,407
0,983
0,392
0,311
0,143
0,139
0,341
0,757
2,096
3,201
2,405
1,198
0,877
0,341
0,248
0,171
0,165
0,099
0,167
0,199
0,161
0,348
0,241
0,665
0,480
0,430
0,527
0,669
0,362
0,404
0,430
1,006
1,855
1,673
0,349
0,217
0,434
0,270
0,119
0,104
0,154
0,311
0,260
0,214
0,206
0,279
0,227
0,195
0,628
1,042
0,638
0,140
0,194
0,422
0,524
0,802
1,542
2,661
1,660
0,621
0,567
0,256
0,232
0,186
0,120
0,203
0,135
0,198
1,135
1,801
2,395
1,313
0,850
0,721
0,208
0,151
0,143
0,221
0,321
0,867
2,049
3,855
1,932
0,541
0,537
0,294
0,207
0,094
0,143
0,138
0,236
0,314
1,224
2,135
1,594
0,325
0,546
0,420
0,349
0,283
0,436
0,494
0,861
1,324
2,156
2,750
1,366
0,574
0,347
0,238
0,132
0,099
0,042
0,039
0,119
0,207
0,452
1,244
0,973
0,644
0,434
0,627
0,332
0,502
0,710
0,979
0,812
1,210
2,042
2,547
1,156
0,413
0,405
0,272
0,112
0,071
0,083
0,093
0,134
0,189
1,131
2,639
2,901
2,421
1,628
1,365
0,904
0,938
0,942
0,859
0,802
1,618
2,070
2,323
1,118
0,265
0,311
0,246
0,166
0,118
0,020
0,059
0,091
0,102
0,264
1,400
1,351
0,711
0,900
1,088
0,424
0,254
0,269
0,474
0,581
0,956
1,462
1,870
0,810
0,383
0,448
0,494
0,361
0,190
0,116
0,169
0,101
0,249
0,243
0,823
0,658
0,405
0,152
0,191
0,300
0,216
0,358
0,630
0,470
1,137
1,300
1,559
0,645
0,299
0,326
0,274
0,313
0,145
0,217
0,196
0,175
0,054
0,124
0,094
0,180
0,496
1,200
1,655
1,665
1,339
0,732
0,672
0,558
1,061
1,845
1,751
1,653
0,993
0,449
0,609
0,397
0,322
0,323
0,356
0,236
0,569
0,852
1,256
1,134
0,688
0,563
0,439
0,375
0,497
0,396
0,475
0,549
0,858
1,722
2,994
2,426
1,359
0,626
0,857
0,383
0,435
0,481
0,188
0,202
0,950
2,112
2,059
1,408
1,048
0,709
0,617
0,491
0,661
0,687
0,497
0,365
0,548
1,275
1,709
0,921
0,676
0,338
0,437
0,325
0,322
0,190
0,292
0,773
1,009
1,832
1,854
1,260
0,882
0,746
0,301
0,214
0,243
0,481
0,470
0,797
0,865
2,509
3,339
2,038
1,555
0,662
0,564
0,438
0,310
0,307
0,416
0,663
1,319
2,394
3,413
2,538
1,672
1,457
0,379
0,293
0,229
0,210
0,313
0,481
1,015
1,618
2,429
1,521
0,883
0,526
0,772
0,506
0,437
0,540
0,450
0,303
0,366
0,684
0,679
0,503
0,316
0,469
0,334
0,192
0,178
0,283
0,400
0,742
1,153
1,678
3,222
1,973
1,514
0,987
0,406
0,235
0,345
0,310
0,119
0,224
0,337
0,290
0,578
0,825
0,441
0,466
0,578
0,285
0,236
0,151
0,225
0,737
1,134
2,160
2,353
1,357
0,968
0,811
0,448
0,335
0,419
0,348
0,324
0,296
0,354
0,458
0,538
0,359
0,236
0,235
0,186
0,300
0,243
0,067
0,178
0,486
0,788
1,685
2,129
2,200
2,121
1,151
0,335
0,271
0,331
0,229
0,240
0,248
0,388
0,410
0,586
0,599
0,354
0,215
0,187
0,105
0,187
0,220
0,326
0,369
0,589
1,359
1,742
1,088
1,098
0,509
0,140
0,161
0,180
0,157
0,132
0,181
1,352
2,754
1,805
1,021
0,718
0,425
0,348
0,241
0,247
0,296
0,306
0,377
0,598
2,090
2,784
1,223
0,611
0,357
0,230
0,178
0,089
0,141
0,089
0,106
0,604
1,923
1,960
1,122
0,444
0,408
0,339
0,502
0,596
0,603
0,339
0,961
2,007
2,577
3,084
1,564
0,803
0,451
0,111
0,064
0,147
0,137
0,131
0,216
0,603
1,691
1,986
0,670
0,309
0,358
0,464
0,401
0,363
0,347
0,381
0,477
0,872
2,002
2,359
1,638
0,584
0,293
0,228
0,165
0,128
0,280
0,281
0,325
0,977
2,244
2,551
1,051
0,861
0,535
0,303
0,239
0,297
0,309
0,235
0,586
0,776
1,401
2,347
1,227
0,597
0,398
0,385
0,344
0,360
0,128
0,230
0,288
0,276
0,358
0,752
1,291
0,289
0,358
0,297
0,372
0,356
0,442
0,589
0,620
1,772
1,601
1,692
1,432
1,354
0,568
0,198
0,256
0,250
0,293
0,300
0,320
0,202
0,436
0,858
0,276
0,281
0,334
0,312
0,279
0,109
0,047
0,220
0,364
1,203
3,078
3,356
1,412
0,843
0,456
0,133
0,107
0,214
0,201
0,244
0,368
1,561
2,491
1,674
0,478
0,547
0,629
0,325
0,228
0,149
0,243
0,278
0,721
1,211
1,880
2,574
2,198
1,103
0,571
0,311
0,218
0,073
0,055
0,041
0,350
1,103
2,641
2,145
0,796
0,462
0,414
0,233
0,293
0,319
0,440
0,524
0,576
1,583
2,067
2,389
1,682
0,707
0,386
0,288
0,259
0,166
0,182
0,188
0,416
1,528
2,920
2,072
0,790
0,534
0,409
0,287
0,238
0,148
0,186
0,475
0,804
0,800
2,210
3,254
1,763
0,633
0,419
0,291
0,206
0,207
0,231
0,281
0,538
1,249
2,665
1,934
1,045
0,847
0,371
0,257
0,351
0,179
0,140
0,320
0,362
0,915
2,325
3,178
1,654
0,723
0,432
0,247
0,166
0,138
0,130
0,209
0,282
0,697
2,200
2,862
1,883
1,243
1,297
0,369
0,267
0,296
0,213
0,294
0,379
0,348
0,994
1,275
0,921
0,941
0,379
0,230
0,173
0,176
0,171
0,200
0,191
0,241
1,105
0,966
0,835
0,256
0,630
0,443
0,144
0,050
0,065
0,123
0,284
0,631
1,397
2,005
1,689
1,203
0,615
0,455
0,176
0,222
0,201
0,248
0,206
0,268
0,359
0,467
0,248
0,198
0,222
0,428
0,243
0,199
0,229
0,198
0,407
0,916
1,282
1,755
1,422
0,997
0,572
0,161
0,181
0,180
0,143
0,136
0,375
1,158
2,345
2,095
0,744
0,420
0,418
0,277
0,273
0,315
0,269
0,271
0,393
0,921
1,525
2,390
1,536
1,190
0,675
0,412
0,346
0,303
0,353
0,268
0,582
1,286
2,313
2,385
0,939
0,393
0,419
0,353
0,289
0,247
0,159
0,294
0,469
0,850
0,915
1,012
0,725
0,497
0,313
0,242
0,195
0,134
0,195
0,215
0,457
1,005
1,139
1,119
0,747
0,612
0,611
0,416
0,317
0,320
0,323
0,336
0,658
0,753
1,156
1,074
1,204
0,766
0,397
0,378
0,298
0,311
0,301
0,331
0,310
0,802
1,261
1,371
0,823
0,737
0,544
0,406
0,206
0,334
0,314
0,510
0,514
0,579
1,354
1,504
0,900
0,553
0,406
0,257
0,293
0,265
0,280
0,222
0,431
0,794
1,550
1,891
1,371
0,575
0,404
0,352
0,236
0,346
0,288
0,504
0,795
0,927
0,697
1,017
0,940
1,030
0,727
0,246
0,231
0,205
0,113
0,189
0,113
0,119
0,490
0,726
0,981
0,614
0,458
0,414
0,339
0,233
0,300
0,388
0,504
0,422
0,781
0,836
0,825
0,741
0,595
0,362
0,325
0,223
0,427
0,306
0,202
0,165
0,246
0,119
0,272
0,444
0,576
0,255
0,212
0,186
0,219
0,520
0,705
0,882
1,046
1,206
1,501
0,791
0,529
0,339
0,273
0,244
0,105
0,073
0,128
0,426
2,167
2,209
1,728
1,414
1,602
0,913
0,759
0,531
0,413
0,313
0,544
0,906
1,414
1,166
0,858
0,395
0,181
0,135
0,130
0,155
0,137
0,113
0,282
0,615
1,705
2,386
1,790
1,207
0,932
0,630
0,417
0,356
0,258
0,393
0,632
0,397
0,366
0,767
0,841
0,599
0,295
0,240
0,157
0,200
0,218
0,158
0,192
0,416
1,153
1,217
0,572
0,252
0,226
0,256
0,352
0,447
0,394
0,551
1,048
1,344
2,059
2,450
1,561
0,871
0,201
0,137
0,161
0,176
0,182
0,186
0,290
0,859
1,966
2,331
1,391
1,017
0,691
0,362
0,328
0,421
0,266
0,446
0,696
1,148
1,398
1,602
0,840
1,147
1,189
1,104
0,481
0,285
0,214
0,271
0,165
0,281
0,293
0,324
0,584
0,695
0,636
0,379
0,132
0,235
0,214
0,193
0,320
0,695
1,361
1,377
1,466
1,463
0,930
0,325
0,174
0,172
0,247
0,280
0,141
0,198
0,310
0,391
0,460
0,398
0,487
0,372
0,398
0,414
0,356
0,357
0,663
1,718
2,100
2,143
1,980
1,524
1,228
0,374
0,382
0,227
0,225
0,205
0,214
0,229
0,362
0,389
0,402
0,457
0,482
0,422
0,220
0,451
0,430
0,552
1,008
1,387
1,745
1,660
1,320
0,908
0,649
0,312
0,273
0,291
0,263
0,336
0,331
1,271
2,123
1,314
0,600
0,920
0,801
0,465
0,368
0,437
0,495
0,443
0,837
1,138
2,359
1,984
1,985
0,620
0,362
0,265
0,322
0,241
0,331
0,273
0,225
0,826
2,430
3,472
2,491
1,607
0,564
0,455
0,991
1,213
0,538
0,274
0,236
0,326
0,707
1,288
2,047
1,722
1,124
0,429
0,250
0,282
0,297
0,270
0,266
0,636
2,458
2,679
1,020
0,415
0,486
0,420
0,336
0,342
0,316
0,353
0,655
0,796
1,400
2,262
1,382
0,685
0,522
0,238
0,199
0,205
0,192
0,231
0,193
0,577
1,186
0,328
0,412
0,925
0,981
0,526
0,413
0,488
0,342
0,522
0,635
1,505
2,049
2,179
1,853
1,305
0,671
0,195
0,159
0,111
0,177
0,141
0,191
0,552
1,351
1,560
0,828
0,305
0,345
0,411
0,228
0,355
0,384
0,488
0,696
0,931
1,033
1,027
0,770
0,646
0,433
0,364
0,384
0,241
0,213
0,199
0,165
0,180
0,623
0,780
1,177
1,360
0,837
0,394
0,211
0,243
0,102
0,354
0,808
0,871
1,565
1,637
1,485
1,388
1,154
0,682
0,269
0,255
0,333
0,309
0,150
0,253
0,546
0,355
0,232
0,169
0,287
0,113
0,122
0,234
0,383
0,576
0,670
0,875
1,510
2,144
2,643
2,192
0,856
0,326
0,304
0,395
0,431
0,375
0,291
0,598
1,813
2,364
1,412
0,598
0,609
0,499
0,306
0,377
0,501
0,373
0,540
1,334
2,216
2,108
1,480
1,008
0,492
0,326
0,415
0,312
0,245
0,137
0,146
0,754
2,191
2,340
1,825
0,929
0,797
0,424
0,352
0,431
0,406
0,353
0,440
0,665
0,987
1,184
1,383
1,137
0,718
0,384
0,306
0,303
0,372
0,274
0,218
1,475
2,589
2,055
0,496
0,698
0,645
0,203
0,478
0,622
0,889
0,668
0,616
1,082
1,853
1,819
1,536
0,936
0,780
0,571
0,276
0,237
0,165
0,328
0,221
0,129
0,325
0,252
0,185
0,273
0,509
0,272
0,136
0,254
0,231
0,316
0,483
0,604
0,965
1,462
1,557
1,437
0,590
0,356
0,243
0,281
0,075
0,103
0,285
0,844
1,582
2,326
2,274
1,883
0,943
0,483
0,235
0,249
0,233
0,277
0,482
0,803
1,489
1,741
1,905
1,928
0,775
0,279
0,178
0,270
0,300
0,296
0,154
0,243
0,338
0,881
0,511
0,343
0,666
0,686
0,469
0,362
0,409
0,636
0,567
0,443
0,403
0,592
0,877
0,956
0,550
0,303
0,250
0,179
0,313
0,267
0,291
0,292
0,395
0,323
0,253
0,462
1,312
1,051
0,413
0,291
0,323
0,318
0,320
1,008
1,205
0,996
1,276
1,327
0,852
0,276
0,229
0,252
0,247
0,237
0,274
0,688
1,966
1,969
1,269
0,382
0,597
0,742
0,409
0,440
0,421
0,448
0,738
0,944
1,891
1,546
1,053
0,915
0,546
0,255
0,269
0,172
0,178
0,248
0,326
0,858
1,961
1,985
0,780
0,476
0,771
0,366
0,351
0,389
0,679
0,415
0,317
0,622
1,031
1,115
0,962
1,405
0,576
0,311
0,166
0,130
0,109
0,156
0,141
0,575
2,261
2,799
2,766
2,290
2,202
1,201
0,484
0,229
0,478
0,497
0,464
0,839
1,125
1,002
1,308
1,058
0,673
0,297
0,332
0,335
0,247
0,284
0,330
0,515
1,908
2,129
1,659
1,546
1,867
1,163
0,612
0,602
0,616
0,485
0,855
1,305
1,263
0,895
0,896
0,928
0,356
0,347
0,380
0,320
0,319
0,167
0,208
0,695
2,277
1,658
0,983
0,756
0,605
0,692
0,392
0,464
0,456
0,617
0,698
1,054
1,217
0,986
0,917
0,767
0,678
0,413
0,566
0,406
0,419
0,246
0,291
0,422
0,388
0,579
0,502
0,254
0,295
0,274
0,220
0,223
0,237
0,221
0,470
1,036
1,110
1,207
1,141
1,238
0,583
0,505
0,599
0,395
0,299
0,164
0,168
0,297
0,349
0,361
0,383
0,422
0,458
0,472
0,380
0,249
0,179
0,273
0,488
0,863
0,867
2,048
2,541
2,639
1,040
0,365
0,333
0,278
0,406
0,275
0,261
0,304
0,366
0,376
0,456
0,359
0,563
0,881
0,540
0,516
0,385
0,444
0,879
0,798
0,853
1,054
1,046
1,755
0,935
0,316
0,303
0,185
0,175
0,170
0,190
0,675
2,189
2,286
1,541
1,019
1,818
1,691
1,307
1,043
0,752
0,489
0,627
0,583
0,789
0,417
0,310
0,407
0,349
0,277
0,212
0,167
0,151
0,253
0,267
0,932
2,130
2,359
1,692
2,148
2,677
1,152
0,480
0,402
0,363
0,400
0,692
0,937
1,821
1,560
0,728
0,783
0,374
0,366
0,285
0,270
0,312
0,274
0,137
0,352
0,685
1,158
0,938
0,645
0,410
0,480
0,391
0,453
0,727
0,445
0,681
0,911
1,754
1,403
1,456
1,395
0,646
0,461
0,346
0,205
0,109
0,152
0,163
0,657
2,215
2,028
1,192
1,202
1,252
0,773
0,373
0,296
0,327
0,512
0,675
0,607
0,746
0,555
0,410
0,719
0,457
0,357
0,427
0,478
0,407
0,228
0,467
0,724
0,717
0,512
0,385
0,560
0,945
0,348
0,130
0,166
0,101
0,266
0,581
0,650
1,359
2,098
2,258
2,102
1,314
0,775
0,436
0,383
0,308
0,254
0,121
0,119
0,321
0,443
0,445
0,446
0,385
0,338
0,298
0,337
0,369
0,332
0,465
0,591
0,806
0,823
1,106
1,440
0,826
0,298
0,189
0,373
0,343
0,229
0,236
0,682
1,002
0,753
0,749
0,914
0,988
0,614
0,761
0,570
0,370
0,489
0,750
1,569
2,389
1,926
1,171
1,238
0,731
0,246
0,333
0,300
0,296
0,160
0,147
0,448
1,402
1,492
0,371
0,610
0,791
0,438
0,270
0,423
0,597
0,637
0,669
1,031
1,992
1,667
1,384
1,617
0,584
0,301
0,294
0,271
0,131
0,224
0,192
1,028
2,097
1,532
0,882
0,806
0,875
0,381
0,356
0,478
0,301
0,309
0,655
1,466
2,236
2,215
2,053
2,702
0,868
0,449
0,409
0,355
0,416
0,274
0,158
0,348
0,500
0,923
0,544
0,245
0,409
0,291
0,252
0,245
0,253
0,386
0,483
0,857
1,787
1,897
1,506
1,077
0,448
0,191
0,187
0,166
0,156
0,167
0,171
0,853
2,340
2,382
1,254
0,416
0,357
0,557
0,493
0,334
0,355
0,636
0,926
1,932
2,902
1,875
1,137
0,857
0,908
0,362
0,274
0,315
0,220
0,301
0,303
0,213
0,476
0,807
0,687
0,421
0,585
0,278
0,300
0,441
0,475
0,505
0,618
0,984
1,494
1,780
1,848
2,226
1,260
0,496
0,275
0,352
0,156
0,200
0,135
0,144
0,215
0,249
0,720
0,309
0,408
0,298
0,177
0,222
0,414
0,467
0,339
0,664
1,029
1,678
1,874
2,176
0,988
0,279
0,280
0,294
0,156
0,152
0,234
0,917
1,489
1,935
1,003
1,414
1,381
0,796
1,013
0,712
0,502
0,370
0,432
0,703
0,597
0,492
0,411
0,705
0,431
0,260
0,297
0,273
0,227
0,168
0,128
0,899
1,710
2,420
2,161
1,953
2,082
1,135
0,931
0,533
0,782
0,571
0,928
1,530
0,964
0,449
0,342
0,594
0,282
0,322
0,212
0,212
0,213
0,227
0,131
0,709
2,401
2,699
1,723
0,766
1,179
1,087
0,735
0,380
0,408
0,418
0,682
0,672
1,152
1,125
0,615
0,710
0,456
0,263
0,299
0,286
0,238
0,161
0,178
0,470
2,026
2,178
1,459
0,831
0,904
0,649
0,367
0,388
0,430
0,649
0,770
1,715
2,596
1,366
0,480
0,926
0,526
0,328
0,172
0,205
0,235
0,205
0,211
0,400
1,602
1,875
1,446
0,716
0,956
0,672
0,377
0,395
0,606
0,805
0,993
1,049
1,649
0,780
0,499
0,584
0,476
0,803
0,574
0,194
0,324
0,209
0,154
0,263
0,496
1,047
0,859
0,777
0,497
0,436
0,329
0,235
0,325
0,205
0,291
0,520
0,857
0,966
1,070
1,702
1,065
0,247
0,234
0,257
0,168
0,172
0,207
0,183
0,256
0,285
0,226
0,250
0,484
0,310
0,479
0,496
0,309
0,316
0,569
0,600
1,173
0,993
0,942
1,732
0,738
0,477
0,275
0,200
0,202
0,196
0,281
0,775
1,850
1,970
1,670
1,280
0,954
0,691
0,552
0,511
0,352
0,242
0,401
0,686
1,310
0,697
0,417
0,503
0,275
0,235
0,218
0,126
0,148
0,259
0,283
0,624
1,634
1,855
1,164
1,054
1,643
1,101
0,618
0,392
0,443
0,588
0,685
0,840
0,876
0,894
0,622
0,685
0,286
0,212
0,204
0,181
0,158
0,127
0,212
0,367
1,356
1,623
0,934
1,037
0,659
0,466
0,616
0,393
0,412
0,658
1,081
1,508
2,294
1,963
1,202
0,976
0,410
0,459
0,389
0,249
0,130
0,142
0,275
0,675
1,445
2,072
1,384
1,140
1,669
1,246
0,552
0,382
0,255
0,518
0,637
0,615
0,958
0,812
0,674
0,736
0,294
0,423
0,310
0,149
0,273
0,195
0,155
0,740
2,256
1,967
0,869
0,595
0,461
0,403
0,997
0,954
0,668
0,576
0,490
0,737
0,872
0,463
0,324
0,389
0,564
0,362
0,323
0,187
0,251
0,318
0,214
0,353
0,601
0,671
0,880
0,784
0,572
0,447
0,365
0,366
0,298
0,339
0,354
0,645
0,992
0,786
0,713
1,120
0,759
0,540
0,340
0,399
0,336
0,359
0,181
0,224
0,365
0,285
0,384
0,581
1,372
0,957
0,457
0,246
0,228
0,174
0,320
1,045
1,341
0,795
0,951
1,459
0,867
0,573
0,417
0,397
0,405
0,261
0,303
0,670
1,653
1,921
1,251
1,172
1,273
0,680
1,578
1,528
1,481
1,877
1,885
1,517
1,476
0,870
0,619
0,580
0,432
0,133
0,099
0,121
0,096
0,152
0,194
0,669
1,305
1,231
0,896
1,493
1,258
0,264
0,213
0,265
0,394
0,452
0,342
0,597
0,628
0,490
0,441
0,681
0,257
0,146
0,204
0,283
0,162
0,124
0,154
0,828
1,390
1,818
1,114
1,157
1,275
0,545
0,201
0,307
0,180
0,232
0,386
0,818
1,778
1,702
0,986
0,607
0,368
0,191
0,130
0,245
0,181
0,092
0,182
0,839
1,443
2,267
1,127
0,530
0,567
0,234
0,418
0,445
0,401
0,505
0,519
0,437
1,199
1,014
0,915
0,876
0,573
0,211
0,183
0,180
0,142
0,138
0,120
0,683
1,193
1,362
0,670
0,548
0,577
0,630
0,494
0,286
0,492
0,803
0,927
0,745
1,376
0,822
0,748
1,114
0,818
0,490
0,236
0,294
0,277
0,199
0,118
0,104
0,291
0,473
0,438
0,710
0,935
0,486
0,362
0,327
0,225
0,327
0,722
0,727
0,947
0,804
1,049
1,052
0,682
0,370
0,455
0,351
0,258
0,226
0,115
0,155
0,202
0,200
0,245
0,249
0,223
0,218
0,178
0,164
0,180
0,298
0,480
0,555
0,976
1,088
1,253
1,197
0,586
0,594
0,503
0,430
0,267
0,222
0,298
1,029
1,990
2,124
1,011
0,489
0,648
0,913
0,620
0,373
0,353
0,397
0,615
1,446
1,942
1,745
0,888
0,987
0,634
0,307
0,280
0,209
0,161
0,126
0,428
1,121
2,416
2,065
1,073
0,514
0,839
0,906
0,627
0,501
0,918
0,730
1,279
1,699
2,926
2,439
1,310
0,775
0,413
0,166
0,337
0,147
0,178
0,224
0,220
0,813
2,633
2,708
1,260
0,695
0,758
0,249
0,338
0,533
0,618
0,548
0,856
1,250
2,071
2,172
1,434
1,022
0,603
0,650
0,464
0,336
0,225
0,361
0,358
1,220
2,209
2,151
1,124
1,083
0,292
0,373
0,487
0,345
0,410
0,690
1,201
1,918
3,056
2,259
1,545
0,932
0,781
0,259
0,365
0,394
0,110
0,193
0,176
0,666
1,984
3,191
2,733
2,307
0,972
0,262
0,233
0,356
0,806
0,922
1,868
1,775
1,906
1,224
0,900
0,759
0,900
0,795
0,397
0,433
0,418
0,221
0,202
0,315
0,409
0,698
0,716
0,407
0,455
0,590
0,650
0,751
0,653
0,461
0,699
1,283
1,846
1,453
1,066
1,397
0,876
1,061
0,922
0,481
0,643
0,474
0,307
0,306
0,271
0,386
0,335
0,321
0,437
0,481
0,197
0,121
0,279
0,191
0,482
1,052
1,900
1,065
0,817
1,344
1,090
0,907
0,846
0,814
0,294
0,372
0,552
1,098
2,049
1,474
0,584
0,557
0,498
0,315
0,504
0,573
0,425
0,569
0,889
1,504
1,753
1,823
1,348
2,204
0,850
0,623
0,305
0,291
0,320
0,309
0,227
0,342
0,886
1,403
1,270
0,474
0,658
0,341
0,581
1,026
1,177
1,121
1,663
1,790
1,575
1,033
1,212
1,262
0,704
0,364
0,326
0,267
0,326
0,346
0,291
0,771
1,716
1,183
0,915
0,584
0,577
0,671
0,463
0,545
0,632
0,743
0,595
0,635
1,004
0,665
0,665
0,893
0,449
0,497
0,567
0,360
0,272
0,307
0,336
1,112
1,254
1,211
0,830
0,610
0,662
0,530
0,460
0,286
0,346
0,296
0,365
0,532
0,703
0,797
0,835
1,000
0,700
0,604
0,315
0,243
0,261
0,379
0,353
0,778
1,471
1,216
0,921
0,635
0,542
0,305
0,163
0,167
0,173
0,221
0,543
0,970
1,415
2,170
1,670
1,914
1,232
0,473
0,600
0,508
0,347
0,346
0,343
0,437
0,464
0,426
0,575
0,473
0,493
0,466
0,433
0,240
0,421
0,391
0,509
1,304
1,582
1,372
1,242
1,467
0,928
0,650
0,496
0,351
0,453
0,393
0,386
0,326
0,368
0,591
0,328
0,201
0,170
0,281
0,373
0,346
0,315
0,331
0,303
0,453
0,753
0,454
0,679
1,218
0,657
0,496
0,322
0,414
0,367
0,320
0,394
0,715
1,344
1,844
1,734
1,641
1,471
1,199
0,709
0,675
0,751
0,489
1,049
1,652
1,833
1,579
1,303
0,946
0,338
0,425
0,275
0,239
0,249
0,341
0,287
0,603
1,144
2,073
2,050
1,616
1,347
0,484
0,349
0,396
0,322
0,389
0,556
1,109
1,616
1,142
1,131
1,168
0,572
0,228
0,226
0,177
0,169
0,159
0,273
0,476
1,223
1,335
0,649
0,564
0,869
1,116
0,856
0,628
0,964
0,770
1,034
1,329
2,213
1,857
1,461
1,626
0,426
0,297
0,265
0,250
0,245
0,212
0,315
0,441
0,824
1,433
1,128
0,778
0,927
0,713
0,866
0,620
0,875
0,460
1,139
1,584
1,915
1,440
0,964
1,032
0,525
0,332
0,208
0,225
0,249
0,237
0,343
0,980
2,173
2,116
1,452
1,001
1,002
0,797
0,288
0,259
0,280
0,255
0,982
1,537
1,481
1,728
0,387
0,909
1,490
0,945
0,426
0,268
0,330
0,166
0,138
0,211
0,244
0,415
0,491
0,301
0,290
0,320
0,231
0,221
0,296
0,286
0,353
0,959
1,776
1,312
1,271
1,582
0,762
0,449
0,429
0,438
0,331
0,356
0,342
0,303
0,404
0,440
0,374
0,497
0,592
0,617
0,620
0,474
0,327
0,353
0,379
0,785
0,800
0,602
0,566
0,771
0,439
0,244
0,240
0,258
0,211
0,299
0,355
0,710
1,232
1,683
1,063
1,053
2,111
1,592
0,830
0,920
0,766
0,785
1,110
1,488
1,804
1,594
1,793
2,274
0,548
0,272
0,248
0,251
0,197
0,203
0,228
0,366
0,423
1,277
1,301
0,662
0,577
0,398
0,371
0,630
0,459
0,566
0,951
1,728
2,636
2,523
2,207
2,032
0,749
0,303
0,226
0,144
0,129
0,173
0,126
0,357
0,969
2,237
2,354
1,472
0,634
0,557
0,498
0,844
0,828
0,553
0,714
1,213
1,032
0,462
0,409
0,681
0,423
0,252
0,370
0,184
0,095
0,127
0,101
0,391
0,877
1,453
1,005
0,909
1,024
0,887
0,659
0,304
0,285
0,340
0,404
0,674
1,398
0,670
0,469
0,901
0,388
0,242
0,295
0,188
0,225
0,184
0,162
0,326
0,995
1,064
1,127
0,875
0,920
0,603
0,362
0,547
0,444
0,446
1,247
1,395
1,123
0,432
0,253
0,675
0,404
0,280
0,304
0,507
0,245
0,339
0,193
0,175
0,450
0,577
0,556
0,251
0,514
0,443
0,291
0,342
0,317
0,360
0,735
0,662
0,632
0,713
0,702
0,577
0,203
0,326
0,338
0,311
0,255
0,391
0,282
0,395
0,401
0,229
0,292
0,209
0,241
0,270
0,133
0,221
0,315
0,484
0,460
1,196
2,146
1,989
1,902
1,500
0,366
0,200
0,269
0,290
0,186
0,251
0,387
0,640
1,029
1,062
1,119
1,135
1,336
0,508
0,332
0,311
0,211
0,277
0,279
0,434
0,705
0,867
0,910
0,847
0,327
0,333
0,355
0,292
0,200
0,201
0,354
0,432
0,609
1,093
0,390
0,515
0,751
0,503
0,245
0,168
0,328
0,472
1,058
1,192
1,535
1,554
1,453
1,426
0,525
0,129
0,230
0,111
0,161
0,129
0,180
0,687
2,004
1,158
0,717
0,948
1,270
0,876
0,435
0,396
0,311
0,452
0,683
0,685
1,067
0,761
0,626
0,515
0,240
0,131
0,167
0,158
0,113
0,209
0,259
0,578
0,805
0,617
0,362
0,307
0,531
0,307
0,219
0,337
0,218
0,201
0,565
0,537
0,962
1,637
1,313
1,087
0,426
0,327
0,260
0,245
0,307
0,309
0,219
0,544
1,340
1,722
0,890
0,783
0,859
0,342
0,201
0,167
0,179
0,200
0,532
0,978
1,456
1,521
1,432
1,097
0,640
0,368
0,396
0,246
0,205
0,198
0,284
0,323
0,400
0,730
0,954
0,440
0,484
0,306
0,265
0,301
0,363
0,747
0,656
0,999
1,209
0,858
0,871
1,144
0,712
0,432
0,313
0,406
0,282
0,213
0,249
0,268
0,397
0,460
0,488
0,261
0,265
0,201
0,122
0,310
0,342
0,293
0,485
0,717
1,386
1,688
1,761
1,606
0,534
0,336
0,234
0,215
0,065
0,158
0,203
0,273
0,719
1,246
0,706
0,425
0,436
0,352
0,253
0,256
0,210
0,264
0,876
1,822
2,456
2,189
1,883
1,545
0,520
0,233
0,248
0,108
0,084
0,075
0,113
0,185
0,633
2,221
1,329
0,712
0,417
0,856
0,798
0,648
0,170
0,370
0,405
0,892
1,168
0,716
1,317
1,090
0,435
0,297
0,244
0,240
0,176
0,130
0,114
0,227
0,653
0,896
0,492
0,375
0,429
0,468
0,326
0,371
0,432
0,333
0,962
1,761
2,125
1,871
1,319
1,032
0,385
0,274
0,264
0,186
0,051
0,099
0,186
0,321
0,922
1,672
1,057
0,683
0,666
0,430
0,408
0,358
0,324
0,426
1,337
2,119
2,668
2,118
1,557
0,808
0,528
0,378
0,276
0,247
0,116
0,073
0,095
0,446
0,973
1,352
1,053
0,487
0,252
0,334
0,315
0,387
0,190
0,412
0,508
1,000
1,800
1,022
1,250
1,267
0,684
0,250
0,156
0,246
0,317
0,296
0,298
0,275
0,441
0,465
0,396
0,499
0,387
0,853
0,911
0,304
0,302
0,253
0,199
0,562
1,279
1,047
1,147
0,864
0,596
0,601
0,278
0,133
0,117
0,129
0,109
0,114
0,251
0,283
0,345
0,208
0,178
0,115
0,080
0,024
0,234
0,416
0,484
1,157
2,095
1,553
1,653
1,454
0,772
0,387
0,197
0,235
0,144
0,175
0,298
0,890
2,038
2,910
2,471
1,546
0,667
0,240
0,209
0,344
0,536
1,092
0,644
1,213
1,666
0,906
0,785
0,635
0,403
0,407
0,197
0,135
0,186
0,198
0,237
0,465
1,521
1,788
1,384
0,884
0,990
0,733
0,571
0,431
0,419
0,416
0,561
1,099
1,334
1,039
0,873
0,466
0,350
0,108
0,058
0,056
0,061
0,126
0,200
0,353
0,868
1,917
1,244
0,539
0,693
0,742
0,594
0,750
0,712
0,600
1,330
1,670
1,784
1,092
1,073
0,815
0,646
0,255
0,201
0,076
0,183
0,099
0,161
0,225
0,866
0,908
1,088
0,491
0,363
0,244
0,347
0,384
0,485
0,312
0,463
0,824
1,050
0,919
0,769
0,585
0,276
0,171
0,188
0,358
0,459
0,356
0,509
0,504
1,037
1,191
0,534
0,311
0,444
0,268
0,095
0,196
0,289
0,485
0,789
1,523
1,978
1,350
0,993
0,384
0,454
0,730
0,362
0,241
0,112
0,260
0,096
0,074
0,159
0,205
0,155
0,401
0,287
0,241
0,262
0,313
0,331
0,215
0,656
1,252
0,904
1,018
1,157
0,428
0,253
0,311
0,171
0,094
0,114
0,270
0,348
0,230
0,150
0,191
0,649
0,478
0,402
0,453
0,240
0,123
0,147
0,122
0,330
0,537
0,424
0,501
0,442
0,349
0,242
0,195
0,258
0,149
0,228
0,158
0,112
1,155
1,734
2,143
1,673
1,698
1,551
0,798
0,642
0,279
0,345
0,099
0,779
0,785
0,659
0,620
0,297
0,379
0,295
0,159
0,139
0,083
0,076
0,076
0,107
0,386
0,437
0,749
0,997
1,025
1,096
0,777
0,480
0,748
0,602
0,665
1,096
1,273
1,789
1,120
0,961
0,284
0,318
0,134
0,075
0,085
0,123
0,169
0,193
0,454
0,553
1,621
1,140
0,487
0,351
0,327
0,245
0,234
0,403
0,403
0,467
1,096
1,270
0,965
0,677
0,328
0,250
0,151
0,223
0,095
0,124
0,069
0,160
0,374
0,277
1,025
1,063
0,599
0,597
0,350
0,631
0,514
0,346
0,297
0,348
0,287
1,093
0,855
0,320
0,443
0,341
0,156
0,167
0,172
0,144
0,101
0,201
0,434
0,551
1,515
0,974
0,424
0,297
0,469
0,412
0,333
0,288
0,308
0,693
1,459
1,537
1,310
0,623
0,343
0,316
0,331
0,194
0,241
0,246
0,262
0,243
0,287
0,371
0,448
0,652
0,318
0,234
0,376
0,246
0,285
0,275
0,387
0,709
0,869
1,619
1,115
1,017
0,700
0,201
0,237
0,337
0,284
0,294
0,197
0,224
0,170
0,500
1,048
0,839
0,394
0,154
0,114
0,155
0,387
0,439
0,522
0,609
0,992
2,145
2,298
1,001
0,810
0,444
0,254
0,201
0,298
0,253
0,305
0,668
1,351
1,304
1,419
1,424
1,214
0,993
0,592
0,175
0,280
0,417
0,374
0,301
0,835
1,138
0,950
0,775
1,150
0,897
0,090
0,136
0,165
0,209
0,146
0,232
0,715
0,918
1,392
0,764
0,284
0,309
0,393
0,435
0,451
0,365
0,259
0,543
1,622
2,027
1,844
1,201
0,541
0,291
0,248
0,181
0,171
0,233
0,275
0,238
0,754
1,134
1,364
0,612
0,247
0,350
0,240
0,267
0,307
0,391
0,710
0,769
1,447
2,083
1,748
0,901
0,373
0,430
0,397
0,275
0,247
0,072
0,099
0,382
0,582
0,932
1,531
1,480
1,473
1,604
1,115
0,750
0,565
0,693
0,957
1,226
1,659
1,761
1,536
0,943
0,421
0,224
0,148
0,082
0,137
0,097
0,118
0,147
0,624
1,746
2,579
2,188
1,510
1,394
1,145
0,609
0,368
0,395
0,315
0,412
0,931
1,479
1,695
0,724
0,448
0,367
0,575
0,348
0,239
0,265
0,294
0,335
0,310
0,231
0,335
0,355
0,305
0,299
0,467
0,347
0,335
0,301
0,334
0,704
0,940
1,579
2,043
1,501
1,043
0,568
0,331
0,337
0,292
0,253
0,243
0,203
0,285
0,404
0,604
0,684
0,373
0,314
0,228
0,209
0,251
0,344
0,428
0,720
1,161
1,634
2,146
1,680
1,186
0,444
0,259
0,291
0,246
0,201
0,242
0,281
0,988
2,162
3,417
1,903
1,488
1,739
0,616
0,122
0,215
0,332
0,638
1,887
2,949
2,950
2,363
1,030
0,600
0,443
0,308
0,304
0,267
0,263
0,309
0,288
0,607
1,737
2,417
1,614
1,067
0,995
1,468
0,851
0,704
0,406
0,193
0,354
0,879
1,257
1,016
0,635
0,432
0,454
0,522
0,380
0,218
0,223
0,265
0,454
0,374
0,817
1,146
0,656
0,422
0,537
0,472
0,469
0,716
0,465
0,300
0,241
0,519
1,459
2,013
0,885
0,422
0,427
0,330
0,354
0,377
0,312
0,217
0,321
0,651
1,316
1,603
1,254
0,760
0,867
0,797
0,711
0,311
0,241
0,294
0,578
1,062
1,780
1,887
0,588
0,429
0,444
0,326
0,212
0,299
0,283
0,233
0,305
0,847
1,796
1,708
1,068
0,401
0,275
0,405
0,306
0,270
0,209
0,281
0,417
0,792
1,255
1,244
0,636
0,361
0,404
0,335
0,089
0,119
0,121
0,064
0,121
0,454
0,752
0,883
0,425
0,505
0,418
0,236
0,380
0,451
0,359
0,450
0,611
1,433
2,485
2,207
0,750
0,399
0,359
0,650
0,198
0,253
0,193
0,236
0,219
0,266
0,362
0,438
0,380
0,381
0,424
0,336
0,247
0,291
0,176
0,278
0,569
0,617
1,252
2,201
1,321
0,329
0,289
0,370
0,268
0,177
0,139
0,130
0,486
1,433
1,705
1,821
1,298
0,764
0,566
0,234
0,136
0,163
0,344
0,163
0,906
0,981
1,806
2,195
0,821
0,519
0,401
0,319
0,241
0,280
0,165
0,308
0,364
1,081
1,661
1,580
1,256
0,647
0,742
0,540
0,458
0,335
0,177
0,321
0,931
1,174
1,734
2,091
0,801
0,501
0,308
0,265
0,205
0,232
0,071
0,169
0,321
0,964
1,517
1,572
0,760
0,407
0,526
0,477
0,207
0,155
0,171
0,179
0,245
0,900
1,376
1,002
0,274
0,439
0,360
0,322
0,300
0,306
0,266
0,217
0,262
0,544
2,061
2,126
1,476
0,432
0,204
0,285
0,371
0,259
0,319
0,165
0,554
1,300
1,790
1,611
0,509
0,445
0,298
0,192
0,228
0,207
0,132
0,203
0,288
1,017
2,383
2,087
1,400
0,909
0,626
0,339
0,275
0,412
0,645
0,346
0,713
1,344
2,197
2,105
0,627
0,353
0,378
0,413
0,377
0,313
0,251
0,243
0,242
0,222
0,376
0,688
1,057
0,363
0,410
0,233
0,222
0,239
0,392
0,423
0,814
1,188
0,975
0,674
0,310
0,730
0,386
0,257
0,300
0,305
0,226
0,228
0,222
0,232
0,142
0,226
0,203
0,276
0,500
0,649
0,316
0,268
0,153
0,255
0,209
0,588
0,603
0,992
0,473
0,379
0,327
0,322
0,289
0,263
0,211
0,248
0,273
1,111
2,206
2,439
2,528
1,595
1,351
0,726
0,653
0,471
0,693
0,507
0,435
0,821
1,665
1,083
0,533
0,232
0,202
0,085
0,118
0,173
0,074
0,057
0,262
1,426
1,400
2,297
0,884
0,334
0,400
0,323
0,206
0,175
0,229
0,349
0,962
1,028
1,598
2,160
0,369
0,405
0,188
0,126
0,104
0,212
0,169
0,210
0,128
0,786
2,107
2,052
2,069
1,350
0,667
0,538
0,844
0,674
0,670
0,500
1,161
1,677
1,317
0,805
0,341
0,352
0,357
0,247
0,159
0,092
0,153
0,178
0,210
0,716
1,306
1,064
1,014
0,281
0,318
0,336
0,657
0,457
0,457
0,344
0,174
0,762
0,978
1,026
0,459
0,434
0,146
0,305
0,196
0,227
0,147
0,253
0,186
0,957
1,332
1,491
0,768
0,657
0,530
0,524
0,450
0,318
0,289
0,391
0,961
1,516
1,725
1,571
0,724
0,575
0,372
0,463
0,361
0,402
0,230
0,299
0,294
0,347
0,413
0,830
1,428
0,475
0,581
0,383
0,376
0,397
0,299
0,259
0,467
0,860
1,789
1,511
0,626
0,659
0,554
0,442
0,396
0,462
0,339
0,189
0,270
0,296
0,258
0,300
0,573
0,389
0,254
0,495
0,344
0,203
0,165
0,256
0,816
1,112
1,464
1,187
0,537
0,646
0,374
0,253
0,160
0,208
0,140
0,171
0,314
1,375
1,952
1,777
1,131
0,560
0,466
0,504
0,368
0,421
0,374
0,414
1,059
1,643
1,941
1,796
0,382
0,341
0,175
0,170
0,107
0,119
0,212
0,070
0,103
0,668
0,574
0,883
0,923
0,793
0,659
0,226
0,499
0,488
0,977
0,498
0,589
1,569
2,089
1,491
0,425
0,596
0,301
0,283
0,055
0,100
0,042
0,059
0,150
0,622
1,722
2,526
2,305
2,176
1,815
0,656
0,411
0,207
0,362
0,408
0,595
1,147
2,155
1,130
0,218
0,273
0,265
0,195
0,123
0,037
0,123
0,085
0,077
0,681
1,114
1,295
0,716
0,348
0,438
0,429
0,170
0,405
0,744
0,571
0,590
0,685
1,272
0,727
0,355
0,344
0,341
0,270
0,150
0,128
0,217
0,298
0,194
1,348
2,210
2,108
1,297
0,382
0,336
0,457
0,451
0,208
0,201
0,312
0,813
1,325
2,613
1,904
0,373
0,446
0,240
0,302
0,278
0,278
0,210
0,132
0,110
0,248
0,367
0,644
0,406
0,362
0,177
0,309
0,454
0,427
0,305
0,291
0,603
1,153
2,183
1,597
0,776
0,627
0,277
0,178
0,111
0,075
0,112
0,111
0,065
0,175
0,285
0,303
0,269
0,186
0,263
0,512
0,282
0,098
0,123
0,139
0,514
0,895
2,457
2,067
1,162
0,503
0,213
0,196
0,167
0,228
0,180
0,165
0,289
1,359
2,445
2,319
1,554
0,963
0,219
0,303
0,495
0,140
0,151
0,226
0,826
1,792
2,394
1,674
0,525
0,513
0,403
0,318
0,436
0,234
0,205
0,205
0,345
0,995
2,271
1,893
1,118
0,339
0,298
0,530
0,280
0,227
0,215
0,196
1,021
1,813
2,695
1,873
0,626
0,411
0,343
0,276
0,232
0,312
0,144
0,164
0,380
1,570
2,592
2,742
1,604
0,424
0,303
0,215
0,323
0,250
0,322
0,401
0,835
1,821
2,834
1,929
0,799
0,605
0,264
0,213
0,235
0,289
0,252
0,221
0,251
1,155
2,203
1,922
0,538
0,434
0,273
0,240
0,383
0,617
0,559
0,355
0,735
1,774
2,809
2,440
0,915
0,660
0,410
0,311
0,278
0,222
0,248
0,211
0,222
1,459
2,752
2,325
1,365
0,558
0,416
0,201
0,359
0,362
0,246
0,429
0,780
1,616
2,259
1,579
0,345
0,290
0,306
0,274
0,235
0,258
0,269
0,202
0,216
0,227
0,403
0,608
0,441
0,325
0,257
0,248
0,260
0,482
0,349
0,306
0,804
1,699
2,655
2,031
0,986
0,617
0,357
0,151
0,091
0,214
0,184
0,226
0,128
0,051
0,192
0,367
0,377
0,459
0,749
0,288
0,167
0,256
0,223
0,211
0,453
0,868
3,006
1,977
0,632
0,510
0,426
0,218
0,183
0,192
0,206
0,113
0,289
1,300
1,892
1,714
1,009
0,891
0,682
0,275
0,138
0,341
0,242
0,760
1,245
1,845
2,563
1,261
0,577
0,556
0,324
0,270
0,377
0,311
0,179
0,284
0,332
1,103
1,587
1,940
1,266
0,933
0,889
0,484
0,879
1,339
0,990
0,485
0,423
1,098
1,627
0,796
0,558
0,378
0,267
0,283
0,213
0,181
0,110
0,160
0,207
0,757
1,272
1,944
1,782
1,506
1,340
0,950
0,649
0,664
0,563
0,393
0,528
1,228
1,972
1,171
0,284
0,242
0,174
0,210
0,215
0,175
0,194
0,369
0,296
0,468
1,046
1,583
1,678
1,585
1,229
0,422
0,468
0,418
0,469
0,272
1,037
1,452
2,350
1,197
0,482
0,472
0,296
0,254
0,103
0,237
0,213
0,255
0,299
0,731
1,777
2,150
1,784
0,935
0,740
0,393
0,224
0,154
0,242
0,290
0,502
1,127
2,008
0,846
0,466
0,448
0,576
0,298
0,316
0,265
0,236
0,241
0,236
0,208
0,301
0,997
1,426
0,979
0,454
0,330
0,317
0,370
0,296
0,421
0,747
1,131
1,357
0,773
0,433
0,506
0,259
0,297
0,278
0,191
0,197
0,379
0,365
0,383
0,273
0,369
0,637
0,298
0,134
0,190
0,177
0,222
0,200
0,236
0,841
2,036
2,228
1,019
0,815
0,681
0,409
0,253
0,267
0,254
0,246
0,298
0,320
1,000
2,219
2,100
1,452
0,727
0,330
0,135
0,248
0,191
0,318
0,350
0,679
1,079
2,092
1,103
0,285
0,553
0,228
0,199
0,165
0,153
0,131
0,150
0,274
0,913
2,431
3,085
2,609
2,274
1,699
1,016
0,855
0,630
0,448
0,700
0,848
1,489
2,643
0,993
0,483
0,438
0,365
0,295
0,214
0,145
0,182
0,168
0,146
0,508
1,394
2,385
2,404
1,835
1,419
0,571
0,851
0,522
0,440
0,692
0,548
1,192
1,778
0,641
0,393
0,277
0,264
0,111
0,071
0,051
0,054
0,094
0,244
0,554
1,171
2,004
1,728
2,083
1,741
1,668
1,172
0,848
0,321
0,603
0,368
0,537
1,315
0,875
0,550
0,405
0,154
0,110
0,106
0,091
0,097
0,078
0,039
0,406
1,403
2,275
1,849
2,112
2,490
1,659
0,872
0,824
1,209
0,504
0,310
1,214
1,751
0,547
0,330
0,422
0,211
0,389
0,295
0,151
0,127
0,125
0,119
0,253
0,286
0,459
0,852
0,554
0,290
0,366
0,332
0,694
0,783
0,375
0,358
1,893
1,712
0,476
0,444
0,450
0,439
0,193
0,171
0,096
0,115
0,129
0,157
0,117
0,116
0,260
0,546
0,827
0,887
0,543
0,344
0,452
0,388
0,343
0,451
1,970
1,934
1,104
0,376
0,449
0,416
0,343
0,295
0,109
0,092
0,072
0,083
0,389
1,857
2,270
1,805
1,761
1,491
0,481
0,432
0,304
0,497
0,330
0,971
2,033
2,338
0,745
0,369
0,241
0,094
0,057
0,063
0,070
0,057
0,077
0,077
0,367
1,060
1,817
1,466
1,139
1,098
0,290
0,248
0,236
0,320
0,310
0,601
1,982
2,578
0,760
0,391
0,174
0,167
0,227
0,211
0,183
0,128
0,226
0,266
0,674
1,822
2,144
2,133
1,598
1,035
0,493
0,367
0,261
0,375
0,451
0,639
1,828
1,465
0,468
0,329
0,411
0,167
0,037
0,060
0,041
0,059
0,060
0,099
0,530
1,919
2,117
1,420
0,789
0,720
0,743
0,626
0,339
0,259
0,260
0,470
1,432
1,760
0,543
0,325
0,192
0,099
0,113
0,024
0,031
0,047
0,051
0,020
0,444
1,705
2,291
1,709
0,787
0,278
0,294
0,561
0,528
0,453
0,881
1,970
2,631
2,548
1,593
0,628
0,537
0,575
0,407
0,257
0,230
0,145
0,174
0,089
0,170
0,596
1,013
1,321
0,700
0,350
0,147
0,147
0,202
0,153
0,342
0,806
1,833
1,756
0,532
0,215
0,212
0,219
0,202
0,079
0,070
0,078
0,139
0,050
0,089
0,287
0,233
0,569
0,492
0,472
0,442
0,185
0,090
0,151
0,317
0,316
1,673
1,988
1,589
0,914
0,687
0,615
0,128
0,119
0,049
0,044
0,031
0,048
0,175
0,756
1,432
1,743
1,508
0,713
0,282
0,213
0,060
0,198
0,738
1,430
2,556
2,160
1,162
0,271
0,150
0,321
0,210
0,098
0,130
0,089
0,120
0,077
0,223
0,664
1,853
2,002
1,792
0,884
0,870
0,637
0,221
0,434
0,617
1,072
2,167
2,250
0,948
0,327
0,209
0,361
0,290
0,199
0,114
0,018
0,018
0,122
0,092
0,521
0,810
0,509
0,690
0,496
0,512
0,388
0,252
0,336
0,474
0,865
2,588
2,834
1,497
0,684
0,471
0,355
0,231
0,087
0,133
0,078
0,067
0,063
0,174
0,734
1,202
1,939
1,739
0,899
0,478
0,561
0,477
0,502
0,973
1,808
3,307
3,686
2,000
0,860
0,500
0,375
0,120
0,150
0,094
0,085
0,030
0,052
0,112
0,504
0,804
1,091
1,186
0,546
0,908
0,432
0,494
0,778
0,662
0,444
0,948
1,091
0,502
0,176
0,121
0,415
0,324
0,179
0,178
0,109
0,051
0,022
0,041
0,050
0,041
0,283
0,365
0,170
0,263
0,192
0,164
0,323
0,463
0,372
1,209
1,193
1,035
0,614
0,808
0,421
0,403
0,184
0,137
0,109
0,129
0,150
0,130
0,060
0,159
0,172
0,174
0,131
0,200
0,121
0,057
0,034
0,180
0,254
1,414
1,840
1,422
0,847
0,363
0,421
0,409
0,248
0,113
0,089
0,105
0,105
0,214
0,797
0,876
0,853
0,789
0,797
0,490
0,374
0,385
0,426
0,592
1,329
2,196
2,108
1,297
0,756
0,380
0,552
0,222
0,252
0,138
0,147
0,136
0,018
0,067
0,425
0,756
0,999
0,889
0,709
0,472
0,337
0,350
0,554
0,627
1,190
1,892
2,368
1,980
1,241
0,373
0,217
0,090
0,088
0,031
0,029
0,027
0,031
0,080
0,336
0,592
1,116
0,617
0,347
0,165
0,164
0,482
0,633
0,504
0,800
1,597
2,032
1,449
0,788
0,793
0,425
0,153
0,177
0,135
0,033
0,089
0,108
0,119
0,567
1,169
0,823
0,436
0,203
0,441
0,371
0,271
0,305
0,556
0,916
1,423
0,986
0,825
0,513
0,299
0,238
0,159
0,137
0,087
0,098
0,099
0,051
0,133
0,613
1,204
0,942
0,894
0,393
0,300
0,216
0,283
0,600
0,433
0,793
1,351
0,964
0,687
0,546
0,180
0,258
0,240
0,368
0,232
0,194
0,164
0,198
0,220
0,255
0,339
0,860
1,103
1,081
0,784
0,829
0,804
0,410
0,658
0,928
1,025
0,898
0,344
0,274
0,558
0,491
0,222
0,234
0,160
0,188
0,240
0,183
0,094
0,154
0,583
0,807
0,357
0,200
0,269
0,243
0,373
0,561
1,199
1,377
1,975
1,899
1,365
0,771
0,556
0,610
0,438
0,341
0,128
0,136
0,148
0,146
0,086
0,999
2,174
2,598
2,068
0,582
1,051
0,871
0,580
0,468
1,211
0,843
1,457
1,419
0,565
0,365
0,236
0,334
0,197
0,202
0,175
0,143
0,092
0,171
0,178
0,527
0,641
0,612
0,607
0,555
0,704
0,374
0,540
0,574
0,664
1,197
2,060
1,816
1,406
0,481
0,287
0,527
0,289
0,323
0,221
0,201
0,192
0,113
0,078
0,638
0,727
0,452
0,420
0,616
0,254
0,253
0,394
0,390
0,390
0,975
1,684
1,595
1,381
0,739
0,542
0,552
0,337
0,133
0,122
0,108
0,082
0,103
0,214
0,662
1,110
0,320
0,272
0,346
0,318
0,467
0,460
0,290
1,046
1,501
2,462
2,035
1,705
1,312
0,339
0,406
0,243
0,102
0,095
0,077
0,041
0,065
0,092
0,568
1,134
1,164
0,864
0,676
0,648
0,193
0,177
0,451
1,167
1,198
1,944
1,536
0,838
0,348
0,453
0,622
0,472
0,309
0,289
0,140
0,157
0,165
0,216
0,224
0,544
0,455
0,273
0,245
0,610
0,440
0,368
0,489
0,920
1,846
2,458
1,888
1,500
1,019
0,697
0,573
0,373
0,199
0,319
0,350
0,113
0,188
0,158
0,232
0,203
0,212
0,240
0,271
0,335
0,310
0,244
0,194
0,397
0,857
1,803
2,357
1,965
1,332
0,787
0,627
0,772
0,146
0,075
0,066
0,027
0,184
0,168
0,903
0,858
0,950
0,551
0,232
0,417
0,384
0,360
0,464
0,839
1,207
2,103
1,574
1,044
0,488
0,176
0,349
0,551
0,171
0,241
0,217
0,190
0,222
0,145
0,497
1,037
1,867
1,012
1,152
0,967
0,432
0,856
0,638
0,983
1,120
1,531
1,510
0,638
0,440
0,539
0,474
0,304
0,197
0,184
0,160
0,121
0,217
0,184
0,903
1,104
0,916
0,465
0,138
0,258
0,204
0,378
0,822
1,275
2,361
3,560
2,600
1,250
0,681
0,448
0,405
0,259
0,187
0,104
0,184
0,124
0,195
0,121
0,535
1,019
0,800
0,595
0,435
0,717
0,336
0,405
1,004
1,685
1,736
2,425
2,506
1,519
0,460
0,529
0,379
0,183
0,275
0,253
0,154
0,076
0,081
0,223
0,420
1,018
1,003
1,029
1,145
1,059
0,929
1,133
0,633
0,858
1,635
1,721
1,510
1,374
0,519
0,437
0,377
0,208
0,168
0,125
0,183
0,111
0,168
0,193
0,111
0,211
0,551
0,704
0,468
0,639
0,727
0,438
0,472
0,688
1,282
1,856
1,954
1,527
0,546
0,488
0,580
0,613
0,144
0,088
0,123
0,185
0,111
0,171
0,132
0,196
0,296
0,725
0,812
0,898
0,334
0,284
0,301
0,527
0,678
1,464
1,126
0,518
0,800
0,632
0,886
0,611
0,120
0,192
0,212
0,113
0,095
0,143
0,816
1,359
1,643
1,374
1,183
0,656
0,607
0,730
0,731
0,831
1,045
1,791
1,666
1,679
0,797
0,690
0,650
0,424
0,335
0,256
0,320
0,196
0,164
0,188
0,674
1,290
0,929
0,292
0,104
0,215
0,195
0,166
0,477
0,573
0,958
1,327
0,899
0,506
0,309
0,666
0,407
0,182
0,552
0,329
0,199
0,101
0,139
0,092
0,311
1,872
0,912
1,056
1,607
1,537
1,496
1,377
1,136
1,361
1,639
3,108
2,482
1,415
0,616
0,309
0,208
0,104
0,143
0,098
0,043
0,059
0,032
0,091
0,306
1,389
2,098
1,407
1,034
0,999
0,488
0,591
0,857
1,424
1,515
2,611
2,135
1,547
0,881
0,232
0,343
0,318
0,375
0,062
0,055
0,082
0,081
0,176
0,415
1,565
2,004
1,186
1,066
1,245
0,160
0,152
0,365
0,482
1,008
0,803
0,348
0,364
0,333
0,577
0,685
0,432
0,475
0,308
0,217
0,064
0,075
0,074
0,244
0,480
0,675
1,241
0,480
0,777
0,387
0,161
0,398
0,659
1,028
1,386
0,716
0,487
0,392
0,354
0,534
0,044
0,110
0,090
0,130
0,225
0,179
0,258
0,121
0,320
0,567
0,873
0,668
1,592
0,602
0,464
0,478
0,333
0,889
1,456
1,593
1,262
0,365
0,201
0,385
0,289
0,363
0,182
0,157
0,064
0,143
0,128
0,850
2,268
1,375
0,980
0,694
0,525
0,363
0,610
1,021
1,280
2,258
1,761
1,097
1,028
0,445
0,249
0,262
0,127
0,152
0,209
0,193
0,210
0,124
0,178
0,341
0,527
0,832
0,732
0,621
0,534
0,649
0,793
1,025
1,401
2,381
2,250
1,630
1,280
0,549
0,339
0,268
0,090
0,095
0,068
0,103
0,039
0,061
0,205
0,528
0,664
1,062
0,991
1,354
1,313
0,487
0,641
0,276
0,632
1,362
1,855
1,333
1,055
0,857
0,978
0,926
0,143
0,181
0,184
0,112
0,140
0,196
0,261
0,801
1,194
1,172
0,936
0,868
0,777
0,404
0,339
0,605
0,899
1,220
1,800
1,674
1,367
0,954
0,673
0,430
0,434
0,293
0,235
0,168
0,191
0,125
0,136
0,403
0,521
0,345
0,563
0,488
0,171
0,452
0,715
0,896
1,094
1,481
2,081
1,295
1,086
1,238
0,467
0,922
0,543
0,179
0,163
0,175
0,145
0,151
0,077
0,059
0,277
0,194
0,671
0,543
0,347
0,271
0,178
0,524
1,206
1,498
2,339
1,676
1,118
0,621
0,208
0,495
0,080
0,211
0,197
0,277
0,201
0,186
0,086
0,015
0,123
0,148
0,150
0,167
0,182
0,130
0,225
0,246
0,398
0,620
0,720
1,205
1,104
0,847
0,547
0,632
0,402
0,364
0,150
0,130
0,117
0,174
0,135
0,981
2,096
1,765
1,300
0,991
0,643
0,436
0,377
0,472
0,662
1,303
2,775
2,321
0,981
0,425
0,196
0,312
0,159
0,193
0,096
0,104
0,055
0,086
0,084
0,756
2,061
2,517
1,690
1,393
0,947
0,511
0,743
0,746
0,809
1,132
1,683
0,879
0,540
0,314
0,162
0,246
0,117
0,157
0,085
0,056
0,066
0,061
0,059
0,402
0,759
0,956
0,851
0,879
0,677
0,241
0,367
0,599
0,944
1,461
1,720
0,771
0,449
0,389
0,376
0,248
0,224
0,266
0,113
0,147
0,233
0,303
0,245
0,447
1,150
1,188
0,966
0,453
0,253
0,185
0,415
0,898
1,175
1,336
1,462
1,269
1,089
0,664
0,500
0,516
0,456
0,166
0,220
0,117
0,066
0,278
0,133
0,474
0,977
1,001
0,730
0,585
0,264
0,331
0,281
0,525
0,701
1,416
2,036
0,896
0,472
0,362
0,338
0,480
0,281
0,571
0,253
0,151
0,121
0,034
0,048
0,189
0,412
0,442
0,519
0,356
0,135
0,312
0,438
0,750
1,158
1,434
1,909
1,545
1,273
0,829
0,813
0,623
0,623
0,336
0,115
0,075
0,119
0,053
0,079
0,210
0,686
0,747
0,344
0,578
0,509
0,230
0,209
0,354
0,403
0,819
1,617
1,426
1,174
0,726
0,302
0,555
0,394
0,391
0,200
0,159
0,022
0,046
0,125
0,594
1,537
1,782
0,992
0,509
0,318
0,348
0,552
1,022
1,399
1,890
2,489
2,068
0,958
0,586
0,414
0,369
0,278
0,131
0,091
0,129
0,081
0,177
0,134
0,517
1,654
2,957
2,400
1,805
1,327
0,824
0,600
1,001
1,233
1,963
1,887
1,642
1,559
0,573
0,418
0,297
0,111
0,075
0,146
0,135
0,065
0,051
0,159
0,414
0,933
1,921
1,219
1,047
1,046
0,838
1,279
1,133
0,636
1,536
1,941
1,093
0,553
0,417
0,315
0,423
0,218
0,071
0,047
0,029
0,064
0,111
0,156
0,662
1,701
1,737
1,290
0,676
0,491
0,394
0,255
0,432
0,324
0,507
1,518
1,064
0,473
0,825
0,582
0,525
0,187
0,176
0,131
0,108
0,065
0,082
0,068
0,469
0,966
1,437
1,122
0,739
1,118
0,374
0,285
0,443
0,436
0,887
2,238
1,629
0,811
0,608
0,350
0,498
0,314
0,246
0,145
0,133
0,104
0,127
0,090
0,156
0,368
0,330
0,358
0,556
0,659
0,457
0,309
0,542
0,605
1,133
2,055
1,756
1,480
0,954
0,341
0,523
0,319
0,159
0,097
0,070
0,043
0,024
0,014
0,060
0,106
0,179
0,200
0,494
0,720
0,780
0,340
0,418
0,400
1,032
1,288
1,535
0,832
0,799
0,671
0,656
0,243
0,243
0,128
0,130
0,112
0,156
0,265
0,792
1,681
2,062
1,413
0,897
0,427
0,314
0,172
0,138
0,360
0,882
1,028
0,641
0,774
0,650
0,462
0,428
0,237
0,133
0,119
0,202
0,290
0,195
0,237
0,911
2,071
2,117
0,962
0,684
0,522
0,698
0,480
0,368
0,377
1,286
1,970
1,762
1,365
0,659
0,668
0,739
0,229
0,251
0,230
0,126
0,156
0,132
0,169
0,119
0,541
1,037
0,636
0,621
0,321
0,405
0,464
0,550
1,097
2,368
3,200
1,910
1,489
1,589
1,131
1,302
1,215
0,435
0,248
0,185
0,156
0,219
0,247
0,285
0,238
0,845
0,782
0,376
0,351
0,479
0,408
0,288
0,247
0,496
1,266
0,555
0,293
0,280
0,300
0,524
0,492
0,317
0,132
0,206
0,115
0,202
0,294
0,330
0,496
0,805
0,631
0,458
0,426
0,356
0,269
0,209
0,401
1,177
1,428
1,392
1,799
1,766
0,862
0,793
0,749
1,011
0,419
0,211
0,046
0,038
0,076
0,216
0,370
0,345
0,286
0,210
0,186
0,185
0,202
0,521
0,411
0,746
1,716
2,529
2,164
1,877
1,343
1,780
0,948
0,214
0,091
0,197
0,277
0,206
0,148
0,230
0,077
0,162
0,294
0,137
0,099
0,084
0,128
0,257
0,395
0,511
0,682
1,256
1,497
1,130
0,613
0,819
0,465
0,100
0,102
0,177
0,160
0,142
0,113
0,264
0,506
1,065
1,222
1,460
1,277
0,859
0,440
0,567
0,814
1,301
2,727
2,433
1,460
0,550
0,430
0,754
0,462
0,357
0,270
0,168
0,182
0,180
0,271
0,344
0,453
0,747
0,815
0,557
0,481
0,457
0,484
0,772
0,957
1,422
1,987
2,321
1,760
1,464
0,534
0,662
0,492
0,194
0,253
0,148
0,194
0,096
0,186
0,234
0,305
0,545
0,767
0,402
0,452
0,457
0,240
0,428
0,438
0,611
1,244
1,199
1,219
1,005
0,716
0,321
0,302
0,294
0,335
0,267
0,193
0,207
0,224
0,159
0,326
0,338
0,350
0,274
0,495
0,494
0,444
0,965
1,390
1,399
1,836
1,293
0,900
1,199
0,641
0,814
0,800
0,294
0,335
0,267
0,193
0,207
0,224
0,159
0,326
0,338
0,350
0,274
0,495
0,494
0,444
0,965
1,390
1,399
1,836
1,293
0,900
1,199
0,641
0,814
0,800
