0.7030
0.6875
0.6535
0.6803
0.7272
0.7490
0.7706
0.8010
0.7828
0.7865
0.8097
0.8310
0.8244
0.8375
0.8599
0.8813
0.9022
0.9295
0.9531
0.9654
0.9727
0.9763
0.9790
0.9808
0.9823
0.9824
0.9819
0.9846
0.9851
0.9851
0.9856
0.9849
0.9844
0.9822
0.9811
0.9820
0.9832
0.9835
0.9822
0.9811
0.9795
0.9782
0.9791
0.9786
0.9770
0.9770
0.9792
0.9794
0.9742
0.9609
0.9505
0.9499
0.9573
0.9618
0.9619
0.9602
0.9554
0.9461
0.9233
0.8811
0.8144
0.7518
0.7233
0.7435
0.7757
0.8183
0.8344
0.8473
0.8562
0.8598
0.8567
0.8403
0.8251
0.8121
0.7931
0.7706
0.7635
0.7690
0.7790
0.7705
0.7305
0.7069
0.6818
0.6542
0.6235
0.6116
0.5816
0.5389
0.4919
0.4534
0.4407
0.4560
0.4905
0.5374
0.5724
0.5799
0.5741
0.5385
0.5241
0.5086
0.4780
0.4363
0.3943
0.3668
0.3484
0.3256
0.3118
0.2985
0.2761
0.2416
0.1986
0.1604
0.1360
0.1244
0.1208
0.1204
0.1220
0.1282
0.1398
0.1552
0.1687
0.1818
0.2083
0.2335
0.2502
0.2741
0.2962
0.3108
0.3268
0.3356
0.3455
0.3580
0.3703
0.3819
0.3999
0.4531
0.5082
0.5449
0.5414
0.4929
0.4455
0.4154
0.4531
0.5057
0.5304
0.5146
0.4810
0.4316
0.3635
0.3164
0.3270
0.3840
0.4447
0.5025
0.5520
0.5762
0.5725
0.5662
0.5829
0.6313
0.6869
0.7395
0.7944
0.8458
0.8856
0.9061
0.9223
0.9267
0.9256
0.9270
0.9262
0.9211
0.9037
0.8748
0.8451
0.7880
0.7419
0.6948
0.6407
0.5986
0.5392
0.4983
0.5118
0.5465
0.5703
0.6238
0.6847
0.7316
0.7930
0.8418
0.8479
0.8352
0.8229
0.8527
0.8958
0.9255
0.9601
0.9253
0.9045
0.9129
0.9300
0.9562
0.9681
0.9680
0.9732
0.9774
0.9799
0.9725
0.9588
0.9102
0.8249
0.6983
0.5586
0.4568
0.4085
0.5053
0.6771
0.8426
0.8960
0.9108
0.9006
0.8962
0.9161
0.9456
0.9671
0.9806
0.9709
0.9431
0.9305
0.9205
0.9636
0.9714
0.9723
0.9776
0.9786
0.9792
0.9797
0.9803
0.9796
0.9776
0.9767
0.9758
0.9741
0.9724
0.9707
0.9695
0.9683
0.9703
0.9726
0.9768
0.9806
0.9822
0.9834
0.9835
0.9810
0.9763
0.9663
0.9465
0.9212
0.9021
0.8921
0.8992
0.9126
0.9166
0.9130
0.8981
0.8881
0.9095
0.9243
0.9394
0.9499
0.9604
0.9742
0.9785
0.9811
0.9829
0.9835
0.9836
0.9828
0.9772
0.9595
0.9306
0.8934
0.8487
0.7906
0.6840
0.5561
0.4490
0.3286
0.2305
0.2069
0.2386
0.3224
0.4690
0.5944
0.6753
0.7343
0.7591
0.7469
0.7138
0.6602
0.6191
0.5483
0.4554
0.3925
0.3613
0.3769
0.4755
0.5979
0.6758
0.7097
0.7300
0.6967
0.6016
0.5057
0.5030
0.5819
0.6800
0.7529
0.7754
0.7752
0.7748
0.7695
0.7389
0.6971
0.6557
0.6294
0.6324
0.6077
0.6064
0.6701
0.7189
0.7480
0.7713
0.7979
0.8291
0.8584
0.8895
0.9139
0.9259
0.9367
0.9512
0.9620
0.9708
0.9776
0.9809
0.9717
0.9507
0.9223
0.8963
0.8798
0.8748
0.8701
0.8755
0.8979
0.9412
0.9625
0.9683
0.9738
0.9720
0.9696
0.9708
0.9728
0.9728
0.9715
0.9691
0.9606
0.9453
0.9284
0.9070
0.8711
0.8198
0.7531
0.6829
0.6195
0.5753
0.5304
0.4907
0.4529
0.4314
0.4190
0.4207
0.4339
0.4645
0.4922
0.5031
0.5139
0.5276
0.5422
0.5592
0.5840
0.6024
0.6129
0.6189
0.6354
0.6638
0.6878
0.7052
0.7215
0.7452
0.7707
0.7869
0.7873
0.7698
0.7390
0.6979
0.6506
0.5899
0.5218
0.4675
0.4313
0.4027
0.3802
0.3591
0.3411
0.3417
0.3459
0.3160
0.2622
0.2008
0.1398
0.0919
0.0617
0.0473
0.0416
0.0386
0.0357
0.0316
0.0262
0.0211
0.0159
0.0117
0.0095
0.0092
0.0087
0.0080
0.0089
0.0102
0.0113
0.0130
0.0150
0.0172
0.0184
0.0169
0.0144
0.0126
0.0138
0.0175
0.0216
0.0258
0.0292
0.0306
0.0312
0.0326
0.0354
0.0380
0.0392
0.0398
0.0411
0.0415
0.0412
0.0415
0.0412
0.0404
0.0381
0.0333
0.0274
0.0215
0.0164
0.0130
0.0118
0.0117
0.0124
0.0137
0.0146
0.0162
0.0197
0.0280
0.0415
0.0509
0.0523
0.0512
0.0510
0.0482
0.0449
0.0439
0.0449
0.0497
0.0583
0.0654
0.0656
0.0581
0.0474
0.0391
0.0379
0.0425
0.0530
0.0680
0.0859
0.0998
0.1070
0.1056
0.0966
0.0807
0.0645
0.0555
0.0525
0.0524
0.0523
0.0524
0.0533
0.0558
0.0575
0.0561
0.0509
0.0407
0.0303
0.0226
0.0181
0.0138
0.0103
0.0076
0.0058
0.0046
0.0034
0.0025
0.0017
0.0008
0.0007
0.0009
0.0012
0.0014
0.0016
0.0017
0.0016
0.0021
0.0070
0.0220
0.0483
0.0774
0.1061
0.1352
0.1720
0.2308
0.3230
0.4281
0.5160
0.5896
0.6569
0.7227
0.7718
0.7973
0.8081
0.8207
0.8304
0.8291
0.7978
0.7114
0.5739
0.4520
0.3883
0.4058
0.4621
0.4880
0.4999
0.4825
0.4824
0.4831
0.4808
0.4671
0.4633
0.4478
0.4602
0.4715
0.4529
0.4225
0.3923
0.3627
0.3279
0.3041
0.2756
0.2593
0.2449
0.2479
0.2434
0.2135
0.1949
0.1885
0.1713
0.1488
0.1321
0.1164
0.1104
0.1155
0.1363
0.1677
0.2089
0.2522
0.2979
0.3409
0.3557
0.3718
0.3880
0.3914
0.4157
0.4338
0.4689
0.5016
0.5191
0.4973
0.4757
0.4994
0.5567
0.6138
0.6788
0.6664
0.6553
0.6867
0.6688
0.6733
0.7231
0.7605
0.7892
0.7983
0.7839
0.7537
0.7236
0.6852
0.6713
0.6618
0.6598
0.6228
0.5809
0.5221
0.4452
0.4154
0.3943
0.3489
0.2699
0.2160
0.2052
0.2053
0.1883
0.1652
0.1697
0.2083
0.2669
0.3336
0.4136
0.4615
0.4986
0.5554
0.6647
0.7324
0.7896
0.8357
0.8751
0.8999
0.9248
0.9456
0.9605
0.9668
0.9491
0.9147
0.8957
0.9140
0.9333
0.9452
0.9571
0.9574
0.9511
0.9420
0.9393
0.9326
0.9220
0.8989
0.8817
0.8695
0.8540
0.8403
0.8268
0.8164
0.8053
0.7927
0.7626
0.7044
0.6305
0.5443
0.4464
0.3566
0.2796
0.2044
0.1428
0.1022
0.0714
0.0464
0.0322
0.0223
0.0165
0.0167
0.0161
0.0155
0.0176
0.0191
0.0180
0.0148
0.0124
0.0157
0.0256
0.0408
0.0633
0.0905
0.1164
0.1394
0.1529
0.1534
0.1446
0.1292
0.1060
0.0831
0.0689
0.0622
0.0584
0.0578
0.0592
0.0618
0.0624
0.0618
0.0580
0.0519
0.0471
0.0441
0.0454
0.0487
0.0519
0.0540
0.0573
0.0619
0.0658
0.0702
0.0739
0.0764
0.0801
0.0800
0.0783
0.0758
0.0748
0.0723
0.0705
0.0706
0.0725
0.0761
0.0844
0.1056
0.1491
0.2149
0.2834
0.3458
0.3950
0.4330
0.4435
0.4333
0.4325
0.4522
0.4839
0.5062
0.5054
0.4770
0.4441
0.4144
0.3923
0.3752
0.3796
0.4008
0.4161
0.4182
0.4003
0.3681
0.3415
0.3248
0.3088
0.2782
0.2411
0.2120
0.2030
0.2202
0.2442
0.2593
0.2591
0.2441
0.2192
0.1869
0.1532
0.1218
0.0965
0.0880
0.0945
0.1042
0.1168
0.1296
0.1426
0.1549
0.1661
0.1938
0.2337
0.2734
0.3088
0.3428
0.3683
0.3658
0.3391
0.3024
0.2625
0.2155
0.1636
0.1213
0.0914
0.0712
0.0575
0.0495
0.0448
0.0432
0.0431
0.0444
0.0451
0.0469
0.0505
0.0534
0.0572
0.0645
0.0762
0.0856
0.0878
0.0865
0.0794
0.0730
0.0685
0.0773
0.0965
0.1138
0.1226
0.1447
0.1590
0.1828
0.1984
0.1998
0.2230
0.2273
0.2302
0.2133
0.1770
0.1447
0.1146
0.0985
0.0913
0.0988
0.1138
0.1170
0.1158
0.1153
0.1146
0.1118
0.1035
0.0918
0.0813
0.0744
0.0688
0.0623
0.0533
0.0417
0.0312
0.0244
0.0204
0.0179
0.0167
0.0188
0.0236
0.0301
0.0381
0.0487
0.0566
0.0650
0.0743
0.0834
0.0946
0.1118
0.1372
0.1618
0.1808
0.2024
0.2346
0.2782
0.3252
0.3356
0.3767
0.4372
0.4702
0.4944
0.5462
0.6018
0.6824
0.7740
0.8303
0.8643
0.8822
0.9025
0.9163
0.9242
0.9419
0.9637
0.9716
0.9731
0.9705
0.9663
0.9632
0.9596
0.9489
0.9358
0.9191
0.9034
0.8754
0.8103
0.7054
0.5756
0.4596
0.3693
0.3122
0.3264
0.3533
0.4857
0.5900
0.6456
0.6768
0.7060
0.7179
0.7310
0.7549
0.7523
0.7460
0.7395
0.7395
0.7527
0.7583
0.7615
0.7670
0.7621
0.7427
0.7011
0.6270
0.6410
0.6630
0.6748
0.6647
0.6504
0.6155
0.5931
0.5968
0.6011
0.5635
0.5386
0.5344
0.5368
0.5450
0.5490
0.5265
0.4908
0.4585
0.4270
0.3920
0.3642
0.3488
0.3397
0.3203
0.2978
0.2721
0.2497
0.2246
0.1917
0.1573
0.1175
0.0831
0.0586
0.0442
0.0375
0.0345
0.0331
0.0336
0.0341
0.0348
0.0348
0.0329
0.0305
0.0291
0.0295
0.0328
0.0364
0.0352
0.0292
0.0227
0.0190
0.0192
0.0220
0.0251
0.0271
0.0273
0.0250
0.0219
0.0187
0.0152
0.0128
0.0114
0.0110
0.0113
0.0119
0.0123
0.0118
0.0106
0.0083
0.0062
0.0055
0.0054
0.0056
0.0067
0.0110
0.0186
0.0307
0.0463
0.0634
0.0810
0.0978
0.1114
0.1214
0.1297
0.1387
0.1452
0.1478
0.1534
0.1688
0.1865
0.2051
0.2182
0.2144
0.2089
0.2089
0.2132
0.2283
0.2510
0.2837
0.3317
0.3701
0.4031
0.4149
0.3800
0.3289
0.2642
0.2183
0.2044
0.2028
0.2089
0.2200
0.2244
0.2224
0.2197
0.2073
0.1882
0.1685
0.1585
0.1596
0.1685
0.1819
0.1968
0.2213
0.2595
0.3026
0.3228
0.3261
0.3261
0.3306
0.3528
0.3766
0.4196
0.4837
0.5500
0.6153
0.6607
0.6932
0.6900
0.6782
0.6533
0.6124
0.5734
0.5432
0.5188
0.4913
0.4824
0.4874
0.5180
0.5465
0.5614
0.5437
0.5161
0.4596
0.3992
0.3432
0.3292
0.3381
0.3715
0.4110
0.4485
0.4740
0.4817
0.4754
0.4471
0.4084
0.3878
0.3792
0.3585
0.3245
0.2816
0.2539
0.2457
0.2583
0.2699
0.2771
0.2705
0.2472
0.2124
0.1793
0.1492
0.1215
0.0997
0.0861
0.0768
0.0716
0.0674
0.0649
0.0757
0.1013
0.1238
0.1334
0.1500
0.1704
0.1811
0.1751
0.1822
0.2089
0.2359
0.2665
0.2929
0.3093
0.3219
0.3263
0.3233
0.3327
0.3594
0.3728
0.3822
0.4170
0.4542
0.4811
0.5204
0.5727
0.6095
0.6349
0.6821
0.7124
0.7289
0.7211
0.7171
0.7347
0.7427
0.7408
0.7356
0.7390
0.7465
0.7509
0.7446
0.7319
0.7203
0.7130
0.7302
0.7615
0.7932
0.8026
0.8026
0.7937
0.7892
0.7880
0.7925
0.7961
0.8021
0.8146
0.8183
0.8133
0.8165
0.8316
0.8364
0.8389
0.8419
0.8383
0.8203
0.7811
0.7476
0.7243
0.7182
0.7205
0.7426
0.7537
0.7278
0.6717
0.5979
0.5314
0.4668
0.3996
0.3702
0.3057
0.1998
0.1219
0.0858
0.0651
0.0462
0.0342
0.0227
0.0179
0.0187
0.0233
0.0321
0.0470
0.0606
0.0712
0.0748
0.0728
0.0711
0.0797
0.1056
0.1424
0.1840
0.2236
0.2506
0.2577
0.2424
0.2225
0.2135
0.2173
0.2231
0.2372
0.2533
0.2649
0.2803
0.3112
0.3539
0.3868
0.4004
0.3922
0.3758
0.3630
0.3841
0.3995
0.3860
0.3791
0.4028
0.4261
0.4546
0.5476
0.6370
0.7120
0.7993
0.8588
0.8931
0.9153
0.9287
0.9386
0.9436
0.9381
0.9366
0.9216
0.8772
0.8117
0.7504
0.7139
0.6804
0.6313
0.5932
0.5600
0.5384
0.5264
0.5198
0.5171
0.5161
0.5306
0.5682
0.5655
0.5409
0.5654
0.5930
0.6306
0.6672
0.7266
0.7755
0.8137
0.8381
0.8485
0.8487
0.8240
0.7773
0.7256
0.6863
0.6752
0.6715
0.6763
0.6954
0.7082
0.7019
0.6956
0.6858
0.6716
0.6429
0.6071
0.5840
0.5699
0.5352
0.5069
0.4934
0.4841
0.4552
0.3979
0.3578
0.3225
0.2991
0.2981
0.2749
0.2150
0.1384
0.0751
0.0334
0.0104
0.0024
0.0006
0.0002
0.0001
0.0001
0.0005
0.0014
0.0051
0.0176
0.0457
0.0837
0.1266
0.1765
0.2418
0.3394
0.4329
0.5268
0.5924
0.6368
0.6683
0.6876
0.7148
0.7412
0.7750
0.7767
0.7223
0.6327
0.5260
0.3615
0.2430
0.1771
0.1461
0.1563
0.1828
0.2257
0.2728
0.3190
0.3345
0.3107
0.2694
0.2400
0.2187
0.2188
0.2177
0.1973
0.1720
0.1500
0.1265
0.1097
0.1103
0.1197
0.1150
0.0990
0.0826
0.0904
0.1146
0.1421
0.1554
0.2063
0.2796
0.3206
0.3638
0.4231
0.4684
0.5125
0.5514
0.5866
0.6239
0.6500
0.6546
0.6743
0.7094
0.7484
0.7876
0.8187
0.8467
0.8579
0.8801
0.8964
0.9015
0.9041
0.9079
0.9148
0.9215
0.9128
0.8835
0.8424
0.8277
0.8477
0.8698
0.8850
0.8890
0.8773
0.8478
0.8265
0.8258
0.8035
0.7514
0.7132
0.6623
0.6061
0.5349
0.5376
0.6031
0.6423
0.6956
0.7111
0.7354
0.8050
0.8438
0.8595
0.8640
0.8816
0.8854
0.8898
0.8790
0.8480
0.8045
0.7808
0.7794
0.7853
0.7872
0.7787
0.7749
0.7908
0.8245
0.8715
0.8949
0.8803
0.8381
0.7749
0.7137
0.6734
0.6524
0.6504
0.6502
0.6482
0.6396
0.6178
0.5846
0.5435
0.4846
0.4267
0.3840
0.3625
0.3682
0.4013
0.4445
0.5051
0.5538
0.5727
0.5706
0.5455
0.5535
0.5822
0.6270
0.6657
0.6933
0.7212
0.7371
0.7558
0.7700
0.7606
0.7350
0.7003
0.6481
0.6113
0.5841
0.5982
0.6487
0.6644
0.6223
0.5425
0.4366
0.3569
0.3168
0.3147
0.3438
0.3458
0.3199
0.2702
0.2395
0.2305
0.2248
0.2240
0.2196
0.2136
0.2100
0.1995
0.1995
0.2269
0.2669
0.2877
0.2999
0.3238
0.3608
0.3943
0.4059
0.4185
0.4363
0.4389
0.4276
0.4221
0.4087
0.4077
0.4074
0.4047
0.3845
0.3795
0.4056
0.4407
0.4538
0.4402
0.4148
0.3934
0.3668
0.3280
0.2743
0.2882
0.3307
0.3973
0.4869
0.5447
0.5875
0.6193
0.6374
0.6409
0.6572
0.6844
0.7073
0.7232
0.7335
0.7502
0.7572
0.7619
0.7646
0.7665
0.7644
0.7568
0.7580
0.7618
0.7627
0.7633
0.7661
0.7630
0.7606
0.7534
0.7412
0.7276
0.7126
0.6961
0.6780
0.6571
0.6344
0.6091
0.5769
0.5512
0.5302
0.5194
0.5115
0.4859
0.4615
0.4093
0.3556
0.3419
0.3292
0.3356
0.3317
0.3353
0.3483
0.3611
0.3357
0.3069
0.3031
0.2492
0.1811
0.1205
0.0779
0.0453
0.0230
0.0144
0.0113
0.0102
0.0196
0.0385
0.0620
0.0874
0.1235
0.1895
0.2899
0.4352
0.5668
0.6311
0.6448
0.6318
0.6296
0.6079
0.5703
0.5202
0.4803
0.4571
0.4414
0.4226
0.4093
0.4114
0.4080
0.3935
0.3683
0.3449
0.3301
0.3232
0.3269
0.3071
0.3012
0.2972
0.2917
0.2881
0.2972
0.2948
0.2854
0.2762
0.2863
0.2808
0.2736
0.2736
0.2502
0.2104
0.1618
0.1106
0.0779
0.0587
0.0459
0.0406
0.0382
0.0323
0.0263
0.0260
0.0267
0.0240
0.0197
0.0144
0.0114
0.0107
0.0112
0.0108
0.0110
0.0102
0.0086
0.0054
0.0046
0.0074
0.0149
0.0270
0.0340
0.0366
0.0419
0.0468
0.0557
0.0778
0.1174
0.1797
0.2607
0.3262
0.3589
0.3921
0.4194
0.4276
0.4209
0.4131
0.3877
0.3701
0.3458
0.3338
0.3444
0.3644
0.3795
0.3686
0.3297
0.3043
0.2954
0.3032
0.3404
0.3939
0.4246
0.4445
0.4605
0.4378
0.4125
0.3762
0.3665
0.3657
0.3713
0.3802
0.3750
0.3639
0.3651
0.3780
0.3965
0.4207
0.4310
0.4223
0.4030
0.3934
0.3774
0.3580
0.3521
0.3635
0.3973
0.4427
0.4863
0.5070
0.4969
0.4594
0.4056
0.3612
0.3456
0.3449
0.3508
0.3582
0.3803
0.3827
0.3912
0.3916
0.3815
0.3747
0.3740
0.3760
0.3692
0.3690
0.3862
0.4313
0.4953
0.5624
0.6195
0.6339
0.6111
0.5686
0.5164
0.4723
0.4501
0.4554
0.4955
0.5423
0.5626
0.5632
0.5596
0.5751
0.5619
0.5366
0.5036
0.5050
0.5155
0.5075
0.5107
0.5372
0.5619
0.5870
0.6257
0.6487
0.6451
0.6232
0.5936
0.5379
0.4677
0.4300
0.3931
0.3440
0.2889
0.2355
0.1900
0.1635
0.1506
0.1499
0.1446
0.1389
0.1408
0.1339
0.1286
0.1296
0.1524
0.2008
0.2580
0.2947
0.2991
0.2768
0.2372
0.1943
0.1533
0.1174
0.0865
0.0654
0.0550
0.0518
0.0522
0.0529
0.0548
0.0567
0.0539
0.0490
0.0469
0.0458
0.0457
0.0474
0.0519
0.0610
0.0734
0.0825
0.0849
0.0819
0.0782
0.0786
0.0842
0.0908
0.1012
0.1194
0.1345
0.1472
0.1506
0.1411
0.1240
0.1058
0.0834
0.0634
0.0534
0.0474
0.0469
0.0552
0.0709
0.0795
0.0828
0.0972
0.1119
0.1135
0.1020
0.0855
0.0722
0.0640
0.0597
0.0571
0.0557
0.0527
0.0532
0.0575
0.0569
0.0514
0.0401
0.0347
0.0466
0.0707
0.0929
0.1068
0.1192
0.1435
0.1852
0.2394
0.3042
0.3614
0.4018
0.4108
0.3711
0.3041
0.2645
0.2434
0.2023
0.1449
0.0944
0.0688
0.0797
0.1302
0.2153
0.3257
0.4762
0.6362
0.7491
0.8018
0.8192
0.8245
0.8170
0.7837
0.7157
0.6220
0.5166
0.4281
0.3514
0.2830
0.2407
0.2114
0.1757
0.1414
0.1159
0.0975
0.0902
0.0820
0.0626
0.0459
0.0397
0.0301
0.0178
0.0090
0.0044
0.0033
0.0044
0.0082
0.0183
0.0373
0.0711
0.1250
0.1946
0.2698
0.3248
0.3486
0.3500
0.3414
0.3253
0.3069
0.2938
0.3061
0.3234
0.3375
0.3489
0.3518
0.3443
0.3222
0.3014
0.2824
0.2576
0.2254
0.1922
0.1643
0.1381
0.1161
0.0963
0.0787
0.0616
0.0471
0.0372
0.0323
0.0299
0.0262
0.0217
0.0177
0.0139
0.0102
0.0062
0.0033
0.0017
0.0006
0.0000
0.0000
0.0000
0.0000
0.0000
0.0004
0.0016
0.0022
0.0048
0.0100
0.0169
0.0259
0.0307
0.0321
0.0350
0.0436
0.0583
0.0868
0.1446
0.2244
0.3002
0.3463
0.3590
0.3497
0.3350
0.3105
0.2667
0.2181
0.1794
0.1716
0.2000
0.2402
0.2683
0.2748
0.2821
0.2716
0.2259
0.1802
0.1449
0.1117
0.0961
0.1079
0.1328
0.1605
0.1968
0.2302
0.2512
0.2657
0.2953
0.3402
0.3888
0.4425
0.4862
0.4739
0.4076
0.3336
0.2801
0.2194
0.1675
0.1274
0.1024
0.0798
0.0697
0.0688
0.0771
0.0912
0.1064
0.1107
0.1217
0.1605
0.2276
0.2636
0.2397
0.1864
0.1464
0.1220
0.1229
0.1332
0.1372
0.1280
0.1270
0.1188
0.1021
0.0882
0.0675
0.0458
0.0366
0.0558
0.1198
0.2227
0.3258
0.4391
0.5464
0.6106
0.6358
0.6826
0.7139
0.7223
0.7483
0.7801
0.7985
0.7973
0.7774
0.7836
0.7677
0.7119
0.6265
0.5050
0.4634
0.4859
0.5175
0.5436
0.5741
0.6111
0.6473
0.6022
0.5230
0.4492
0.3792
0.2991
0.1830
0.1217
0.1394
0.2565
0.4104
0.5271
0.6251
0.6596
0.6424
0.6725
0.7627
0.8140
0.8471
0.8889
0.9282
0.9506
0.9595
0.9601
0.9585
0.9594
0.9572
0.9491
0.9465
0.9424
0.9231
0.8857
0.8171
0.7540
0.6663
0.6247
0.6762
0.7620
0.7910
0.8023
0.8651
0.8875
0.8800
0.8901
0.9242
0.9470
0.9506
0.9459
0.9295
0.8859
0.8406
0.8439
0.8655
0.8863
0.8876
0.8844
0.9075
0.9220
0.9145
0.9022
0.8835
0.8611
0.8429
0.8354
0.8268
0.8320
0.8681
0.9040
0.9232
0.9235
0.9088
0.8795
0.8533
0.8250
0.8001
0.7744
0.7674
0.7719
0.7871
0.7943
0.7882
0.7835
0.7651
0.7362
0.7014
0.6784
0.6637
0.6328
0.5824
0.5539
0.5545
0.5670
0.6099
0.6622
0.7059
0.7279
0.7371
0.7342
0.7260
0.7228
0.7085
0.6717
0.6130
0.5456
0.4940
0.4851
0.4904
0.4886
0.4722
0.4518
0.4266
0.3950
0.3597
0.3263
0.3064
0.2858
0.2492
0.2053
0.1603
0.1274
0.1041
0.0888
0.0785
0.0722
0.0684
0.0679
0.0703
0.0710
0.0713
0.0687
0.0633
0.0584
0.0561
0.0595
0.0665
0.0792
0.0930
0.1187
0.1402
0.1441
0.1424
0.1376
0.1320
0.1212
0.1204
0.1306
0.1381
0.1369
0.1381
0.1422
0.1559
0.1546
0.1539
0.1475
0.1424
0.1262
0.1017
0.0835
0.0659
0.0488
0.0353
0.0251
0.0170
0.0125
0.0106
0.0090
0.0088
0.0110
0.0165
0.0278
0.0507
0.0802
0.1102
0.1349
0.1427
0.1338
0.1213
0.1084
0.1020
0.1071
0.1161
0.1131
0.1022
0.0887
0.0751
0.0701
0.0715
0.0786
0.0880
0.0888
0.0801
0.0671
0.0587
0.0507
0.0380
0.0247
0.0139
0.0074
0.0037
0.0018
0.0019
0.0031
0.0052
0.0092
0.0127
0.0203
0.0330
0.0528
0.0797
0.1068
0.1324
0.1599
0.1834
0.1996
0.2288
0.2618
0.2960
0.3425
0.3680
0.3655
0.3361
0.3017
0.2726
0.2430
0.2222
0.2053
0.1957
0.1861
0.1887
0.1975
0.2106
0.2282
0.2433
0.2449
0.2331
0.2079
0.2022
0.1914
0.1685
0.1492
0.1249
0.1038
0.0955
0.0875
0.0757
0.0596
0.0487
0.0406
0.0346
0.0305
0.0268
0.0223
0.0166
0.0111
0.0100
0.0117
0.0136
0.0147
0.0152
0.0139
0.0127
0.0124
0.0121
0.0129
0.0146
0.0150
0.0147
0.0136
0.0132
0.0133
0.0127
0.0132
0.0149
0.0158
0.0161
0.0158
0.0147
0.0126
0.0102
0.0085
0.0080
0.0082
0.0075
0.0049
0.0019
0.0004
0.0002
0.0002
0.0004
0.0018
0.0040
0.0057
0.0064
0.0078
0.0122
0.0206
0.0336
0.0536
0.0801
0.1023
0.1199
0.1358
0.1522
0.1700
0.1852
0.2029
0.2147
0.2206
0.2219
0.2158
0.2099
0.2297
0.2851
0.3878
0.4599
0.5328
0.6429
0.7250
0.7531
0.7863
0.8481
0.8723
0.8311
0.7912
0.7584
0.7445
0.7178
0.6683
0.6210
0.5651
0.4948
0.4017
0.3771
0.3810
0.4100
0.4365
0.4484
0.4546
0.4492
0.4454
0.4689
0.5035
0.5473
0.5914
0.6667
0.7990
0.8725
0.8683
0.8388
0.8540
0.8553
0.8210
0.7664
0.7184
0.6771
0.6356
0.6348
0.6245
0.6034
0.5795
0.5381
0.4941
0.4531
0.4102
0.3646
0.3398
0.3275
0.3011
0.2622
0.2290
0.2028
0.1843
0.1738
0.1744
0.1797
0.2045
0.2806
0.3742
0.4486
0.5066
0.5470
0.5527
0.5289
0.5242
0.5345
0.5515
0.5520
0.5522
0.5435
0.5248
0.5180
0.5061
0.4910
0.4775
0.4477
0.3986
0.3746
0.3697
0.3714
0.3823
0.3975
0.4074
0.4202
0.4292
0.4324
0.4395
0.4545
0.4898
0.5384
0.5790
0.6069
0.6212
0.6112
0.5900
0.5663
0.5422
0.5223
0.4828
0.4357
0.3846
0.3291
0.2880
0.2733
0.2790
0.2968
0.3105
0.3198
0.3060
0.2881
0.2710
0.2632
0.2713
0.2974
0.3259
0.3543
0.3578
0.3522
0.3469
0.3290
0.3085
0.2897
0.2769
0.2529
0.2347
0.2320
0.2421
0.2478
0.2495
0.2579
0.2679
0.2715
0.2714
0.2711
0.2668
0.2583
0.2556
0.2500
0.2438
0.2436
0.2529
0.2613
0.2659
0.2747
0.2850
0.2953
0.2860
0.2756
0.2590
0.2336
0.2010
0.1631
0.1371
0.1228
0.1098
0.1003
0.0931
0.0848
0.0786
0.0798
0.0765
0.0628
0.0521
0.0611
0.0911
0.1277
0.1408
0.1414
0.1616
0.1954
0.2385
0.2632
0.2785
0.2893
0.2938
0.2903
0.2671
0.2134
0.1532
0.0915
0.0424
0.0218
0.0206
0.0286
0.0338
0.0337
0.0271
0.0164
0.0096
0.0093
0.0147
0.0180
0.0245
0.0430
0.0701
0.0846
0.0924
0.1002
0.1042
0.1015
0.0951
0.0897
0.0880
0.0898
0.0948
0.1011
0.1072
0.1158
0.1245
0.1319
0.1343
0.1336
0.1314
0.1274
0.1216
0.1172
0.1187
0.1274
0.1392
0.1439
0.1417
0.1404
0.1413
0.1498
0.1685
0.1920
0.2099
0.2174
0.2301
0.2467
0.2624
0.2902
0.3139
0.3186
0.3054
0.3135
0.3463
0.3717
0.3714
0.3535
0.3583
0.3682
0.3858
0.4107
0.4485
0.5007
0.5490
0.5724
0.6058
0.6312
0.6359
0.6178
0.6022
0.5762
0.5289
0.4495
0.3609
0.2870
0.2264
0.1877
0.1651
0.1549
0.1494
0.1458
0.1419
0.1379
0.1372
0.1381
0.1365
0.1455
0.1651
0.1701
0.1502
0.1258
0.1058
0.0894
0.0833
0.0800
0.0838
0.0960
0.1076
0.1103
0.1075
0.1057
0.1027
0.1026
0.1050
0.1052
0.1029
0.0973
0.0921
0.0859
0.0803
0.0787
0.0771
0.0750
0.0644
0.0568
0.0551
0.0545
0.0529
0.0530
0.0563
0.0634
0.0727
0.0813
0.0916
0.1040
0.1074
0.1002
0.0914
0.0859
0.0826
0.0799
0.0786
0.0804
0.0949
0.1308
0.1881
0.2559
0.3107
0.3640
0.3783
0.3582
0.3351
0.3332
0.3322
0.3521
0.3839
0.4002
0.4014
0.3840
0.3693
0.3482
0.3581
0.3423
0.3200
0.3099
0.2990
0.2760
0.2365
0.1976
0.1527
0.1113
0.0809
0.0668
0.0643
0.0710
0.0828
0.0924
0.1036
0.1118
0.0988
0.0686
0.0428
0.0266
0.0200
0.0184
0.0200
0.0207
0.0184
0.0142
0.0094
0.0058
0.0039
0.0050
0.0071
0.0088
0.0121
0.0172
0.0257
0.0339
0.0459
0.0583
0.0737
0.0991
0.1293
0.1661
0.2017
0.2201
0.2213
0.2108
0.1981
0.1835
0.1639
0.1416
0.1211
0.1015
0.0809
0.0639
0.0501
0.0420
0.0350
0.0281
0.0222
0.0230
0.0338
0.0619
0.1073
0.1627
0.2114
0.2418
0.2574
0.2662
0.2746
0.2892
0.3185
0.3556
0.3869
0.4081
0.4150
0.4025
0.3861
0.3773
0.3764
0.3802
0.3777
0.3661
0.3536
0.3440
0.3257
0.3243
0.3446
0.3842
0.4129
0.4478
0.4691
0.4801
0.4734
0.4395
0.4261
0.4333
0.4254
0.4072
0.3844
0.3696
0.3391
0.3029
0.2574
0.2190
0.1900
0.1644
0.1434
0.1373
0.1443
0.1600
0.1753
0.2088
0.2620
0.3030
0.3224
0.3144
0.2815
0.2486
0.2184
0.1965
0.1838
0.1881
0.2008
0.2145
0.2195
0.2131
0.1977
0.1817
0.1685
0.1614
0.1623
0.1712
0.1827
0.1882
0.1806
0.1520
0.1222
0.0962
0.0710
0.0559
0.0510
0.0548
0.0605
0.0650
0.0675
0.0668
0.0646
0.0590
0.0527
0.0535
0.0603
0.0683
0.0744
0.0781
0.0794
0.0801
0.0805
0.0785
0.0730
0.0654
0.0588
0.0538
0.0485
0.0451
0.0444
0.0445
0.0428
0.0367
0.0274
0.0207
0.0185
0.0184
0.0204
0.0233
0.0288
0.0463
0.0701
0.0917
0.1345
0.1885
0.2410
0.2976
0.3536
0.3935
0.4446
0.4760
0.4946
0.5417
0.5737
0.6023
0.6474
0.6814
0.7036
0.7111
0.7145
0.7008
0.6552
0.6513
0.6667
0.6546
0.6395
0.6087
0.5672
0.5274
0.4849
0.4906
0.4860
0.5376
0.5686
0.5422
0.4597
0.3903
0.3503
0.2943
0.2177
0.1387
0.0727
0.0266
0.0090
0.0076
0.0398
0.1052
0.1910
0.2993
0.4343
0.5757
0.6900
0.7843
0.8293
0.8247
0.8047
0.7846
0.7869
0.7771
0.7205
0.7222
0.7993
0.8378
0.8300
0.8172
0.8328
0.8391
0.8178
0.8237
0.8232
0.7725
0.7256
0.6921
0.6599
0.6577
0.6679
0.6328
0.5707
0.5291
0.5207
0.5313
0.5374
0.5499
0.5426
0.5447
0.5333
0.5255
0.5180
0.5358
0.6042
0.6532
0.6865
0.7419
0.8204
0.8562
0.8825
0.8819
0.8531
0.8213
0.7901
0.7529
0.6979
0.6268
0.5397
0.4609
0.4049
0.3715
0.3454
0.3222
0.3006
0.3148
0.3576
0.3604
0.3183
0.2591
0.1956
0.1329
0.0899
0.0672
0.0532
0.0432
0.0358
0.0338
0.0358
0.0388
0.0352
0.0294
0.0241
0.0164
0.0109
0.0096
0.0114
0.0131
0.0173
0.0256
0.0410
0.0594
0.0787
0.1008
0.1265
0.1630
0.2069
0.2482
0.2907
0.3550
0.4049
0.4333
0.4666
0.4855
0.5010
0.5154
0.5744
0.6073
0.6392
0.6808
0.6875
0.6947
0.6971
0.7094
0.7053
0.7097
0.7420
0.7813
0.8050
0.8191
0.8230
0.8227
0.8211
0.8324
0.8555
0.8617
0.8376
0.7822
0.6968
0.5916
0.4867
0.3960
0.3139
0.2383
0.2013
0.1730
0.1385
0.1102
0.0947
0.0876
0.0849
0.0925
0.1234
0.1734
0.2459
0.3370
0.3947
0.4245
0.4368
0.4328
0.4215
0.4149
0.4084
0.3954
0.3731
0.3597
0.3719
0.4017
0.4407
0.4887
0.5274
0.5505
0.5425
0.5011
0.4340
0.3545
0.2827
0.2321
0.2067
0.1889
0.1758
0.1755
0.1756
0.1842
0.1858
0.1714
0.1479
0.1371
0.1539
0.1661
0.1782
0.1654
0.1809
0.2596
0.3737
0.4380
0.4974
0.5868
0.6286
0.6429
0.7042
0.6989
0.6765
0.6130
0.5762
0.6467
0.6983
0.7343
0.7633
0.7951
0.7911
0.7508
0.6999
0.6563
0.6234
0.5915
0.5592
0.5342
0.5131
0.4917
0.4765
0.4770
0.4852
0.4877
0.4870
0.4743
0.4651
0.4463
0.4242
0.3870
0.3472
0.3063
0.2699
0.2446
0.2228
0.2038
0.1862
0.1650
0.1412
0.1174
0.0982
0.0867
0.0814
0.0811
0.0833
0.0790
0.0686
0.0577
0.0478
0.0427
0.0432
0.0481
0.0552
0.0622
0.0697
0.0778
0.0872
0.0962
0.0989
0.0906
0.0629
0.0329
0.0217
0.0285
0.0455
0.0595
0.0660
0.0644
0.0618
0.0578
0.0490
0.0433
0.0485
0.0635
0.0774
0.0878
0.1066
0.1288
0.1407
0.1499
0.1781
0.2161
0.2651
0.3142
0.3659
0.4159
0.4850
0.5377
0.5384
0.5410
0.5581
0.5714
0.5441
0.5239
0.5251
0.5421
0.5399
0.5191
0.5105
0.5085
0.5258
0.5475
0.5614
0.5800
0.5820
0.5785
0.5668
0.5368
0.5303
0.5412
0.5722
0.6033
0.6365
0.6737
0.7066
0.7220
0.7148
0.6911
0.6507
0.6038
0.5524
0.4680
0.4228
0.3865
0.3430
0.2984
0.2513
0.2045
0.1764
0.1654
0.1781
0.2344
0.3287
0.4343
0.4978
0.5149
0.4999
0.4625
0.4348
0.4019
0.3806
0.3931
0.4644
0.5753
0.6482
0.7056
0.6935
0.6307
0.5952
0.5583
0.5137
0.4502
0.3900
0.3428
0.3455
0.3921
0.4619
0.5166
0.5653
0.5938
0.5992
0.5930
0.5911
0.5866
0.5784
0.5631
0.5273
0.4664
0.3913
0.3147
0.2525
0.2146
0.1949
0.1861
0.1766
0.1650
0.1564
0.1603
0.1695
0.1779
0.1809
0.1818
0.1877
0.1949
0.2082
0.2199
0.2261
0.2321
0.2240
0.2178
0.2210
0.2394
0.2657
0.2832
0.2914
0.2858
0.2677
0.2508
0.2339
0.2170
0.2019
0.1851
0.1641
0.1460
0.1294
0.1153
0.1066
0.1054
0.1121
0.1193
0.1238
0.1216
0.1138
0.1005
0.0927
0.0963
0.1010
0.1021
0.1070
0.1228
0.1439
0.1576
0.1520
0.1328
0.1153
0.1073
0.1045
0.1073
0.1132
0.1210
0.1307
0.1415
0.1523
0.1620
0.1727
0.1876
0.2045
0.2194
0.2284
0.2426
0.2659
0.2511
0.2187
0.1835
0.1484
0.1241
0.1100
0.1271
0.1703
0.2046
0.2148
0.1996
0.1740
0.1555
0.1454
0.1418
0.1365
0.1236
0.1143
0.1165
0.1232
0.1270
0.1219
0.1068
0.0870
0.0660
0.0467
0.0325
0.0217
0.0154
0.0128
0.0133
0.0153
0.0170
0.0207
0.0284
0.0416
0.0572
0.0720
0.0871
0.1046
0.1236
0.1347
0.1346
0.1261
0.1163
0.1138
0.1168
0.1233
0.1221
0.1193
0.1192
0.1239
0.1232
0.1132
0.1050
0.1014
0.0935
0.0864
0.0728
0.0532
0.0392
0.0329
0.0290
0.0256
0.0273
0.0357
0.0467
0.0598
0.0740
0.0908
0.1064
0.1161
0.1182
0.1225
0.1438
0.1658
0.1826
0.2076
0.2185
0.2173
0.2090
0.2096
0.2045
0.2035
0.2148
0.2205
0.2298
0.2520
0.2747
0.3031
0.3409
0.3714
0.3852
0.3826
0.3700
0.3648
0.3714
0.3775
0.3849
0.4116
0.4427
0.4473
0.4307
0.4101
0.3749
0.3180
0.2562
0.2046
0.1629
0.1408
0.1214
0.1041
0.0926
0.0821
0.0713
0.0622
0.0558
0.0529
0.0553
0.0643
0.0775
0.0935
0.1111
0.1287
0.1666
0.2459
0.3523
0.4752
0.5640
0.6112
0.6056
0.6123
0.6291
0.6637
0.6680
0.6661
0.6672
0.6606
0.6345
0.5831
0.5325
0.4921
0.4417
0.3939
0.3555
0.3428
0.3456
0.3763
0.4267
0.4638
0.4621
0.4320
0.3918
0.3543
0.3100
0.2511
0.2198
0.2204
0.2332
0.2561
0.2812
0.2815
0.2872
0.2905
0.2767
0.2601
0.2809
0.3455
0.4031
0.4813
0.5659
0.5971
0.6366
0.6746
0.6814
0.6568
0.5807
0.4842
0.4170
0.3780
0.3518
0.3432
0.3522
0.3720
0.3949
0.4238
0.4596
0.4863
0.4918
0.4912
0.5097
0.5290
0.5412
0.5492
0.5499
0.5361
0.4995
0.4556
0.4342
0.4261
0.4167
0.3997
0.3763
0.3475
0.3234
0.3274
0.3520
0.4115
0.4614
0.4987
0.6015
0.6449
0.6693
0.6764
0.6645
0.6307
0.6022
0.5966
0.5828
0.5923
0.6215
0.6310
0.6307
0.6214
0.6133
0.5837
0.5228
0.4752
0.4441
0.4153
0.3983
0.3891
0.3680
0.3310
0.2912
0.2478
0.2017
0.1367
0.1072
0.1050
0.1160
0.1530
0.2406
0.3874
0.5236
0.6182
0.7345
0.8401
0.8800
0.8991
0.9080
0.9161
0.9249
0.9259
0.9260
0.9322
0.9455
0.9490
0.9482
0.9453
0.9562
0.9693
0.9703
0.9698
0.9648
0.9490
0.9141
0.8661
0.8324
0.8117
0.7926
0.7737
0.7765
0.7808
0.7866
0.7875
0.7871
0.7874
0.7885
0.7744
0.7373
0.6884
0.6412
0.5911
0.5139
0.4201
0.3437
0.2823
0.2377
0.2114
0.1901
0.1755
0.1608
0.1423
0.1183
0.0956
0.0687
0.0476
0.0353
0.0290
0.0259
0.0251
0.0248
0.0230
0.0215
0.0198
0.0189
0.0198
0.0245
0.0320
0.0403
0.0539
0.0782
0.1097
0.1490
0.1917
0.2269
0.2534
0.2755
0.2904
0.2960
0.2933
0.2895
0.2959
0.3248
0.3586
0.3406
0.3173
0.2862
0.2418
0.2204
0.2633
0.3557
0.4419
0.4858
0.4911
0.4467
0.3611
0.3109
0.3179
0.3245
0.3151
0.3404
0.3178
0.3182
0.3271
0.3179
0.2871
0.2832
0.3143
0.3813
0.4521
0.5184
0.5616
0.6042
0.5916
0.5438
0.4871
0.4441
0.4161
0.4004
0.4157
0.4400
0.4140
0.4005
0.3793
0.3862
0.4069
0.4303
0.4330
0.4102
0.4018
0.4078
0.4083
0.4014
0.3780
0.3445
0.3120
0.2859
0.2654
0.2610
0.2627
0.2613
0.2569
0.2472
0.2328
0.2221
0.2171
0.2204
0.2181
0.1959
0.1666
0.1450
0.1312
0.1304
0.1407
0.1599
0.1805
0.1997
0.2087
0.2033
0.1991
0.2085
0.2298
0.2573
0.2838
0.3012
0.3066
0.3003
0.2819
0.2625
0.2475
0.2313
0.2111
0.1876
0.1673
0.1566
0.1502
0.1444
0.1400
0.1291
0.1128
0.0963
0.0836
0.0802
0.0849
0.0921
0.0952
0.0921
0.0926
0.0994
0.1120
0.1319
0.1469
0.1621
0.1646
0.1501
0.1225
0.0924
0.0705
0.0582
0.0553
0.0594
0.0677
0.0764
0.0808
0.0808
0.0729
0.0655
0.0678
0.0804
0.0988
0.1173
0.1351
0.1500
0.1522
0.1423
0.1261
0.1098
0.0920
0.0769
0.0674
0.0621
0.0566
0.0486
0.0408
0.0347
0.0304
0.0271
0.0247
0.0254
0.0280
0.0305
0.0317
0.0313
0.0327
0.0382
0.0456
0.0510
0.0572
0.0674
0.0782
0.0863
0.0927
0.0996
0.1037
0.1021
0.0983
0.0919
0.0837
0.0717
0.0585
0.0470
0.0383
0.0342
0.0343
0.0382
0.0449
0.0524
0.0624
0.0796
0.1052
0.1373
0.1744
0.2044
0.2163
0.2060
0.1915
0.1683
0.1435
0.1194
0.1015
0.0874
0.0714
0.0504
0.0314
0.0291
0.0469
0.0708
0.1071
0.1435
0.1606
0.1832
0.2507
0.3097
0.3621
0.3417
0.2749
0.2005
0.1761
0.1903
0.2249
0.2554
0.2847
0.2984
0.2958
0.2636
0.2325
0.2003
0.1560
0.1150
0.0875
0.0737
0.0694
0.0693
0.0713
0.0800
0.0954
0.1157
0.1474
0.1831
0.2145
0.2307
0.2309
0.2337
0.2444
0.2586
0.2644
0.2630
0.2566
0.2384
0.2112
0.1886
0.1776
0.1696
0.1599
0.1502
0.1387
0.1333
0.1359
0.1493
0.1644
0.1738
0.1843
0.1844
0.1757
0.1613
0.1446
0.1361
0.1321
0.1286
0.1272
0.1328
0.1462
0.1581
0.1745
0.1836
0.1701
0.1394
0.1258
0.1283
0.1335
0.1353
0.1395
0.1272
0.0953
0.0776
0.0727
0.0665
0.0445
0.0239
0.0169
0.0191
0.0278
0.0428
0.0673
0.1070
0.1616
0.2176
0.2786
0.3475
0.4075
0.4807
0.5521
0.5864
0.6003
0.5962
0.6047
0.6170
0.6042
0.5606
0.4895
0.4286
0.3897
0.3676
0.3358
0.2976
0.2675
0.2553
0.2502
0.2502
0.2587
0.2918
0.3357
0.3446
0.3145
0.2913
0.2981
0.3211
0.3742
0.4382
0.4907
0.5165
0.5358
0.5552
0.5653
0.5682
0.5738
0.5793
0.5858
0.5908
0.5855
0.5811
0.5766
0.5573
0.5255
0.4872
0.4552
0.4245
0.3944
0.3662
0.3461
0.3497
0.3727
0.4016
0.4233
0.4290
0.4157
0.3981
0.3863
0.3743
0.3667
0.3628
0.3559
0.3454
0.3308
0.3152
0.3090
0.3095
0.3092
0.2943
0.2562
0.2075
0.1762
0.1592
0.1453
0.1340
0.1269
0.1225
0.1170
0.1178
0.1141
0.1017
0.0827
0.0643
0.0532
0.0492
0.0507
0.0503
0.0462
0.0432
0.0377
0.0382
0.0420
0.0457
0.0493
0.0531
0.0617
0.0799
0.1092
0.1368
0.1535
0.1613
0.1548
0.1380
0.1220
0.1257
0.1629
0.2095
0.2210
0.2447
0.3072
0.3392
0.3187
0.2876
0.2723
0.2647
0.2515
0.2265
0.1905
0.1537
0.1207
0.0986
0.0848
0.0783
0.0732
0.0650
0.0522
0.0375
0.0247
0.0161
0.0109
0.0088
0.0102
0.0146
0.0212
0.0312
0.0484
0.0701
0.0874
0.0979
0.0988
0.0981
0.1033
0.1173
0.1342
0.1443
0.1544
0.1733
0.1981
0.2217
0.2475
0.2835
0.3330
0.3845
0.4232
0.4647
0.4958
0.5099
0.5047
0.4993
0.4877
0.4660
0.4588
0.4645
0.4834
0.4940
0.4927
0.4728
0.4405
0.4124
0.3949
0.3769
0.3586
0.3424
0.3275
0.3051
0.2665
0.2236
0.1817
0.1599
0.1504
0.1347
0.1315
0.1403
0.1435
0.1290
0.1051
0.0835
0.0671
0.0487
0.0409
0.0388
0.0369
0.0358
0.0366
0.0366
0.0326
0.0287
0.0263
0.0244
0.0221
0.0201
0.0174
0.0130
0.0104
0.0084
0.0068
0.0086
0.0108
0.0111
0.0108
0.0119
0.0128
0.0115
0.0094
0.0086
0.0090
0.0100
0.0125
0.0160
0.0192
0.0213
0.0229
0.0222
0.0187
0.0153
0.0145
0.0192
0.0322
0.0533
0.0807
0.1098
0.1357
0.1502
0.1478
0.1306
0.1084
0.0892
0.0803
0.0792
0.0797
0.0876
0.1097
0.1457
0.1948
0.2427
0.2916
0.3400
0.3522
0.3461
0.3297
0.2971
0.2599
0.2345
0.2171
0.1989
0.1853
0.1710
0.1489
0.1277
0.1053
0.0820
0.0586
0.0415
0.0415
0.0566
0.0807
0.1029
0.1269
0.1546
0.1829
0.1973
0.2229
0.2174
0.1389
0.0948
0.0881
0.0984
0.1147
0.1267
0.1363
0.1408
0.1319
0.1217
0.1149
0.0952
0.0714
0.0487
0.0432
0.0488
0.0533
0.0595
0.0634
0.0592
0.0537
0.0553
0.0611
0.0580
0.0479
0.0403
0.0325
0.0282
0.0283
0.0304
0.0364
0.0391
0.0393
0.0362
0.0312
0.0241
0.0164
0.0123
0.0097
0.0091
0.0098
0.0107
0.0117
0.0128
0.0132
0.0140
0.0168
0.0213
0.0283
0.0385
0.0535
0.0728
0.0918
0.1056
0.1175
0.1317
0.1479
0.1613
0.1686
0.1746
0.1802
0.1834
0.1862
0.2053
0.2577
0.3310
0.3934
0.4329
0.4570
0.4793
0.4997
0.5232
0.5487
0.5774
0.6112
0.6423
0.6537
0.6436
0.6289
0.6180
0.6257
0.6337
0.6303
0.6221
0.6078
0.6001
0.5922
0.5967
0.6224
0.6436
0.6540
0.6547
0.6507
0.6334
0.6039
0.5290
0.4415
0.4003
0.3778
0.3613
0.3361
0.2804
0.2183
0.1748
0.1343
0.1279
0.1493
0.1270
0.0807
0.0498
0.0316
0.0231
0.0185
0.0164
0.0158
0.0136
0.0123
0.0143
0.0182
0.0210
0.0238
0.0293
0.0345
0.0348
0.0362
0.0481
0.0647
0.0777
0.0912
0.1095
0.1325
0.1491
0.1573
0.1742
0.2101
0.2598
0.2997
0.3128
0.3117
0.3045
0.2792
0.2303
0.1712
0.1461
0.1563
0.1870
0.1994
0.1990
0.1846
0.1598
0.1331
0.1021
0.0717
0.0500
0.0403
0.0365
0.0276
0.0186
0.0149
0.0188
0.0278
0.0310
0.0365
0.0512
0.0743
0.0864
0.0926
0.1028
0.0734
0.0652
0.0625
0.1399
0.3723
0.5566
0.6133
0.5942
0.5890
0.6025
0.6542
0.7289
0.7627
0.7620
0.7339
0.6845
0.6296
0.5739
0.5308
0.5169
0.5091
0.4921
0.4515
0.3905
0.3341
0.2770
0.2320
0.1796
0.1451
0.1273
0.1119
0.1029
0.0941
0.0979
0.1185
0.1443
0.1641
0.1716
0.1701
0.1718
0.1773
0.1810
0.1758
0.1700
0.1603
0.1288
0.1084
0.1173
0.1583
0.2074
0.2528
0.3224
0.3835
0.3991
0.4252
0.4175
0.4162
0.4270
0.4412
0.4884
0.5595
0.6343
0.6963
0.7541
0.7992
0.8202
0.8352
0.8514
0.8642
0.8699
0.8638
0.8401
0.8095
0.7745
0.7438
0.7379
0.7547
0.7791
0.7867
0.7876
0.7909
0.7979
0.8082
0.8245
0.8480
0.8626
0.8632
0.8582
0.8537
0.8519
0.8503
0.8492
0.8483
0.8416
0.8360
0.8224
0.7985
0.7831
0.7670
0.7400
0.7069
0.7037
0.7006
0.6756
0.6663
0.6812
0.6754
0.6533
0.5990
0.5314
0.4531
0.3728
0.2989
0.2462
0.2117
0.1867
0.1703
0.1529
0.1329
0.1092
0.0876
0.0729
0.0635
0.0521
0.0432
0.0408
0.0413
0.0450
0.0539
0.0627
0.0648
0.0596
0.0482
0.0396
0.0416
0.0611
0.0993
0.1225
0.1252
0.1239
0.1102
0.0951
0.0747
0.0599
0.0591
0.0652
0.0709
0.0699
0.0721
0.0686
0.0634
0.0591
0.0682
0.0877
0.0996
0.0969
0.0898
0.0766
0.0550
0.0376
0.0420
0.0648
0.1058
0.1547
0.2073
0.2379
0.2520
0.2489
0.2245
0.2066
0.1835
0.1694
0.1555
0.1292
0.1094
0.0918
0.0756
0.0680
0.0578
0.0449
0.0315
0.0212
0.0156
0.0145
0.0197
0.0253
0.0324
0.0352
0.0468
0.0446
0.0431
0.0330
0.0230
0.0168
0.0152
0.0117
0.0132
0.0133
0.0166
0.0166
0.0153
0.0123
0.0095
0.0076
0.0073
0.0097
0.0144
0.0208
0.0270
0.0258
0.0215
0.0205
0.0220
0.0267
0.0376
0.0484
0.0613
0.0735
0.0820
0.0824
0.0754
0.0760
0.0897
0.1007
0.1032
0.1004
0.0939
0.0807
0.0676
0.0581
0.0503
0.0450
0.0442
0.0447
0.0448
0.0442
0.0476
0.0550
0.0667
0.0817
0.0955
0.1038
0.1041
0.1061
0.0986
0.0898
0.0880
0.0926
0.0969
0.1028
0.1007
0.0970
0.0929
0.0878
0.0793
0.0685
0.0553
0.0454
0.0422
0.0459
0.0539
0.0596
0.0615
0.0638
0.0689
0.0758
0.0841
0.0947
0.1046
0.1196
0.1397
0.1536
0.1710
0.1901
0.2240
0.2955
0.3703
0.4167
0.4593
0.5110
0.5202
0.4730
0.4025
0.3876
0.4005
0.4496
0.5710
0.5975
0.5736
0.5384
0.4856
0.4336
0.3832
0.3244
0.3108
0.3178
0.2857
0.2822
0.2908
0.2898
0.2843
0.3077
0.3643
0.4065
0.4382
0.4687
0.5145
0.5687
0.6092
0.6196
0.6127
0.5949
0.5479
0.4761
0.3820
0.2878
0.2201
0.1861
0.1719
0.1630
0.1482
0.1330
0.1301
0.1319
0.1348
0.1212
0.1001
0.1062
0.1203
0.1103
0.0906
0.0661
0.0477
0.0457
0.0722
0.1510
0.2592
0.3425
0.4536
0.5328
0.5367
0.5219
0.5009
0.5063
0.4944
0.4785
0.4576
0.4185
0.3515
0.2736
0.2022
0.1525
0.1208
0.1039
0.0908
0.0725
0.0494
0.0321
0.0224
0.0179
0.0153
0.0212
0.0350
0.0605
0.1201
0.2200
0.3520
0.4864
0.5818
0.6625
0.6970
0.6524
0.5634
0.4606
0.4007
0.3933
0.4055
0.4159
0.4362
0.4530
0.4420
0.4161
0.3776
0.3217
0.2564
0.2069
0.1676
0.1390
0.1229
0.1197
0.1368
0.1610
0.1714
0.1762
0.1784
0.1672
0.1473
0.1306
0.1207
0.1125
0.1027
0.0971
0.0993
0.1111
0.1277
0.1438
0.1559
0.1502
0.1423
0.1293
0.1134
0.0951
0.0846
0.0856
0.0897
0.0852
0.0810
0.0791
0.0788
0.0871
0.1017
0.1078
0.0963
0.0843
0.0879
0.1029
0.1272
0.1535
0.1749
0.1899
0.1900
0.1782
0.1664
0.1448
0.1245
0.1072
0.0886
0.0746
0.0658
0.0637
0.0646
0.0606
0.0467
0.0340
0.0272
0.0161
0.0081
0.0035
0.0015
0.0007
0.0024
0.0077
0.0198
0.0405
0.0605
0.0829
0.1279
0.2002
0.2975
0.4070
0.4836
0.5457
0.6443
0.7060
0.7108
0.7032
0.6852
0.6365
0.5272
0.3814
0.2873
0.2161
0.1409
0.0796
0.0427
0.0411
0.0655
0.1110
0.1881
0.3441
0.5247
0.6414
0.8420
0.9345
0.9295
0.9051
0.8872
0.8557
0.8234
0.7971
0.7700
0.7525
0.7202
0.6628
0.5733
0.4821
0.4306
0.4112
0.3617
0.2670
0.2086
0.1996
0.1896
0.1539
0.1134
0.0893
0.0775
0.0797
0.1140
0.1735
0.2374
0.2955
0.3474
0.3873
0.4149
0.4301
0.4315
0.4294
0.4073
0.3618
0.2995
0.2509
0.2182
0.1880
0.1681
0.1699
0.1881
0.2196
0.2648
0.3078
0.3400
0.3730
0.4027
0.4211
0.4367
0.4541
0.4670
0.4742
0.4768
0.4816
0.4782
0.4664
0.4585
0.4676
0.4840
0.5011
0.5134
0.5327
0.5729
0.6020
0.6099
0.6148
0.6184
0.6125
0.5920
0.5663
0.5474
0.5120
0.4708
0.4572
0.4790
0.5125
0.5404
0.5548
0.5552
0.5468
0.5451
0.5602
0.5932
0.6322
0.6785
0.7157
0.7324
0.7279
0.7060
0.6794
0.6668
0.7003
0.7724
0.8190
0.8417
0.8492
0.8452
0.8346
0.8239
0.8211
0.8226
0.8210
0.8130
0.7976
0.7802
0.7617
0.7447
0.7328
0.7272
0.7319
0.7444
0.7533
0.7565
0.7570
0.7471
0.7261
0.7012
0.6723
0.6415
0.6134
0.5772
0.5493
0.5310
0.5044
0.4761
0.4611
0.4586
0.4483
0.4274
0.3949
0.3485
0.2956
0.2498
0.2192
0.1956
0.1725
0.1509
0.1310
0.1074
0.0833
0.0683
0.0583
0.0487
0.0411
0.0370
0.0334
0.0335
0.0417
0.0494
0.0559
0.0705
0.0881
0.0932
0.0868
0.0831
0.0751
0.0544
0.0342
0.0207
0.0128
0.0075
0.0045
0.0029
0.0030
0.0041
0.0066
0.0109
0.0167
0.0233
0.0270
0.0291
0.0333
0.0407
0.0485
0.0566
0.0612
0.0652
0.0670
0.0663
0.0604
0.0503
0.0369
0.0238
0.0112
0.0039
0.0017
0.0035
0.0097
0.0208
0.0387
0.0637
0.0863
0.1053
0.1285
0.1559
0.1915
0.2328
0.2674
0.2907
0.3185
0.3513
0.3688
0.3815
0.3880
0.4074
0.4055
0.4156
0.3899
0.3265
0.2749
0.2414
0.1962
0.1513
0.1247
0.0946
0.0754
0.0633
0.0524
0.0442
0.0398
0.0437
0.0659
0.1169
0.1322
0.0849
0.0454
0.0392
0.0452
0.0484
0.0533
0.0626
0.0687
0.0860
0.1316
0.1913
0.2417
0.3011
0.3068
0.2419
0.2072
0.1875
0.1768
0.1959
0.2110
0.2166
0.2048
0.1848
0.1735
0.1796
0.1861
0.1688
0.1535
0.1483
0.1275
0.0958
0.0594
0.0279
0.0095
0.0043
0.0027
0.0215
0.0666
0.1139
0.1495
0.1820
0.2173
0.2603
0.3016
0.3107
0.2994
0.2721
0.2389
0.2001
0.1576
0.1372
0.1369
0.1292
0.1083
0.0752
0.0426
0.0218
0.0189
0.0284
0.0468
0.0636
0.0710
0.0775
0.0959
0.1064
0.0962
0.0769
0.0599
0.0477
0.0405
0.0358
0.0269
0.0175
0.0121
0.0086
0.0049
0.0027
0.0036
0.0137
0.0252
0.0097
0.0008
0.0011
0.0058
0.0128
0.0201
0.0267
0.0342
0.0405
0.0443
0.0580
0.0801
0.1000
0.1080
0.1015
0.0930
0.0929
0.1049
0.1166
0.1076
0.0873
0.0745
0.0743
0.0795
0.0792
0.0778
0.0699
0.0597
0.0451
0.0343
0.0247
0.0202
0.0153
0.0133
0.0148
0.0167
0.0165
0.0152
0.0157
0.0164
0.0164
0.0170
0.0191
0.0205
0.0170
0.0098
0.0036
0.0007
0.0002
0.0006
0.0019
0.0037
0.0069
0.0111
0.0164
0.0184
0.0190
0.0216
0.0262
0.0256
0.0184
0.0120
0.0085
0.0082
0.0099
0.0100
0.0098
0.0088
0.0076
0.0086
0.0134
0.0199
0.0257
0.0309
0.0301
0.0265
0.0247
0.0245
0.0278
0.0354
0.0484
0.0639
0.0753
0.0752
0.0666
0.0583
0.0495
0.0386
0.0208
0.0087
0.0079
0.0101
0.0144
0.0215
0.0295
0.0376
0.0475
0.0538
0.0507
0.0429
0.0387
0.0372
0.0370
0.0430
0.0473
0.0415
0.0332
0.0280
0.0270
0.0276
0.0305
0.0371
0.0430
0.0489
0.0543
0.0509
0.0444
0.0413
0.0392
0.0377
0.0379
0.0428
0.0491
0.0507
0.0536
0.0637
0.0765
0.0959
0.1203
0.1387
0.1473
0.1569
0.1745
0.1974
0.2219
0.2368
0.2385
0.2287
0.2280
0.2351
0.2506
0.2766
0.2980
0.3048
0.3189
0.3628
0.4202
0.4620
0.4851
0.5004
0.5051
0.5046
0.5056
0.5117
0.5168
0.5156
0.5119
0.5040
0.4968
0.4879
0.4693
0.4495
0.4318
0.4260
0.3930
0.3451
0.3023
0.2647
0.2237
0.1995
0.1723
0.1412
0.1083
0.0902
0.0875
0.0888
0.0954
0.1040
0.1054
0.0969
0.0842
0.0719
0.0587
0.0517
0.0499
0.0523
0.0570
0.0580
0.0573
0.0555
0.0569
0.0649
0.0758
0.0911
0.1018
0.1150
0.1108
0.1120
0.1203
0.1326
0.1530
0.1814
0.2158
0.2529
0.2852
0.2918
0.2789
0.2621
0.2568
0.2591
0.2646
0.2705
0.2749
0.2896
0.3166
0.3532
0.3958
0.4294
0.4489
0.4608
0.4432
0.4141
0.3868
0.3692
0.3593
0.3711
0.3682
0.3485
0.3160
0.2709
0.2303
0.1988
0.1831
0.1791
0.1961
0.2369
0.2710
0.2868
0.3114
0.3509
0.4158
0.4840
0.5435
0.5927
0.6295
0.6417
0.6496
0.6565
0.6808
0.6750
0.6412
0.6106
0.5734
0.5436
0.5077
0.4953
0.5011
0.4647
0.4114
0.3394
0.2911
0.2607
0.2394
0.2188
0.2076
0.2014
0.1933
0.1784
0.1720
0.1672
0.1584
0.1455
0.1306
0.1203
0.1139
0.1084
0.1046
0.0977
0.0867
0.0806
0.0824
0.0815
0.0788
0.0747
0.0676
0.0594
0.0528
0.0473
0.0450
0.0454
0.0458
0.0470
0.0494
0.0512
0.0546
0.0569
0.0526
0.0443
0.0353
0.0291
0.0266
0.0259
0.0255
0.0253
0.0250
0.0250
0.0268
0.0294
0.0310
0.0310
0.0304
0.0321
0.0379
0.0499
0.0632
0.0738
0.0848
0.0930
0.1012
0.1128
0.1207
0.1200
0.1143
0.1037
0.0957
0.0907
0.0903
0.0938
0.0975
0.1018
0.1112
0.1227
0.1279
0.1214
0.1053
0.0843
0.0681
0.0608
0.0614
0.0719
0.0901
0.1107
0.1277
0.1415
0.1515
0.1531
0.1436
0.1297
0.1180
0.1124
0.1140
0.1190
0.1236
0.1293
0.1354
0.1461
0.1577
0.1780
0.1957
0.2038
0.2062
0.2198
0.2570
0.3200
0.3839
0.4271
0.4372
0.4242
0.3924
0.3661
0.3444
0.3337
0.3347
0.3368
0.3417
0.3517
0.3741
0.4058
0.4454
0.4712
0.4929
0.5217
0.5598
0.5974
0.6333
0.6587
0.6560
0.6449
0.6521
0.6181
0.6206
0.6082
0.6081
0.6044
0.5813
0.5468
0.5146
0.4826
0.4811
0.4466
0.3825
0.3439
0.3313
0.3147
0.2893
0.2417
0.1903
0.1497
0.1281
0.1235
0.1302
0.1600
0.2660
0.4067
0.5084
0.5490
0.4988
0.3937
0.3558
0.3667
0.3835
0.4063
0.4035
0.4169
0.5019
0.5978
0.6954
0.8153
0.8786
0.8826
0.8528
0.8099
0.7708
0.7300
0.6822
0.6425
0.5946
0.5437
0.5321
0.5891
0.6649
0.7115
0.7221
0.7251
0.7137
0.6904
0.6375
0.5782
0.5455
0.5272
0.5638
0.6248
0.6598
0.6802
0.7126
0.7145
0.6768
0.6167
0.5264
0.4540
0.4319
0.4858
0.5470
0.5986
0.6585
0.6344
0.5651
0.5447
0.5281
0.5414
0.4842
0.4319
0.4306
0.4613
0.4853
0.5163
0.5555
0.5801
0.6094
0.6267
0.6126
0.5858
0.5304
0.4654
0.3837
0.3112
0.2542
0.2183
0.2043
0.2057
0.2042
0.1964
0.1861
0.1755
0.1624
0.1533
0.1629
0.1851
0.2126
0.2371
0.2565
0.2772
0.2934
0.3065
0.3114
0.3109
0.3099
0.3041
0.2961
0.2873
0.2750
0.2598
0.2498
0.2376
0.2153
0.1959
0.1842
0.1771
0.1759
0.1881
0.2067
0.2201
0.2220
0.2027
0.1840
0.1684
0.1448
0.1099
0.0742
0.0435
0.0227
0.0124
0.0070
0.0042
0.0050
0.0074
0.0083
0.0098
0.0107
0.0094
0.0142
0.0159
0.0128
0.0130
0.0114
0.0089
0.0075
0.0109
0.0210
0.0359
0.0484
0.0561
0.0614
0.0628
0.0690
0.1002
0.1757
0.2245
0.1719
0.1417
0.1279
0.1158
0.1047
0.1014
0.1020
0.0935
0.1029
0.1206
0.1227
0.1500
0.1707
0.1557
0.1621
0.1887
0.2074
0.2044
0.2069
0.2394
0.2575
0.2321
0.1792
0.1274
0.1167
0.1730
0.2388
0.2837
0.3488
0.4119
0.4382
0.4504
0.4726
0.4903
0.4734
0.4353
0.4163
0.4280
0.4634
0.4884
0.5095
0.5372
0.5704
0.5966
0.6091
0.6099
0.6165
0.6316
0.6513
0.6760
0.6979
0.7124
0.7175
0.7235
0.7327
0.7358
0.7386
0.7469
0.7530
0.7550
0.7496
0.7337
0.7053
0.6708
0.6370
0.6116
0.5908
0.5808
0.5795
0.5805
0.5715
0.5581
0.5490
0.5337
0.5156
0.5016
0.4945
0.4942
0.4881
0.4814
0.4788
0.4824
0.4986
0.5179
0.5317
0.5373
0.5323
0.5126
0.4778
0.4419
0.4215
0.4331
0.4676
0.5079
0.5385
0.5644
0.5827
0.5845
0.5683
0.5417
0.5240
0.5049
0.4835
0.4645
0.4585
0.4540
0.4386
0.4144
0.3895
0.3675
0.3401
0.3029
0.2424
0.1767
0.1202
0.0966
0.1102
0.1631
0.2582
0.3681
0.4792
0.5928
0.6470
0.6356
0.6139
0.5988
0.6048
0.6399
0.6755
0.7047
0.7533
0.7998
0.8156
0.8196
0.8319
0.8545
0.8834
0.9027
0.9157
0.9257
0.9333
0.9400
0.9459
0.9475
0.9454
0.9410
0.9326
0.9264
0.9250
0.9203
0.9106
0.8948
0.8739
0.8570
0.8404
0.8228
0.8045
0.7883
0.7754
0.7663
0.7588
0.7433
0.7212
0.6942
0.6637
0.6310
0.6104
0.5838
0.5561
0.5255
0.4928
0.4599
0.4297
0.4085
0.3859
0.3581
0.3304
0.3057
0.2779
0.2511
0.2234
0.2008
0.1866
0.1791
0.1800
0.1915
0.2128
0.2438
0.2764
0.2965
0.3041
0.3057
0.3033
0.2898
0.2741
0.2595
0.2494
0.2594
0.2795
0.2810
0.2616
0.2406
0.2161
0.1846
0.1455
0.1079
0.0781
0.0569
0.0436
0.0358
0.0326
0.0324
0.0335
0.0354
0.0364
0.0333
0.0278
0.0252
0.0238
0.0224
0.0249
0.0285
0.0319
0.0374
0.0434
0.0436
0.0454
0.0569
0.0680
0.0721
0.0633
0.0504
0.0418
0.0379
0.0366
0.0397
0.0488
0.0652
0.0824
0.0903
0.0897
0.0884
0.0840
0.0768
0.0697
0.0644
0.0613
0.0598
0.0645
0.0741
0.0885
0.1077
0.1261
0.1389
0.1391
0.1306
0.1232
0.1266
0.1431
0.1839
0.2463
0.3155
0.3732
0.3943
0.3999
0.4073
0.4055
0.3727
0.3271
0.2866
0.2599
0.2460
0.2487
0.2693
0.2910
0.3072
0.3316
0.3557
0.3737
0.3865
0.3658
0.3266
0.3007
0.2955
0.3068
0.3178
0.3477
0.3597
0.3543
0.3361
0.3069
0.2873
0.2602
0.2291
0.2097
0.1983
0.1999
0.2194
0.2518
0.2921
0.3417
0.3886
0.4211
0.4460
0.4284
0.3915
0.3720
0.3777
0.4060
0.4516
0.4749
0.4238
0.3560
0.2809
0.1960
0.1388
0.1069
0.0908
0.0847
0.0748
0.0664
0.0620
0.0574
0.0592
0.0692
0.0812
0.0926
0.1014
0.0920
0.0694
0.0621
0.0701
0.0969
0.1668
0.2700
0.3903
0.4611
0.5000
0.5648
0.5626
0.4833
0.4368
0.4007
0.3795
0.3452
0.3155
0.3058
0.3093
0.3218
0.2971
0.2282
0.1611
0.1185
0.0909
0.0764
0.0753
0.0871
0.1201
0.1864
0.3089
0.4784
0.6459
0.7437
0.7797
0.7833
0.7824
0.7815
0.7728
0.7560
0.7422
0.7344
0.7331
0.7382
0.7318
0.7315
0.7208
0.6819
0.6351
0.6253
0.6917
0.7688
0.8018
0.8269
0.8093
0.7613
0.7204
0.6204
0.5308
0.4863
0.4280
0.3440
0.2825
0.2338
0.2205
0.2185
0.1644
0.1616
0.2495
0.3938
0.4791
0.4723
0.4217
0.3731
0.3480
0.3581
0.3869
0.4593
0.5128
0.6082
0.6236
0.7062
0.7742
0.7963
0.8289
0.8587
0.8694
0.8663
0.8792
0.8956
0.8989
0.8777
0.8555
0.8225
0.7956
0.7741
0.7603
0.7266
0.7046
0.7036
0.7126
0.7552
0.7825
0.7883
0.7701
0.7388
0.7114
0.6766
0.6356
0.5850
0.5385
0.5010
0.4736
0.4567
0.4436
0.4294
0.3974
0.3595
0.3308
0.2996
0.2615
0.2187
0.1741
0.1360
0.1085
0.0849
0.0640
0.0464
0.0348
0.0283
0.0268
0.0294
0.0352
0.0423
0.0475
0.0528
0.0589
0.0650
0.0743
0.0867
0.0956
0.1033
0.1107
0.1123
0.1058
0.1110
0.1258
0.1441
0.1735
0.2118
0.2357
0.2480
0.2579
0.2744
0.2932
0.3201
0.3555
0.3987
0.4268
0.4233
0.3985
0.3490
0.2905
0.2362
0.1987
0.1770
0.1666
0.1603
0.1592
0.1580
0.1490
0.1342
0.1217
0.1075
0.0961
0.0879
0.0784
0.0695
0.0652
0.0644
0.0644
0.0653
0.0662
0.0678
0.0692
0.0702
0.0710
0.0805
0.0964
0.1129
0.1301
0.1556
0.1759
0.1804
0.1880
0.2176
0.2656
0.3220
0.3876
0.4614
0.5107
0.5464
0.5598
0.5654
0.5503
0.5329
0.5320
0.5299
0.4993
0.4478
0.3860
0.3392
0.2885
0.2185
0.1561
0.1202
0.0934
0.0689
0.0496
0.0405
0.0466
0.0546
0.0535
0.0482
0.0408
0.0306
0.0207
0.0158
0.0139
0.0124
0.0114
0.0119
0.0121
0.0122
0.0092
0.0046
0.0023
0.0010
0.0010
0.0034
0.0046
0.0049
0.0066
0.0113
0.0182
0.0242
0.0299
0.0415
0.0664
0.1059
0.1496
0.1879
0.2251
0.2673
0.3137
0.3623
0.4155
0.4782
0.5285
0.5495
0.5424
0.5471
0.5636
0.5459
0.4944
0.4303
0.4106
0.4267
0.4419
0.4331
0.4250
0.4073
0.3727
0.3471
0.3245
0.3143
0.3107
0.3073
0.2949
0.2721
0.2498
0.2350
0.2278
0.2249
0.2249
0.2251
0.2233
0.2187
0.2095
0.1967
0.1817
0.1645
0.1470
0.1274
0.1083
0.0942
0.0838
0.0745
0.0675
0.0630
0.0609
0.0605
0.0597
0.0561
0.0499
0.0419
0.0325
0.0260
0.0242
0.0255
0.0314
0.0423
0.0557
0.0660
0.0709
0.0760
0.0840
0.0927
0.0996
0.0979
0.0877
0.0726
0.0581
0.0488
0.0476
0.0534
0.0617
0.0695
0.0733
0.0686
0.0565
0.0450
0.0377
0.0332
0.0319
0.0356
0.0466
0.0633
0.0762
0.0813
0.0829
0.0836
0.0788
0.0648
0.0484
0.0343
0.0256
0.0250
0.0272
0.0305
0.0310
0.0322
0.0385
0.0418
0.0346
0.0229
0.0156
0.0111
0.0064
0.0041
0.0050
0.0077
0.0120
0.0218
0.0315
0.0310
0.0273
0.0227
0.0169
0.0119
0.0080
0.0051
0.0034
0.0025
0.0018
0.0017
0.0021
0.0031
0.0048
0.0066
0.0081
0.0096
0.0102
0.0105
0.0124
0.0166
0.0239
0.0351
0.0490
0.0620
0.0693
0.0690
0.0659
0.0602
0.0526
0.0445
0.0360
0.0285
0.0213
0.0143
0.0100
0.0073
0.0057
0.0057
0.0070
0.0094
0.0106
0.0115
0.0121
0.0127
0.0147
0.0190
0.0255
0.0332
0.0400
0.0416
0.0341
0.0250
0.0198
0.0173
0.0178
0.0209
0.0285
0.0368
0.0424
0.0444
0.0416
0.0423
0.0485
0.0525
0.0508
0.0504
0.0513
0.0503
0.0485
0.0469
0.0434
0.0382
0.0341
0.0324
0.0314
0.0342
0.0421
0.0527
0.0628
0.0712
0.0751
0.0750
0.0681
0.0537
0.0386
0.0304
0.0292
0.0334
0.0403
0.0470
0.0494
0.0473
0.0426
0.0436
0.0435
0.0376
0.0300
0.0255
0.0252
0.0256
0.0261
0.0256
0.0239
0.0214
0.0196
0.0201
0.0259
0.0382
0.0558
0.0771
0.0934
0.1045
0.1107
0.1081
0.0959
0.0770
0.0537
0.0388
0.0351
0.0363
0.0338
0.0267
0.0174
0.0104
0.0066
0.0041
0.0033
0.0067
0.0135
0.0216
0.0267
0.0287
0.0291
0.0301
0.0324
0.0343
0.0373
0.0420
0.0475
0.0530
0.0579
0.0646
0.0637
0.0493
0.0323
0.0180
0.0092
0.0057
0.0057
0.0093
0.0164
0.0301
0.0479
0.0615
0.0649
0.0723
0.0860
0.1038
0.1252
0.1422
0.1572
0.1743
0.1868
0.1964
0.2084
0.2549
0.3358
0.4244
0.4832
0.5252
0.5335
0.5593
0.5730
0.5580
0.5531
0.5547
0.5653
0.5762
0.5919
0.6219
0.6783
0.7427
0.7735
0.7758
0.7450
0.6862
0.6285
0.5793
0.5457
0.5208
0.5115
0.4942
0.4628
0.4450
0.4398
0.4446
0.4389
0.4373
0.4546
0.4809
0.4972
0.5011
0.4910
0.4600
0.4239
0.3848
0.3475
0.3108
0.2830
0.2641
0.2578
0.2568
0.2596
0.2761
0.2918
0.3000
0.3079
0.2890
0.2678
0.2364
0.2001
0.1715
0.1522
0.1405
0.1356
0.1347
0.1312
0.1254
0.1205
0.1212
0.1237
0.1224
0.1213
0.1215
0.1199
0.1163
0.1127
0.1080
0.1009
0.0909
0.0801
0.0706
0.0623
0.0550
0.0500
0.0468
0.0463
0.0487
0.0518
0.0550
0.0596
0.0632
0.0639
0.0617
0.0559
0.0493
0.0435
0.0397
0.0386
0.0403
0.0460
0.0541
0.0619
0.0672
0.0703
0.0734
0.0762
0.0764
0.0739
0.0698
0.0662
0.0659
0.0716
0.0861
0.1077
0.1341
0.1586
0.1769
0.1807
0.1754
0.1739
0.1839
0.2091
0.2454
0.2929
0.3454
0.3906
0.4159
0.4253
0.4268
0.4287
0.4322
0.4334
0.4259
0.4111
0.3979
0.3953
0.4155
0.4555
0.5054
0.5445
0.5667
0.5652
0.5418
0.5135
0.4953
0.4908
0.4974
0.5210
0.5540
0.5861
0.6034
0.5981
0.5723
0.5327
0.4858
0.4383
0.3930
0.3478
0.3089
0.2886
0.2927
0.3176
0.3517
0.3777
0.3915
0.3925
0.3723
0.3444
0.3155
0.2901
0.2758
0.2867
0.3183
0.3594
0.3925
0.4056
0.3980
0.3683
0.3290
0.2934
0.2725
0.2703
0.2866
0.3131
0.3459
0.3754
0.3901
0.3860
0.3600
0.3137
0.2672
0.2473
0.2598
0.2991
0.3531
0.4181
0.4738
0.4959
0.4877
0.4653
0.4462
0.4392
0.4456
0.4591
0.4745
0.4935
0.5117
0.5239
0.5290
0.5214
0.5229
0.5186
0.5161
0.5221
0.5292
0.5276
0.5157
0.4995
0.4877
0.4936
0.5129
0.5353
0.5422
0.5286
0.4915
0.4344
0.3806
0.3454
0.3282
0.3210
0.3170
0.3182
0.3278
0.3488
0.3737
0.3867
0.3903
0.4090
0.4461
0.4814
0.5275
0.5840
0.6339
0.6813
0.7215
0.7392
0.7293
0.7042
0.6648
0.6180
0.5691
0.5256
0.4860
0.4524
0.4436
0.4508
0.4727
0.4993
0.5071
0.4870
0.4628
0.4473
0.4340
0.4146
0.4006
0.4003
0.4176
0.4523
0.4918
0.5064
0.5021
0.4743
0.4271
0.3699
0.3198
0.2885
0.2644
0.2375
0.2076
0.1813
0.1632
0.1512
0.1363
0.1191
0.1032
0.0896
0.0778
0.0680
0.0617
0.0576
0.0532
0.0531
0.0545
0.0527
0.0497
0.0445
0.0380
0.0338
0.0324
0.0366
0.0501
0.0684
0.0875
0.1069
0.1239
0.1381
0.1482
0.1531
0.1551
0.1515
0.1487
0.1480
0.1450
0.1390
0.1316
0.1327
0.1415
0.1513
0.1539
0.1478
0.1341
0.1107
0.0880
0.0714
0.0597
0.0523
0.0491
0.0477
0.0472
0.0478
0.0520
0.0568
0.0577
0.0517
0.0402
0.0294
0.0211
0.0162
0.0133
0.0122
0.0122
0.0126
0.0120
0.0104
0.0077
0.0056
0.0038
0.0023
0.0018
0.0027
0.0063
0.0107
0.0141
0.0171
0.0183
0.0161
0.0155
0.0219
0.0354
0.0475
0.0475
0.0357
0.0302
0.0374
0.0413
0.0303
0.0163
0.0059
0.0025
0.0071
0.0175
0.0349
0.0535
0.0696
0.0886
0.1169
0.1594
0.2086
0.2752
0.3318
0.3761
0.4279
0.4523
0.4737
0.5349
0.5887
0.6188
0.6317
0.6297
0.6151
0.5981
0.5587
0.4929
0.4284
0.3740
0.3489
0.3488
0.3737
0.3981
0.4267
0.4721
0.5266
0.5568
0.5723
0.6021
0.6422
0.6680
0.7125
0.7370
0.7515
0.7605
0.7743
0.7758
0.7457
0.7159
0.6781
0.6424
0.6057
0.5793
0.5577
0.5356
0.4942
0.4253
0.3510
0.2879
0.2480
0.2326
0.2328
0.2470
0.2635
0.2672
0.2568
0.2383
0.2140
0.1912
0.1882
0.2000
0.2104
0.2218
0.2223
0.2165
0.2154
0.2345
0.2652
0.3022
0.3350
0.3618
0.3665
0.3603
0.3648
0.3693
0.3687
0.3824
0.4177
0.4484
0.4519
0.4400
0.4149
0.3978
0.4254
0.4615
0.4786
0.5010
0.5222
0.5252
0.4825
0.4003
0.3458
0.3238
0.3366
0.3612
0.3265
0.3195
0.3481
0.3757
0.3767
0.3481
0.3345
0.3156
0.2847
0.2493
0.2183
0.1832
0.1329
0.0866
0.0575
0.0425
0.0360
0.0337
0.0331
0.0331
0.0324
0.0360
0.0439
0.0491
0.0550
0.0681
0.0870
0.1069
0.1344
0.1730
0.2107
0.2335
0.2467
0.2597
0.2657
0.2596
0.2531
0.2705
0.3015
0.3243
0.3369
0.3380
0.3328
0.3229
0.3134
0.3110
0.3011
0.2856
0.2697
0.2567
0.2424
0.2293
0.2192
0.2145
0.2136
0.2167
0.2277
0.2427
0.2543
0.2554
0.2632
0.2907
0.3038
0.2989
0.2874
0.2750
0.2584
0.2375
0.2295
0.2382
0.2614
0.2974
0.3458
0.3936
0.4428
0.4860
0.5189
0.5286
0.5036
0.4762
0.4440
0.4222
0.4109
0.4163
0.4242
0.4301
0.4220
0.3825
0.3293
0.2779
0.2316
0.1850
0.1512
0.1338
0.1203
0.1074
0.0904
0.0731
0.0605
0.0488
0.0366
0.0269
0.0219
0.0197
0.0185
0.0166
0.0133
0.0105
0.0098
0.0107
0.0130
0.0227
0.0364
0.0463
0.0527
0.0567
0.0685
0.0851
0.0953
0.1208
0.1484
0.1630
0.1777
0.1961
0.2159
0.2308
0.2392
0.2316
0.2124
0.2034
0.2112
0.2321
0.2612
0.2920
0.3065
0.3036
0.2950
0.2860
0.2796
0.2592
0.2388
0.2319
0.2327
0.2414
0.2610
0.3016
0.3522
0.4015
0.4517
0.4755
0.4463
0.3980
0.3443
0.2971
0.2628
0.2347
0.2158
0.2147
0.2154
0.2015
0.1713
0.1405
0.1213
0.1077
0.0922
0.0758
0.0622
0.0510
0.0413
0.0319
0.0249
0.0202
0.0177
0.0196
0.0277
0.0370
0.0420
0.0408
0.0359
0.0282
0.0187
0.0102
0.0057
0.0044
0.0051
0.0064
0.0081
0.0088
0.0084
0.0073
0.0063
0.0057
0.0051
0.0049
0.0053
0.0059
0.0070
0.0091
0.0112
0.0125
0.0132
0.0121
0.0105
0.0103
0.0140
0.0246
0.0432
0.0661
0.0878
0.1022
0.1067
0.1027
0.0895
0.0703
0.0514
0.0371
0.0335
0.0355
0.0351
0.0312
0.0314
0.0376
0.0386
0.0322
0.0215
0.0096
0.0022
0.0006
0.0017
0.0073
0.0146
0.0194
0.0235
0.0311
0.0403
0.0488
0.0533
0.0517
0.0464
0.0403
0.0320
0.0281
0.0348
0.0488
0.0634
0.0725
0.0770
0.0797
0.0802
0.0820
0.0881
0.1002
0.1243
0.1583
0.1869
0.2063
0.2072
0.2022
0.1928
0.1826
0.1907
0.2041
0.2159
0.2296
0.2272
0.2146
0.2051
0.2013
0.1953
0.1856
0.1888
0.1827
0.1864
0.1875
0.1791
0.1773
0.1919
0.2279
0.2672
0.3076
0.3283
0.3405
0.3404
0.3062
0.2912
0.2431
0.1845
0.1552
0.1638
0.1920
0.2210
0.2515
0.2679
0.2817
0.2982
0.3237
0.3302
0.3181
0.2941
0.2763
0.2853
0.3161
0.3543
0.4083
0.4644
0.5097
0.5521
0.5499
0.5658
0.5576
0.5183
0.4878
0.3841
0.3196
0.2757
0.2213
0.2109
0.2334
0.2232
0.2556
0.3427
0.4922
0.6948
0.8294
0.8907
0.9056
0.9300
0.9546
0.9664
0.9741
0.9754
0.9685
0.9539
0.9169
0.8353
0.7358
0.6396
0.5503
0.4505
0.3386
0.2319
0.1729
0.1593
0.1717
0.1880
0.2136
0.2699
0.3559
0.4727
0.5816
0.6571
0.7073
0.7395
0.7626
0.7867
0.8297
0.8465
0.8558
0.8500
0.7786
0.6785
0.6407
0.6907
0.7247
0.7512
0.8088
0.8416
0.9127
0.9360
0.9577
0.9579
0.9611
0.9654
0.9667
0.9639
0.9581
0.9467
0.9383
0.9350
0.9386
0.9493
0.9568
0.9585
0.9566
0.9560
0.9517
0.9493
0.9495
0.9377
0.9242
0.9123
0.9012
0.8951
0.8867
0.8670
0.8515
0.8332
0.8152
0.8161
0.8252
0.8273
0.8277
0.8239
0.8100
0.7935
0.7747
0.7532
0.7297
0.7124
0.6943
0.6684
0.6463
0.5997
0.5666
0.5835
0.6261
0.6545
0.6804
0.7155
0.7292
0.7312
0.7519
0.7741
0.7803
0.7819
0.7928
0.8114
0.8219
0.8250
0.8084
0.7844
0.7600
0.7303
0.7078
0.6898
0.6822
0.6639
0.6334
0.6210
0.5872
0.5427
0.4731
0.3861
0.3120
0.2810
0.2803
0.3241
0.3991
0.4697
0.5205
0.5861
0.6508
0.6380
0.6123
0.6603
0.7306
0.7662
0.8033
0.8072
0.8051
0.8012
0.8156
0.8301
0.8429
0.8557
0.8728
0.8902
0.9133
0.9298
0.9393
0.9435
0.9446
0.9468
0.9505
0.9545
0.9629
0.9719
0.9757
0.9742
0.9681
0.9580
0.9462
0.9313
0.9184
0.9142
0.9110
0.9098
0.9074
0.9063
0.9080
0.8999
0.8819
0.8557
0.8216
0.7650
0.6982
0.6206
0.5155
0.4093
0.3141
0.2301
0.1621
0.1269
0.1104
0.1026
0.1226
0.1810
0.2387
0.2449
0.2503
0.2790
0.3276
0.3665
0.3790
0.3845
0.3584
0.2778
0.2049
0.1881
0.2102
0.2188
0.2628
0.3400
0.4157
0.4848
0.5735
0.6386
0.6977
0.7601
0.8179
0.8544
0.8749
0.8867
0.8880
0.8704
0.8463
0.8113
0.7506
0.7252
0.7026
0.6860
0.6441
0.6189
0.5644
0.5263
0.4822
0.4696
0.5016
0.5514
0.5684
0.5723
0.5393
0.4831
0.4327
0.3970
0.3806
0.3638
0.3820
0.4102
0.4050
0.4197
0.4937
0.5022
0.4364
0.4164
0.4135
0.5085
0.6803
0.8237
0.8871
0.9190
0.9412
0.9618
0.9736
0.9753
0.9721
0.9717
0.9669
0.9452
0.9187
0.8974
0.8740
0.8400
0.8208
0.8466
0.8529
0.8190
0.8220
0.8711
0.9322
0.9502
0.9474
0.9531
0.9658
0.9656
0.9680
0.9693
0.9743
0.9755
0.9757
0.9751
0.9753
0.9774
0.9809
0.9829
0.9813
0.9753
0.9717
0.9704
0.9630
0.9471
0.9250
0.8960
0.8637
0.8109
0.7812
0.7486
0.7072
0.6898
0.7004
0.7112
0.7375
0.7526
0.7604
0.7502
0.7402
0.7220
0.6895
0.6303
0.5590
0.4668
0.3856
0.3141
0.2469
0.2035
0.1839
0.1800
0.1807
0.1813
0.1862
0.1920
0.1937
0.1841
0.1645
0.1475
0.1377
0.1392
0.1534
0.1739
0.2122
0.2865
0.3915
0.5058
0.5857
0.6392
0.6679
0.6671
0.6536
0.6329
0.6136
0.5940
0.5721
0.5378
0.4985
0.4662
0.4438
0.4544
0.4949
0.5300
0.5514
0.5718
0.5919
0.5989
0.6006
0.6157
0.6433
0.6775
0.7106
0.7406
0.7623
0.7743
0.7877
0.8014
0.8148
0.8323
0.8505
0.8569
0.8518
0.8268
0.7782
0.7013
0.5916
0.4748
0.3717
0.2834
0.2104
0.1495
0.0994
0.0594
0.0332
0.0233
0.0241
0.0329
0.0593
0.1142
0.1942
0.2812
0.3496
0.3954
0.4210
0.4553
0.5161
0.5923
0.6589
0.7226
0.7742
0.8123
0.8396
0.8578
0.8709
0.8825
0.8951
0.9074
0.9190
0.9248
0.9264
0.9214
0.9120
0.8964
0.8706
0.8366
0.8002
0.7615
0.7135
0.6525
0.5755
0.4896
0.4183
0.3604
0.3067
0.2641
0.2405
0.2255
0.2158
0.2099
0.2041
0.1928
0.1724
0.1555
0.1502
0.1581
0.1742
0.1897
0.1999
0.2145
0.2541
0.3106
0.3780
0.4352
0.4862
0.5275
0.5431
0.5419
0.5270
0.5045
0.4731
0.4501
0.4303
0.4029
0.3553
0.3082
0.2718
0.2236
0.1629
0.1306
0.1174
0.1023
0.0963
0.1014
0.1015
0.0905
0.0815
0.0846
0.1003
0.1302
0.1710
0.2238
0.2849
0.3476
0.4061
0.4649
0.5198
0.5665
0.5964
0.6183
0.6364
0.6568
0.6798
0.6960
0.7107
0.7306
0.7489
0.7632
0.7718
0.7828
0.7934
0.8080
0.8335
0.8646
0.8903
0.9090
0.9183
0.9224
0.8973
0.8352
0.7901
0.7838
0.8247
0.8274
0.8099
0.7939
0.7687
0.7394
0.7152
0.6870
0.6694
0.6796
0.7124
0.7613
0.8208
0.8769
0.9159
0.9367
0.9505
0.9576
0.9567
0.9484
0.9418
0.9374
0.9359
0.9279
0.9160
0.9085
0.9024
0.8973
0.8974
0.8950
0.8871
0.8890
0.9176
0.9528
0.9659
0.9674
0.9616
0.9402
0.9220
0.9598
0.9805
0.9674
0.9647
0.9709
0.9795
0.9822
0.9825
0.9822
0.9820
0.9790
0.9687
0.9500
0.9253
0.8967
0.8630
0.8248
0.7601
0.6387
0.4814
0.3488
0.2401
0.1694
0.1464
0.2082
0.3884
0.6235
0.7495
0.7995
0.8114
0.8414
0.8224
0.7491
0.7191
0.7106
0.6904
0.6458
0.5886
0.5286
0.4778
0.4276
0.3578
0.2877
0.2254
0.1840
0.1884
0.2128
0.2443
0.3468
0.4903
0.5706
0.7093
0.7629
0.7412
0.7145
0.6804
0.6330
0.6137
0.6217
0.6000
0.6168
0.6493
0.6758
0.7227
0.7492
0.7398
0.7126
0.7197
0.7449
0.7626
0.7812
0.7834
0.7805
0.7718
0.7603
0.7375
0.7071
0.6767
0.6370
0.5779
0.5242
0.4699
0.4327
0.4267
0.4279
0.4579
0.5016
0.5557
0.5692
0.5874
0.6057
0.6511
0.6122
0.6169
0.6466
0.7046
0.7209
0.7245
0.7692
0.8095
0.8372
0.8658
0.8909
0.9122
0.9287
0.9399
0.9437
0.9526
0.9403
0.9111
0.8890
0.8894
0.8993
0.9058
0.9084
0.9018
0.8902
0.8802
0.8771
0.8841
0.9031
0.9248
0.9398
0.9513
0.9568
0.9608
0.9643
0.9683
0.9712
0.9745
0.9766
0.9792
0.9809
0.9827
0.9824
0.9820
0.9823
0.9837
0.9836
0.9837
0.9824
0.9823
0.9813
0.9802
0.9796
0.9805
0.9827
0.9840
0.9847
0.9842
0.9834
0.9826
0.9823
0.9826
0.9830
0.9834
0.9831
0.9825
0.9824
0.9825
0.9826
0.9819
0.9780
0.9636
0.9345
0.8878
0.8098
0.7034
0.5898
0.5203
0.4815
0.4375
0.3599
0.2722
0.2135
0.1652
0.1275
0.0917
0.0683
0.0528
0.0416
0.0424
0.0499
0.0585
0.0668
0.0790
0.0966
0.1133
0.1211
0.1326
0.1480
0.1667
0.1896
0.2093
0.2322
0.2487
0.2782
0.3182
0.3362
0.3393
0.3377
0.3452
0.3898
0.4332
0.4697
0.5113
0.5407
0.5431
0.5212
0.5255
0.5324
0.5542
0.5841
0.6186
0.6192
0.6099
0.5740
0.5600
0.5671
0.5933
0.6343
0.6690
0.6912
0.7134
0.7328
0.7450
0.7386
0.7029
0.6314
0.5698
0.5713
0.5665
0.5479
0.5790
0.6244
0.6588
0.7026
0.7447
0.7769
0.8012
0.8237
0.8406
0.8636
0.8889
0.9000
0.9063
0.9136
0.9195
0.9199
0.9240
0.9285
0.9307
0.9360
0.9425
0.9452
0.9439
0.9411
0.9367
0.9280
0.9144
0.8962
0.8803
0.8612
0.8341
0.8069
0.7651
0.7018
0.6584
0.6539
0.6532
0.6357
0.6121
0.5903
0.6061
0.6588
0.7368
0.8086
0.8308
0.8266
0.8143
0.8154
0.8153
0.8248
0.8397
0.8425
0.8340
0.8402
0.8538
0.8652
0.8749
0.8695
0.8563
0.8500
0.8493
0.8530
0.8421
0.8280
0.8019
0.7594
0.6977
0.6198
0.5310
0.4647
0.4026
0.3699
0.3506
0.3286
0.2912
0.2561
0.2280
0.2440
0.3355
0.4181
0.4248
0.3884
0.3358
0.3504
0.4591
0.6259
0.6242
0.5929
0.5398
0.4584
0.3820
0.3234
0.2636
0.2131
0.1837
0.1763
0.1766
0.1681
0.1449
0.1147
0.0846
0.0568
0.0353
0.0201
0.0111
0.0089
0.0135
0.0215
0.0328
0.0503
0.0747
0.1032
0.1373
0.1801
0.2254
0.2616
0.2824
0.2951
0.2928
0.2702
0.2313
0.1888
0.1608
0.1371
0.1179
0.1166
0.1164
0.1174
0.1109
0.0990
0.0870
0.0698
0.0493
0.0331
0.0210
0.0126
0.0095
0.0104
0.0142
0.0202
0.0267
0.0318
0.0345
0.0373
0.0428
0.0512
0.0656
0.0954
0.1423
0.2046
0.2817
0.3488
0.3993
0.4298
0.4473
0.4808
0.5065
0.5327
0.5536
0.5654
0.5619
0.5642
0.5678
0.5593
0.5410
0.5180
0.4803
0.4288
0.3938
0.3858
0.3924
0.3982
0.4192
0.4516
0.4840
0.5181
0.5423
0.5439
0.5491
0.5658
0.5493
0.5499
0.5396
0.5187
0.4441
0.4031
0.4051
0.4602
0.4965
0.5262
0.5800
0.5899
0.6109
0.6344
0.6536
0.6759
0.7016
0.7134
0.7178
0.7087
0.6864
0.6550
0.6292
0.6217
0.5904
0.5825
0.5757
0.5574
0.5407
0.5269
0.5241
0.5342
0.5350
0.5200
0.4972
0.4870
0.4745
0.4544
0.4455
0.4675
0.5068
0.5473
0.6108
0.6603
0.6908
0.7230
0.7292
0.7358
0.7157
0.7141
0.6865
0.6695
0.6581
0.6517
0.6497
0.6570
0.6906
0.7169
0.7261
0.7176
0.6869
0.6734
0.6675
0.6908
0.7114
0.7318
0.7415
0.7471
0.7575
0.7634
0.7568
0.7508
0.7421
0.7246
0.7129
0.7116
0.7142
0.7192
0.7253
0.7278
0.7174
0.6984
0.6865
0.6838
0.6683
0.6452
0.6434
0.6545
0.6577
0.6707
0.6933
0.7074
0.6953
0.7033
0.7215
0.7327
0.7252
0.7204
0.7086
0.6986
0.7201
0.7477
0.7535
0.7593
0.7642
0.7669
0.7885
0.8059
0.8344
0.8670
0.8971
0.9159
0.9389
0.9598
0.9700
0.9764
0.9775
0.9771
0.9671
0.9342
0.8710
0.8338
0.8414
0.7983
0.7337
0.6828
0.6635
0.7507
0.8575
0.9068
0.9262
0.9303
0.9457
0.9614
0.9704
0.9655
0.9603
0.9514
0.9468
0.9572
0.9626
0.9660
0.9672
0.9640
0.9433
0.8873
0.8164
0.7755
0.7811
0.8207
0.8572
0.9060
0.9432
0.9636
0.9675
0.9653
0.9540
0.9277
0.8875
0.8477
0.8142
0.7667
0.7046
0.6440
0.5766
0.5152
0.4786
0.4989
0.5313
0.5861
0.6219
0.6394
0.6467
0.6459
0.6758
0.7105
0.7539
0.7829
0.7989
0.8012
0.7911
0.8124
0.8518
0.8834
0.9128
0.9204
0.9165
0.9309
0.9457
0.9519
0.9531
0.9436
0.9279
0.9146
0.9069
0.9022
0.8948
0.8842
0.8748
0.8697
0.8570
0.8353
0.8072
0.7675
0.7118
0.6624
0.6164
0.5345
0.4379
0.3807
0.3907
0.4798
0.5598
0.6267
0.6766
0.7334
0.7865
0.8146
0.8107
0.8138
0.8371
0.8472
0.8456
0.8318
0.8024
0.7694
0.7462
0.7384
0.7307
0.7124
0.7169
0.7434
0.7583
0.7710
0.7858
0.8111
0.8212
0.8064
0.7925
0.7938
0.7983
0.8063
0.8224
0.8405
0.8560
0.8693
0.8692
0.8644
0.8294
0.7801
0.7489
0.6679
0.6097
0.5993
0.5739
0.5303
0.4849
0.4381
0.3978
0.3092
0.2284
0.1860
0.1486
0.1149
0.0858
0.0737
0.0730
0.0689
0.0658
0.0672
0.1015
0.1627
0.2322
0.2865
0.3260
0.3471
0.3729
0.4182
0.4887
0.5912
0.6809
0.7359
0.7746
0.7998
0.8180
0.8376
0.8463
0.8413
0.8281
0.8161
0.8005
0.7921
0.7971
0.7939
0.7885
0.7726
0.7469
0.6970
0.6248
0.5494
0.4775
0.4188
0.3779
0.3621
0.3610
0.3526
0.3509
0.3458
0.3159
0.2947
0.3208
0.3565
0.3707
0.3924
0.4313
0.4965
0.5605
0.6161
0.6688
0.7173
0.7496
0.7649
0.7861
0.8040
0.8081
0.8122
0.8239
0.8409
0.8593
0.8763
0.8890
0.8916
0.8799
0.8691
0.8650
0.8608
0.8511
0.8418
0.8345
0.8279
0.8232
0.8141
0.8034
0.7769
0.7597
0.7640
0.7540
0.7678
0.7766
0.7673
0.7483
0.6920
0.5903
0.5249
0.5027
0.4434
0.4023
0.4171
0.4716
0.5239
0.8511
0.8418
0.8345
0.8279
0.8232
0.8141
0.8034
0.7769
0.7597
0.7640
0.7540
0.7678
0.7766
0.7673
0.7483
0.6920
0.5903
0.5249
0.5027
0.4434
0.4023
0.4171
0.4716
0.5239