0.70543
0.70618
0.70727
0.70521
0.70221
0.70051
0.70111
0.70271
0.70434
0.70805
0.71127
0.71315
0.714
0.71395
0.71436
0.71481
0.71514
0.71618
0.71636
0.71634
0.71615
0.71613
0.71613
0.65353
0.62237
0.67866
0.71613
0.71613
0.71613
0.71613
0.71613
0.71613
0.71613
0.71613
0.71613
0.71613
0.71613
0.71613
0.71613
0.71613
0.71613
0.71613
0.71613
0.71613
0.71613
0.71613
0.71613
0.71613
0.71613
0.71613
0.71613
0.71613
0.71613
0.71613
0.71613
0.71613
0.71613
0.71613
0.71613
0.71613
0.7166
0.71728
0.7172
0.71634
0.71539
0.71634
0.71725
0.71682
0.7167
0.71629
0.71614
0.71613
0.71613
0.71613
0.71632
0.71701
0.71764
0.71734
0.71716
0.71635
0.71458
0.71097
0.69843
0.66802
0.64808
0.63976
0.63431
0.61264
0.56131
0.50692
0.49429
0.51292
0.5553
0.59501
0.61592
0.62323
0.63627
0.64879
0.665
0.66532
0.64778
0.61132
0.56913
0.53432
0.49339
0.48319
0.47195
0.44401
0.39327
0.34763
0.30253
0.25546
0.23587
0.22534
0.20826
0.18724
0.17825
0.18414
0.20065
0.22117
0.24323
0.26676
0.29776
0.32773
0.35656
0.38162
0.41067
0.4407
0.46619
0.4851
0.49854
0.50683
0.51421
0.52935
0.54367
0.56671
0.58562
0.58905
0.57501
0.5579
0.55016
0.5951
0.63962
0.67084
0.68027
0.66806
0.60521
0.54032
0.52424
0.53705
0.55021
0.57293
0.61565
0.65301
0.66322
0.66526
0.66574
0.66692
0.67278
0.68098
0.68592
0.69154
0.6964
0.7008
0.70392
0.70456
0.70594
0.70809
0.7101
0.71294
0.71539
0.7161
0.71625
0.71632
0.71657
0.71686
0.71695
0.71269
0.70657
0.70161
0.69849
0.6905
0.67986
0.69341
0.70031
0.70292
0.7065
0.71065
0.71498
0.71637
0.7163
0.71671
0.71679
0.71661
0.71613
0.71613
0.71613
0.35301
0.19505
0.19505
0.19505
0.19505
0.2893
0.59681
0.71613
0.71613
0.71613
0.71613
0.71613
0.71613
0.71677
0.71129
0.62676
0.60665
0.67844
0.69961
0.71597
0.71441
0.70444
0.68489
0.68096
0.69089
0.7136
0.71617
0.71613
0.21274
0.19505
0.19505
0.50119
0.71613
0.71613
0.71613
0.71613
0.71613
0.71613
0.71613
0.71613
0.71613
0.71613
0.71613
0.71613
0.71613
0.71613
0.71613
0.71613
0.71613
0.71613
0.71613
0.71613
0.71613
0.71613
0.71613
0.71613
0.71613
0.71613
0.71613
0.71613
0.71613
0.71613
0.71613
0.71613
0.71613
0.71613
0.71613
0.71617
0.71576
0.71621
0.7163
0.71637
0.71613
0.71613
0.71613
0.71613
0.71613
0.71613
0.71613
0.71613
0.71613
0.71613
0.71613
0.71613
0.71613
0.71613
0.71613
0.71725
0.712
0.63814
0.5595
0.49976
0.47941
0.53567
0.66922
0.70422
0.70906
0.71502
0.71636
0.71613
0.71613
0.71707
0.71389
0.70954
0.70031
0.69458
0.60193
0.50253
0.50069
0.57907
0.6593
0.69568
0.70215
0.70147
0.6943
0.69335
0.67992
0.65447
0.66313
0.68506
0.70456
0.71059
0.70801
0.70469
0.70925
0.71492
0.71458
0.70618
0.68967
0.66923
0.67576
0.68816
0.69832
0.70115
0.70321
0.70582
0.70756
0.70666
0.70674
0.70582
0.70327
0.70247
0.70686
0.71061
0.71497
0.71634
0.71613
0.71613
0.71613
0.71613
0.71613
0.71613
0.71613
0.71613
0.71613
0.71613
0.71613
0.71613
0.71613
0.71613
0.71613
0.71613
0.71613
0.71613
0.71613
0.71613
0.71613
0.71613
0.71613
0.71613
0.71613
0.71669
0.71696
0.71466
0.71237
0.71043
0.70271
0.68889
0.63899
0.5819
0.54086
0.51845
0.50667
0.49953
0.51581
0.54578
0.57472
0.5989
0.61684
0.63014
0.63914
0.64498
0.65177
0.6581
0.66246
0.66498
0.66504
0.66981
0.67988
0.68567
0.68722
0.68707
0.68749
0.69066
0.69469
0.69683
0.6962
0.6934
0.69011
0.67344
0.63271
0.59254
0.55433
0.52633
0.50834
0.49316
0.47004
0.44012
0.40911
0.37753
0.3284
0.26829
0.21622
0.16865
0.12529
0.09553
0.07153
0.05355
0.04062
0.03119
0.02309
0.01584
0.01156
0.00795
0.0056
0.00661
0.00787
0.00979
0.01287
0.0176
0.02343
0.02943
0.03439
0.03608
0.03076
0.02176
0.01117
0.00763
0.00828
0.00906
0.01026
0.01132
0.01188
0.01252
0.01381
0.0153
0.01539
0.01582
0.01655
0.01654
0.01605
0.01486
0.01337
0.01152
0.01022
0.00957
0.0091
0.00879
0.0078
0.00723
0.00789
0.00926
0.00991
0.01035
0.01121
0.01291
0.01529
0.01945
0.02167
0.02198
0.02254
0.02469
0.03416
0.04835
0.07064
0.09608
0.10523
0.10267
0.09961
0.10121
0.1009
0.09921
0.09662
0.09665
0.09321
0.08578
0.08506
0.09488
0.10493
0.11658
0.13314
0.14632
0.15049
0.14732
0.14291
0.13714
0.12625
0.11868
0.12022
0.12367
0.12562
0.12575
0.12971
0.1365
0.14493
0.14789
0.13737
0.11375
0.08793
0.07056
0.05904
0.05128
0.04583
0.03987
0.03077
0.0202
0.01345
0.0088
0.0069
0.00608
0.00583
0.00557
0.00458
0.00368
0.00295
0.00253
0.00229
0.00127
0.01019
0.02468
0.0599
0.11011
0.16443
0.22436
0.2971
0.37
0.44195
0.51594
0.5577
0.5934
0.61585
0.62994
0.64478
0.66069
0.6738
0.68339
0.68887
0.69362
0.69808
0.70082
0.61071
0.54758
0.51065
0.47096
0.50193
0.57233
0.6257
0.63807
0.64335
0.66083
0.66525
0.66132
0.64809
0.60967
0.57888
0.55865
0.57421
0.60826
0.62861
0.63368
0.6279
0.59973
0.5484
0.50405
0.47115
0.41017
0.33897
0.31555
0.32698
0.31639
0.29049
0.26632
0.25554
0.24835
0.23036
0.23344
0.26697
0.30571
0.33705
0.34899
0.38275
0.43005
0.46292
0.48117
0.49611
0.51705
0.53623
0.54394
0.55987
0.58787
0.62322
0.64894
0.66352
0.65541
0.68172
0.68146
0.6988
0.70985
0.71188
0.71149
0.70626
0.69882
0.69554
0.69566
0.69666
0.69716
0.69895
0.70183
0.70468
0.70635
0.70743
0.70864
0.70918
0.708
0.70459
0.69906
0.67407
0.65043
0.6171
0.5593
0.47229
0.38869
0.34036
0.32471
0.32283
0.32601
0.32942
0.3428
0.40789
0.4776
0.5566
0.62093
0.63558
0.64205
0.66016
0.6803
0.69142
0.69978
0.70694
0.71165
0.71385
0.71523
0.7162
0.71634
0.71636
0.71613
0.71613
0.71613
0.71613
0.71613
0.71613
0.71613
0.71613
0.71613
0.71613
0.71613
0.71613
0.71613
0.71613
0.71613
0.71613
0.71613
0.71613
0.71627
0.71657
0.71645
0.71622
0.71631
0.71492
0.67557
0.59126
0.44214
0.2998
0.19644
0.13033
0.08557
0.06553
0.05109
0.03975
0.03086
0.02875
0.03266
0.04052
0.05141
0.05485
0.04976
0.04072
0.03364
0.02797
0.0273
0.0468
0.09235
0.16408
0.257
0.32732
0.3738
0.38657
0.34266
0.24492
0.16294
0.11145
0.07938
0.0712
0.06811
0.06835
0.07861
0.08646
0.08735
0.08555
0.08569
0.08737
0.09025
0.09057
0.09162
0.09471
0.09811
0.10146
0.10528
0.10794
0.10779
0.10337
0.09735
0.0891
0.07952
0.07925
0.08417
0.08931
0.0891
0.0793
0.07363
0.06574
0.05793
0.05114
0.0429
0.04975
0.06121
0.08342
0.13057
0.21935
0.33931
0.44585
0.51978
0.58421
0.62695
0.64066
0.64061
0.6272
0.60864
0.58705
0.57106
0.57506
0.59655
0.61887
0.62953
0.63636
0.63109
0.60962
0.5771
0.52364
0.45777
0.38928
0.34328
0.33665
0.36312
0.40578
0.43611
0.43425
0.41083
0.377
0.33196
0.289
0.25977
0.25681
0.26237
0.26069
0.24158
0.21001
0.18372
0.18638
0.19286
0.1894
0.18565
0.19521
0.22637
0.25008
0.27232
0.29589
0.31502
0.32401
0.32044
0.33824
0.36323
0.37329
0.3594
0.32825
0.29396
0.24368
0.19359
0.15451
0.12486
0.09756
0.07198
0.05095
0.0367
0.02955
0.03111
0.04002
0.05547
0.06947
0.07098
0.06581
0.06522
0.07264
0.08842
0.09425
0.09375
0.09117
0.08304
0.06796
0.0539
0.05673
0.06849
0.08612
0.11423
0.14683
0.18794
0.241
0.30449
0.35256
0.37225
0.37957
0.38818
0.37017
0.32777
0.29001
0.26669
0.25235
0.2429
0.24359
0.24569
0.23029
0.22426
0.22059
0.21374
0.19797
0.17543
0.16148
0.1537
0.14855
0.13628
0.11395
0.09833
0.08694
0.07239
0.0503
0.0273
0.01708
0.01396
0.01213
0.01251
0.01294
0.02175
0.03963
0.05738
0.0658
0.06848
0.07517
0.08697
0.1096
0.13774
0.17184
0.20273
0.22694
0.2646
0.31188
0.37132
0.4539
0.50753
0.56957
0.62088
0.62775
0.66235
0.68093
0.69105
0.69898
0.70984
0.71596
0.71675
0.71613
0.71613
0.71613
0.71613
0.71613
0.71613
0.71613
0.71613
0.71613
0.71613
0.71613
0.71613
0.71613
0.71613
0.71613
0.71613
0.71659
0.7128
0.63324
0.53101
0.46762
0.43467
0.46022
0.53206
0.61716
0.67687
0.69425
0.70548
0.71393
0.71639
0.71702
0.71691
0.71577
0.71498
0.71446
0.71286
0.71008
0.70734
0.7048
0.70231
0.70071
0.69906
0.69753
0.69488
0.69143
0.68951
0.69028
0.69032
0.68706
0.68317
0.67812
0.67168
0.6458
0.61445
0.59091
0.58406
0.59242
0.60029
0.59803
0.57884
0.55662
0.52461
0.46619
0.39238
0.34168
0.32543
0.32777
0.31781
0.295
0.26934
0.23255
0.18538
0.13744
0.09754
0.06856
0.04808
0.03356
0.02755
0.02918
0.0358
0.04203
0.04398
0.0385
0.03094
0.02487
0.01691
0.01428
0.02174
0.0328
0.04448
0.05531
0.05976
0.05853
0.05225
0.047
0.03943
0.03373
0.03001
0.02739
0.02525
0.02563
0.02751
0.02881
0.02796
0.02755
0.02714
0.02494
0.02153
0.01751
0.01261
0.00845
0.00344
0.00155
0.00234
0.00611
0.01133
0.01641
0.02113
0.03016
0.04772
0.0768
0.11208
0.14087
0.16377
0.18201
0.18855
0.18495
0.19133
0.20944
0.22982
0.25919
0.29873
0.33117
0.35242
0.36102
0.36939
0.38255
0.39497
0.40264
0.40896
0.43395
0.45484
0.47818
0.50398
0.54078
0.56422
0.56613
0.54809
0.50336
0.44996
0.39216
0.3326
0.29186
0.26853
0.27092
0.28834
0.30856
0.3322
0.35883
0.37136
0.35469
0.32975
0.30279
0.28039
0.27098
0.27623
0.29833
0.33012
0.36372
0.38284
0.39467
0.40202
0.41761
0.44443
0.47251
0.51054
0.55933
0.61724
0.6631
0.67095
0.67597
0.67961
0.68198
0.68024
0.67579
0.66952
0.64735
0.62138
0.58721
0.56678
0.55038
0.55619
0.58247
0.60022
0.60051
0.57852
0.57066
0.54297
0.49663
0.467
0.46083
0.48516
0.51237
0.53226
0.54222
0.54182
0.52903
0.51168
0.49037
0.47326
0.4472
0.39579
0.33179
0.2737
0.21626
0.18336
0.1852
0.19638
0.19661
0.18097
0.17218
0.1621
0.14485
0.12575
0.11468
0.11326
0.10931
0.10781
0.10726
0.0963
0.08978
0.11634
0.1712
0.18827
0.18906
0.21882
0.28015
0.3292
0.33517
0.32509
0.30971
0.31989
0.34675
0.36917
0.3892
0.40738
0.41978
0.44482
0.49002
0.54995
0.59188
0.61171
0.63105
0.64601
0.65103
0.6565
0.66268
0.67071
0.6823
0.69295
0.70189
0.70493
0.70398
0.7051
0.70525
0.70352
0.7016
0.70119
0.70191
0.70307
0.70429
0.7056
0.70589
0.70324
0.69906
0.70056
0.70384
0.70533
0.70619
0.70751
0.70916
0.71241
0.71445
0.71485
0.71317
0.70918
0.70625
0.70552
0.70545
0.7053
0.70437
0.70294
0.70296
0.70361
0.70422
0.70457
0.7036
0.70125
0.6814
0.67205
0.68462
0.68416
0.68286
0.6914
0.68796
0.65947
0.63613
0.60084
0.55549
0.48359
0.37675
0.25577
0.16011
0.0961
0.05387
0.03076
0.01474
0.01552
0.02096
0.02555
0.03021
0.03491
0.04503
0.06859
0.08631
0.09171
0.09565
0.10626
0.13609
0.1753
0.22456
0.28071
0.33471
0.38188
0.39099
0.37529
0.34029
0.29725
0.26143
0.244
0.26198
0.31065
0.37552
0.45368
0.50077
0.51805
0.53851
0.5538
0.53157
0.47858
0.40442
0.40939
0.49155
0.54352
0.57781
0.6146
0.63771
0.64897
0.65808
0.673
0.68479
0.69142
0.69632
0.70062
0.70202
0.70442
0.70852
0.71239
0.71457
0.7159
0.71626
0.71637
0.71619
0.71692
0.71336
0.70674
0.69651
0.68489
0.67714
0.66849
0.65993
0.65722
0.64905
0.65376
0.66137
0.66989
0.67488
0.67694
0.67808
0.68115
0.68261
0.68372
0.68698
0.69143
0.69321
0.69278
0.69271
0.69332
0.69295
0.69434
0.69938
0.7056
0.71069
0.71312
0.71387
0.7136
0.71378
0.71353
0.71276
0.7095
0.70235
0.69538
0.68764
0.67433
0.66058
0.65832
0.66017
0.65797
0.65101
0.62664
0.58016
0.52106
0.46738
0.4346
0.41142
0.35254
0.26702
0.19557
0.13607
0.08293
0.03995
0.01658
0.00941
0.00728
0.00719
0.00758
0.00824
0.009
0.01924
0.03628
0.06524
0.11114
0.18088
0.29211
0.42192
0.53058
0.59036
0.62664
0.6489
0.66486
0.67837
0.68621
0.693
0.69602
0.69983
0.70467
0.70597
0.5998
0.43176
0.31439
0.26582
0.26346
0.29879
0.38121
0.46855
0.52408
0.54306
0.53805
0.50029
0.41367
0.30676
0.22516
0.18745
0.18643
0.2199
0.26249
0.29997
0.32044
0.29981
0.25556
0.21532
0.19237
0.18497
0.17605
0.1627
0.16227
0.18373
0.22074
0.29533
0.39087
0.45594
0.5172
0.57612
0.60426
0.6259
0.63362
0.64359
0.65601
0.66701
0.67198
0.67357
0.67432
0.67332
0.67374
0.67831
0.68719
0.69335
0.69785
0.70297
0.70773
0.71016
0.71156
0.71299
0.71423
0.71517
0.7159
0.71633
0.71635
0.71613
0.71613
0.71613
0.71613
0.71612
0.71455
0.70808
0.7025
0.7031
0.70563
0.7063
0.70566
0.70375
0.70179
0.7017
0.69878
0.66568
0.58652
0.59318
0.6758
0.69634
0.69989
0.70219
0.7061
0.71252
0.71586
0.71637
0.71613
0.71613
0.71613
0.71678
0.70773
0.69145
0.70588
0.71083
0.71592
0.71665
0.71609
0.71607
0.7161
0.71543
0.71424
0.71305
0.71258
0.70859
0.70932
0.71094
0.71111
0.70948
0.70929
0.70871
0.70376
0.66146
0.59885
0.5402
0.49914
0.50139
0.55661
0.62249
0.65537
0.67307
0.67689
0.67957
0.68437
0.69254
0.69828
0.69867
0.69915
0.70075
0.70325
0.70397
0.70054
0.69299
0.68994
0.69401
0.6999
0.70184
0.70097
0.69883
0.69546
0.69167
0.68937
0.68645
0.68008
0.672
0.63499
0.58677
0.55407
0.56465
0.58407
0.58195
0.54066
0.47679
0.40915
0.35121
0.3076
0.30082
0.31295
0.33071
0.35886
0.38319
0.39725
0.4145
0.43702
0.45071
0.46964
0.48753
0.5061
0.523
0.54269
0.56777
0.57893
0.56845
0.54624
0.51706
0.49514
0.49222
0.50091
0.51901
0.54409
0.56412
0.57577
0.57607
0.57729
0.5813
0.56405
0.53763
0.53092
0.51439
0.51246
0.52577
0.53064
0.55211
0.60317
0.6431
0.66209
0.67271
0.67845
0.68524
0.69177
0.69541
0.69732
0.70111
0.70402
0.70634
0.70824
0.70961
0.71086
0.7125
0.71356
0.71389
0.71454
0.71546
0.71644
0.71697
0.71697
0.71677
0.7161
0.71567
0.71504
0.71345
0.71123
0.70798
0.70513
0.70105
0.69765
0.69594
0.69444
0.68803
0.68181
0.68013
0.6821
0.68824
0.6859
0.65732
0.61817
0.55887
0.53681
0.51675
0.4908
0.47836
0.48985
0.52319
0.58397
0.58391
0.53397
0.43602
0.29835
0.19633
0.13526
0.0931
0.05376
0.01787
0.01094
0.00864
0.01676
0.0472
0.09277
0.13885
0.20484
0.30016
0.41493
0.53881
0.59639
0.62974
0.64402
0.65861
0.66711
0.66849
0.66902
0.66899
0.66744
0.65273
0.62259
0.59136
0.55979
0.5304
0.51192
0.52932
0.56069
0.58361
0.58954
0.58179
0.56502
0.54986
0.55257
0.55296
0.53594
0.52846
0.52274
0.49225
0.42882
0.36801
0.32657
0.30158
0.27852
0.25077
0.22345
0.19786
0.16681
0.13244
0.10209
0.07846
0.05696
0.04446
0.03642
0.02957
0.02149
0.01497
0.01221
0.01102
0.00934
0.00761
0.00981
0.00782
0.0066
0.00719
0.0131
0.02301
0.0313
0.03161
0.02499
0.0163
0.00717
0.00328
0.01328
0.03161
0.06472
0.11705
0.17208
0.2198
0.26011
0.29285
0.31882
0.3785
0.45367
0.51673
0.56061
0.60361
0.62546
0.61944
0.60954
0.59336
0.5585
0.52241
0.50536
0.50663
0.50733
0.51152
0.51057
0.47648
0.44306
0.40995
0.39171
0.40322
0.44234
0.48389
0.48663
0.4828
0.49072
0.50227
0.50642
0.49865
0.48351
0.47066
0.46932
0.47675
0.49018
0.50437
0.52634
0.55973
0.59265
0.61832
0.62674
0.61206
0.5991
0.5896
0.57253
0.55078
0.54126
0.57076
0.60497
0.64108
0.66415
0.67168
0.65147
0.61536
0.57275
0.54396
0.54713
0.55951
0.57054
0.57396
0.5809
0.59303
0.5969
0.58247
0.56835
0.56027
0.55978
0.55428
0.56024
0.57534
0.58786
0.59553
0.62578
0.67173
0.68319
0.68252
0.67571
0.67117
0.66269
0.63221
0.61172
0.61387
0.64025
0.66789
0.67135
0.67623
0.67884
0.67891
0.67849
0.67503
0.66943
0.64636
0.61089
0.58379
0.57471
0.57582
0.59339
0.63005
0.65058
0.64506
0.62767
0.61826
0.60142
0.56886
0.52761
0.48041
0.43242
0.3773
0.32618
0.28036
0.23587
0.2026
0.18025
0.16533
0.15205
0.13835
0.12861
0.12721
0.13551
0.14311
0.15606
0.1749
0.19111
0.20139
0.19655
0.18048
0.15598
0.12688
0.0979
0.0754
0.06497
0.06104
0.05827
0.05652
0.05564
0.05268
0.049
0.04436
0.04129
0.04358
0.05083
0.06326
0.07769
0.0867
0.08797
0.08526
0.08403
0.07953
0.07495
0.0805
0.0976
0.12413
0.16319
0.2102
0.25456
0.28157
0.28851
0.28524
0.27789
0.25951
0.23008
0.18298
0.13148
0.10365
0.09902
0.11739
0.14822
0.18221
0.20239
0.20712
0.20302
0.18998
0.16856
0.15126
0.13175
0.11498
0.10357
0.08915
0.07405
0.05902
0.03992
0.02434
0.01703
0.0221
0.03712
0.05028
0.06048
0.08571
0.12672
0.1779
0.22092
0.26181
0.3007
0.35828
0.42027
0.48161
0.52124
0.54079
0.53617
0.4797
0.43828
0.44299
0.45038
0.43728
0.36949
0.29595
0.29887
0.36455
0.43986
0.49622
0.55088
0.60087
0.64463
0.68718
0.70733
0.71255
0.71558
0.71692
0.71708
0.71705
0.71721
0.68752
0.62029
0.5507
0.47381
0.39633
0.32081
0.25739
0.20528
0.16493
0.14398
0.13653
0.13012
0.11404
0.10195
0.08418
0.06332
0.04743
0.03702
0.02629
0.02033
0.02364
0.03672
0.05927
0.10065
0.17553
0.26929
0.34467
0.40021
0.43048
0.44377
0.44848
0.44724
0.44067
0.42753
0.42666
0.44225
0.46645
0.49173
0.50459
0.50909
0.50711
0.49691
0.48224
0.45461
0.39638
0.31922
0.25573
0.20941
0.16336
0.127
0.09734
0.07134
0.05113
0.03194
0.02204
0.02031
0.01778
0.01388
0.00923
0.00709
0.0051
0.00373
0.00229
0.00118
8.00E-05
0
0
0.00218
0.00982
0.01516
0.01968
0.02596
0.03201
0.03427
0.03342
0.03382
0.03936
0.0509
0.06417
0.074
0.08226
0.09261
0.1035
0.11987
0.15913
0.21431
0.27086
0.31265
0.32112
0.28916
0.22588
0.15931
0.1092
0.0831
0.07737
0.08944
0.12625
0.19862
0.25364
0.27828
0.27863
0.25912
0.22695
0.19345
0.15467
0.12963
0.14791
0.21603
0.28926
0.35535
0.39903
0.42439
0.45497
0.49686
0.52393
0.55894
0.5917
0.61166
0.62892
0.63221
0.50827
0.37058
0.31481
0.27099
0.23762
0.21329
0.20222
0.18694
0.1753
0.19092
0.22612
0.25464
0.26843
0.27493
0.28425
0.2924
0.33883
0.39271
0.36065
0.27765
0.20493
0.17756
0.19124
0.22051
0.23698
0.22079
0.18976
0.15759
0.11223
0.06967
0.05455
0.06004
0.09429
0.16956
0.27947
0.41117
0.54776
0.61677
0.65354
0.66374
0.66619
0.66837
0.67001
0.67309
0.68376
0.69798
0.70728
0.71292
0.71566
0.71622
0.71652
0.71659
0.68823
0.65959
0.65845
0.67428
0.7048
0.71208
0.71334
0.70914
0.70718
0.69976
0.69446
0.68965
0.666
0.53717
0.35551
0.28124
0.35195
0.49564
0.64554
0.68484
0.67422
0.66787
0.69495
0.71612
0.71613
0.71613
0.71613
0.71613
0.71613
0.71613
0.71613
0.71612
0.71611
0.71614
0.71613
0.71613
0.71613
0.71613
0.71613
0.71613
0.71714
0.70924
0.69759
0.70229
0.71324
0.71605
0.71656
0.71595
0.71056
0.70575
0.70241
0.70678
0.71482
0.71637
0.71571
0.71182
0.69057
0.31822
0.3095
0.16293
0.60381
0.71633
0.71631
0.71442
0.71456
0.71604
0.71628
0.71621
0.71533
0.70833
0.70375
0.70435
0.7087
0.71317
0.71615
0.71636
0.71614
0.71614
0.71615
0.71632
0.71637
0.71651
0.71668
0.71621
0.7168
0.7173
0.71664
0.71626
0.71613
0.71613
0.71634
0.71613
0.71494
0.71111
0.70781
0.69825
0.68926
0.6875
0.69158
0.69499
0.69332
0.69022
0.6889
0.68912
0.68811
0.6665
0.66953
0.68356
0.70216
0.70788
0.70949
0.70848
0.70625
0.70247
0.69349
0.64876
0.58968
0.53311
0.4819
0.43297
0.3895
0.34667
0.33154
0.32206
0.29519
0.25848
0.22427
0.19141
0.13871
0.09125
0.06189
0.04164
0.03294
0.02888
0.02889
0.03125
0.03551
0.03512
0.02795
0.02313
0.02496
0.03326
0.0509
0.07984
0.11309
0.1453
0.15983
0.17946
0.20469
0.21636
0.22245
0.22512
0.24368
0.26321
0.2833
0.30234
0.30943
0.33266
0.34299
0.33204
0.28828
0.24041
0.20738
0.15597
0.10944
0.07307
0.05308
0.04114
0.03211
0.02037
0.00992
0.0101
0.0108
0.01039
0.00932
0.01302
0.01503
0.02228
0.0406
0.07433
0.12221
0.17007
0.20233
0.21561
0.21362
0.20071
0.19855
0.20811
0.20955
0.20029
0.18726
0.17616
0.16382
0.1482
0.12438
0.10999
0.10787
0.1066
0.09547
0.08801
0.09226
0.09598
0.07408
0.04193
0.01593
0.00353
7.00E-04
0.0012
0.00299
0.0039
0.00272
0.00489
0.01562
0.03338
0.06632
0.11059
0.15545
0.19236
0.23585
0.28294
0.32596
0.37716
0.43293
0.48408
0.51463
0.51675
0.50938
0.48748
0.43922
0.37847
0.34906
0.33549
0.32154
0.30122
0.2741
0.24628
0.22449
0.21711
0.22886
0.25132
0.27359
0.2812
0.28268
0.26754
0.22436
0.16771
0.12214
0.09462
0.08041
0.07034
0.06109
0.05053
0.03657
0.01991
0.01099
0.00898
0.0081
0.00911
0.01125
0.01156
0.00741
0.00556
0.00532
0.00534
0.00574
0.00579
0.00589
0.00631
0.00683
0.00743
0.008
0.00925
0.01016
0.01066
0.01293
0.01292
0.0106
0.00631
0.00422
0.00327
0.0028
0.00232
0.00111
0.00026
0.00013
8.00E-05
3.00E-05
1.00E-05
1.00E-05
1.00E-05
0
0.00182
0.00269
0.00123
0
0
1.00E-05
0.00509
0.01198
0.01649
0.0191
0.0199
0.02219
0.0276
0.0376
0.0493
0.07141
0.09638
0.12761
0.15268
0.16665
0.18272
0.19996
0.2241
0.24987
0.28433
0.31848
0.32758
0.34247
0.39497
0.50168
0.62037
0.67723
0.69141
0.69596
0.70116
0.70635
0.70903
0.7118
0.71299
0.70925
0.70663
0.70442
0.70076
0.69304
0.68623
0.68678
0.6911
0.68556
0.67385
0.66406
0.65346
0.64681
0.65029
0.66112
0.67593
0.69196
0.70449
0.70913
0.70741
0.69721
0.68579
0.68226
0.68101
0.68239
0.68583
0.69825
0.71264
0.71633
0.71724
0.71321
0.7061
0.6979
0.69676
0.69455
0.68251
0.67332
0.65097
0.62341
0.59034
0.54775
0.48442
0.41663
0.3542
0.2896
0.23066
0.18928
0.16545
0.15293
0.15724
0.17624
0.21169
0.2704
0.35783
0.44285
0.51891
0.58316
0.61465
0.62692
0.63655
0.64842
0.66356
0.68195
0.69658
0.7053
0.71083
0.71312
0.71146
0.70458
0.67939
0.64283
0.60115
0.55519
0.50944
0.48193
0.47247
0.48176
0.50571
0.53607
0.56789
0.58549
0.59029
0.59511
0.61505
0.64252
0.66704
0.68713
0.70481
0.71171
0.71267
0.71184
0.70832
0.69956
0.66472
0.63082
0.58057
0.51092
0.43167
0.38703
0.34424
0.31735
0.30782
0.3075
0.31554
0.30438
0.28437
0.26083
0.23998
0.23525
0.24163
0.25168
0.2613
0.27473
0.29172
0.30186
0.29689
0.27272
0.25169
0.23184
0.21555
0.20293
0.1924
0.19583
0.20261
0.22171
0.25301
0.29125
0.3265
0.34456
0.34628
0.33864
0.33135
0.32234
0.31362
0.30595
0.30202
0.30442
0.31556
0.33932
0.36058
0.38701
0.41163
0.43293
0.45538
0.45255
0.41421
0.33153
0.24895
0.18073
0.12916
0.0946
0.07387
0.06648
0.06305
0.05893
0.05929
0.06538
0.06697
0.06319
0.06654
0.07968
0.10389
0.14497
0.2051
0.26077
0.28191
0.27587
0.29179
0.31592
0.31724
0.32706
0.35358
0.38223
0.38934
0.35962
0.2957
0.20909
0.115
0.04976
0.03276
0.05484
0.08552
0.10436
0.09979
0.07103
0.04554
0.04085
0.0498
0.05671
0.05141
0.04331
0.03901
0.03332
0.03685
0.04155
0.05513
0.06965
0.07422
0.0696
0.06145
0.05546
0.0593
0.07186
0.08958
0.11053
0.13743
0.15596
0.16337
0.16436
0.16493
0.16384
0.16128
0.16559
0.1633
0.15644
0.1574
0.16292
0.17162
0.17959
0.19215
0.21083
0.23885
0.27789
0.32347
0.35057
0.36052
0.35361
0.33953
0.3463
0.36699
0.39422
0.4208
0.44369
0.44705
0.44102
0.46256
0.48774
0.5126
0.5264
0.53163
0.54482
0.56417
0.59074
0.6136
0.62836
0.64569
0.65142
0.65091
0.65003
0.64985
0.64755
0.63134
0.58081
0.52743
0.47714
0.42296
0.35664
0.297
0.26622
0.26946
0.26752
0.2385
0.1897
0.14403
0.11268
0.0919
0.0938
0.11506
0.14132
0.16404
0.1657
0.14897
0.12135
0.08755
0.0591
0.04222
0.04159
0.05551
0.07147
0.08409
0.09208
0.09453
0.09215
0.08768
0.08275
0.07551
0.06929
0.06951
0.07298
0.08047
0.08132
0.0746
0.06811
0.06221
0.05508
0.04806
0.04992
0.05875
0.07109
0.08875
0.1134
0.14483
0.16568
0.17872
0.19327
0.20811
0.2172
0.21901
0.21725
0.21345
0.21193
0.20636
0.19909
0.20132
0.21943
0.29261
0.40544
0.50094
0.56628
0.59999
0.60503
0.58859
0.56114
0.54696
0.54909
0.56524
0.5903
0.59727
0.5825
0.57562
0.57911
0.57148
0.55219
0.52157
0.4888
0.44737
0.3665
0.27626
0.20376
0.15709
0.13114
0.10934
0.09105
0.07549
0.0823
0.1023
0.11089
0.10364
0.08607
0.07602
0.07575
0.07621
0.07521
0.06746
0.05878
0.05279
0.04134
0.03126
0.02413
0.01813
0.01363
0.00963
0.00807
0.00906
0.01254
0.02564
0.04377
0.05761
0.06485
0.08879
0.1276
0.16623
0.20129
0.2255
0.25521
0.27785
0.29169
0.30601
0.31952
0.32439
0.30454
0.26695
0.21835
0.16503
0.11315
0.07475
0.05096
0.0393
0.03198
0.02452
0.01903
0.02881
0.05229
0.09965
0.17302
0.26028
0.3366
0.38377
0.39834
0.40768
0.42218
0.45488
0.50444
0.55336
0.57302
0.56989
0.5542
0.53471
0.52449
0.53397
0.56116
0.57638
0.57385
0.54694
0.49575
0.4354
0.40473
0.41286
0.45445
0.5229
0.60705
0.6431
0.65545
0.65453
0.64474
0.62483
0.60574
0.58538
0.56278
0.54472
0.53703
0.52167
0.50025
0.4806
0.45709
0.40967
0.35126
0.28929
0.23159
0.18647
0.16449
0.16393
0.1833
0.22948
0.29826
0.38793
0.4534
0.49297
0.50472
0.49982
0.4828
0.4652
0.45311
0.43739
0.41263
0.38726
0.35942
0.34348
0.32613
0.29796
0.27754
0.28425
0.31174
0.35332
0.39057
0.40864
0.39522
0.3482
0.28278
0.22984
0.1791
0.15585
0.15895
0.17125
0.18102
0.17844
0.17599
0.16788
0.15203
0.13192
0.10683
0.0801
0.07361
0.07586
0.07835
0.08477
0.0954
0.11019
0.12243
0.13792
0.14619
0.13411
0.11097
0.08807
0.0646
0.0476
0.04017
0.03539
0.02948
0.02397
0.02229
0.02288
0.02237
0.02481
0.03198
0.04154
0.0539
0.07124
0.09541
0.12889
0.18297
0.25717
0.34645
0.43487
0.50426
0.56126
0.60237
0.6266
0.6465
0.65825
0.65888
0.65186
0.64802
0.6514
0.66306
0.66681
0.66345
0.62943
0.62933
0.64948
0.69887
0.71153
0.70841
0.70277
0.69281
0.68363
0.68148
0.68603
0.68988
0.69168
0.69421
0.69661
0.69731
0.69023
0.66858
0.58916
0.47888
0.3493
0.2106
0.09315
0.02816
0.00596
0.01476
0.05654
0.13539
0.26085
0.42757
0.59137
0.68605
0.69931
0.7029
0.70367
0.70387
0.71054
0.71396
0.7153
0.71699
0.71625
0.71354
0.70708
0.69534
0.6881
0.69103
0.69561
0.69935
0.70174
0.70732
0.71393
0.71266
0.70403
0.69152
0.6816
0.6745
0.66651
0.6575
0.65267
0.65204
0.65753
0.6738
0.68474
0.69263
0.69633
0.69551
0.6901
0.68245
0.67341
0.66959
0.6665
0.66486
0.66568
0.66722
0.66934
0.67446
0.68267
0.68915
0.69374
0.6992
0.70445
0.70933
0.7129
0.6857
0.61339
0.53298
0.49179
0.49389
0.50874
0.50432
0.48642
0.47408
0.46942
0.44848
0.37724
0.27365
0.17016
0.08833
0.03989
0.01612
0.01172
0.0115
0.01726
0.03159
0.04193
0.04942
0.05055
0.04908
0.04449
0.03778
0.02778
0.01868
0.01681
0.01812
0.02204
0.03
0.04638
0.07076
0.10002
0.12929
0.15761
0.19915
0.2526
0.31618
0.38122
0.42606
0.45294
0.46753
0.48004
0.50183
0.52311
0.56256
0.61215
0.66575
0.6877
0.69176
0.68557
0.67748
0.67204
0.6706
0.67284
0.67613
0.67697
0.67704
0.6768
0.67628
0.67426
0.67435
0.67984
0.69079
0.70178
0.70808
0.71048
0.70202
0.6437
0.5229
0.40255
0.304
0.22885
0.17029
0.1386
0.12637
0.12546
0.12488
0.1307
0.13164
0.13934
0.15981
0.2015
0.2742
0.37676
0.4709
0.53134
0.5586
0.56069
0.54086
0.50719
0.47791
0.46139
0.45261
0.4602
0.48281
0.51489
0.54177
0.58407
0.62474
0.63899
0.64519
0.64643
0.63102
0.57954
0.5214
0.46335
0.42434
0.39041
0.34415
0.28262
0.24141
0.22676
0.22409
0.22139
0.193
0.16446
0.14253
0.12878
0.12637
0.15687
0.23872
0.36748
0.49022
0.59309
0.64768
0.68717
0.70602
0.70963
0.71353
0.70868
0.70748
0.70699
0.70686
0.70795
0.71059
0.71151
0.71089
0.7088
0.7046
0.69962
0.69338
0.69295
0.69159
0.68071
0.65204
0.63097
0.61839
0.61002
0.6024
0.59356
0.59072
0.58714
0.57233
0.5528
0.52424
0.49283
0.4707
0.44951
0.42875
0.40444
0.38206
0.35781
0.32404
0.28714
0.25353
0.22654
0.20379
0.17826
0.14918
0.12059
0.09532
0.08058
0.07662
0.08345
0.08573
0.08129
0.07123
0.06066
0.05425
0.05197
0.05606
0.06283
0.06856
0.07486
0.08414
0.09877
0.10827
0.10713
0.09815
0.08837
0.07819
0.06822
0.06324
0.07483
0.09877
0.1209
0.1434
0.16131
0.15255
0.11989
0.07346
0.04523
0.04502
0.07468
0.12682
0.1835
0.23192
0.26915
0.30548
0.34608
0.3909
0.4561
0.53256
0.59216
0.62881
0.64968
0.64863
0.65631
0.65529
0.66888
0.68066
0.68884
0.69698
0.69902
0.69167
0.68923
0.68842
0.67737
0.6728
0.67047
0.66764
0.65204
0.62861
0.58409
0.55519
0.54707
0.54714
0.55734
0.57628
0.61895
0.66067
0.68739
0.70142
0.70973
0.7126
0.71157
0.70584
0.69327
0.67802
0.61682
0.54299
0.48017
0.4369
0.3944
0.3611
0.32078
0.28071
0.25682
0.23687
0.24177
0.29267
0.38919
0.47687
0.53218
0.56103
0.56088
0.54408
0.53816
0.54103
0.53448
0.57991
0.64613
0.68594
0.70033
0.7021
0.69016
0.67135
0.65474
0.64077
0.62557
0.58779
0.55207
0.55165
0.58111
0.62344
0.66407
0.67615
0.68185
0.68558
0.68858
0.69112
0.6875
0.67547
0.65665
0.64031
0.6166
0.57711
0.53178
0.49241
0.46143
0.42533
0.3846
0.35401
0.32546
0.29771
0.27826
0.26635
0.26115
0.25517
0.26133
0.27379
0.28357
0.29995
0.33453
0.38268
0.41978
0.45287
0.48627
0.48523
0.46368
0.44926
0.44749
0.44768
0.44385
0.44346
0.45077
0.45685
0.45313
0.43774
0.4134
0.37365
0.32732
0.27323
0.23349
0.20764
0.18872
0.18343
0.1889
0.2157
0.25965
0.31317
0.36793
0.36822
0.3338
0.28652
0.23691
0.18939
0.15287
0.13697
0.1326
0.13621
0.13733
0.13548
0.13455
0.1315
0.12703
0.12028
0.12617
0.14979
0.1851
0.21483
0.23859
0.26155
0.28454
0.30759
0.32975
0.33985
0.33462
0.32769
0.32632
0.31441
0.28217
0.23874
0.1913
0.18103
0.23507
0.32111
0.35531
0.34003
0.32484
0.28696
0.23427
0.19078
0.17134
0.15232
0.142
0.14459
0.15494
0.15875
0.15389
0.14635
0.13861
0.124
0.10525
0.07713
0.04248
0.01424
0.00643
0.00346
0.00347
0.00869
0.02511
0.04438
0.06594
0.08665
0.10845
0.13426
0.16054
0.18778
0.21717
0.2424
0.25518
0.26165
0.27206
0.27605
0.27884
0.27339
0.2445
0.20496
0.18467
0.17781
0.16932
0.16664
0.1664
0.15911
0.13713
0.10938
0.08048
0.05622
0.03859
0.0313
0.03037
0.03452
0.04428
0.06063
0.08734
0.12105
0.15359
0.18615
0.21962
0.22797
0.22363
0.24309
0.28142
0.32874
0.36677
0.39904
0.42615
0.43855
0.43648
0.41902
0.39156
0.36037
0.33859
0.3326
0.34482
0.36144
0.37534
0.39414
0.42385
0.45947
0.49371
0.53087
0.54933
0.53071
0.49812
0.4695
0.44604
0.44598
0.46857
0.49402
0.49351
0.45721
0.40628
0.34564
0.27726
0.20844
0.16464
0.14208
0.13238
0.12283
0.1206
0.12267
0.11627
0.09771
0.07931
0.06663
0.05944
0.05887
0.07431
0.11152
0.16162
0.23097
0.32835
0.43056
0.5206
0.60105
0.6458
0.66775
0.67966
0.68225
0.68608
0.6948
0.70145
0.70329
0.70316
0.70102
0.69833
0.69358
0.68307
0.67042
0.63981
0.59586
0.54763
0.51621
0.50256
0.48962
0.49182
0.51261
0.51969
0.50193
0.47473
0.46472
0.43948
0.39838
0.35323
0.30907
0.31558
0.35143
0.39913
0.4463
0.45501
0.45961
0.45006
0.41522
0.40888
0.388
0.32997
0.3066
0.32675
0.42054
0.60893
0.6822
0.69647
0.69586
0.68529
0.62122
0.53727
0.433
0.36343
0.32056
0.30666
0.32142
0.36659
0.44129
0.52365
0.56419
0.58681
0.61554
0.64188
0.64321
0.6204
0.60113
0.58272
0.56577
0.54492
0.5202
0.50902
0.5042
0.50871
0.50526
0.48993
0.47986
0.48644
0.49861
0.51117
0.5393
0.60078
0.64818
0.67003
0.68036
0.68096
0.68252
0.68458
0.69078
0.69629
0.68573
0.68375
0.69244
0.68898
0.6901
0.69417
0.68915
0.67709
0.66263
0.65272
0.62679
0.57768
0.53235
0.50879
0.49878
0.50557
0.50727
0.48109
0.42308
0.3592
0.29861
0.27956
0.27078
0.2999
0.35798
0.43354
0.51456
0.57935
0.63159
0.66436
0.68532
0.69156
0.69516
0.6982
0.70222
0.70563
0.71041
0.71332
0.71446
0.71531
0.71536
0.71522
0.71519
0.71611
0.71627
0.71637
0.71628
0.71613
0.71613
0.71613
0.71613
0.71613
0.71613
0.71613
0.71641
0.71668
0.71723
0.71558
0.71289
0.71296
0.71418
0.71515
0.71521
0.71396
0.71102
0.7012
0.69071
0.66616
0.60778
0.5251
0.42555
0.33263
0.26815
0.21931
0.19209
0.16527
0.13993
0.11506
0.08695
0.06351
0.04434
0.03102
0.02485
0.02534
0.02869
0.03165
0.03827
0.04666
0.0431
0.03294
0.02899
0.03323
0.04114
0.06121
0.10067
0.15838
0.22706
0.28922
0.34609
0.40284
0.43857
0.45877
0.46318
0.46074
0.45922
0.44699
0.41927
0.38743
0.373
0.38249
0.38772
0.3861
0.37263
0.34514
0.3357
0.33376
0.3497
0.3873
0.4018
0.37941
0.32108
0.24807
0.21741
0.23166
0.27449
0.31905
0.3611
0.38562
0.40498
0.41896
0.41866
0.42113
0.46411
0.52718
0.60521
0.65201
0.662
0.65881
0.65618
0.64898
0.63309
0.61284
0.59217
0.57404
0.57191
0.58042
0.59529
0.60451
0.60354
0.59359
0.5712
0.54511
0.51718
0.49123
0.47322
0.45028
0.43162
0.40199
0.37599
0.36383
0.36183
0.36303
0.3719
0.38409
0.39616
0.39675
0.37615
0.3472
0.31788
0.29509
0.28149
0.26413
0.24838
0.23872
0.2335
0.2294
0.21829
0.21766
0.2263
0.23017
0.23144
0.237
0.24437
0.24786
0.25204
0.27663
0.32192
0.38074
0.43526
0.46651
0.47684
0.47405
0.46089
0.42167
0.37235
0.34628
0.34364
0.34252
0.33342
0.32538
0.31922
0.31035
0.30358
0.3021
0.29247
0.27004
0.23885
0.2123
0.18903
0.16932
0.15835
0.15418
0.16502
0.18626
0.20251
0.19451
0.17296
0.15549
0.14792
0.13193
0.11243
0.09786
0.09365
0.09622
0.0926
0.08857
0.09111
0.09859
0.10101
0.10116
0.09964
0.09959
0.09978
0.10312
0.1122
0.12963
0.15282
0.16361
0.16383
0.15882
0.14911
0.12708
0.10518
0.08748
0.07551
0.06961
0.06662
0.06474
0.05325
0.04059
0.03121
0.02683
0.02566
0.02613
0.02879
0.03292
0.03707
0.04286
0.05146
0.06014
0.06998
0.07975
0.08757
0.09187
0.09334
0.09019
0.08837
0.08662
0.08678
0.09261
0.10363
0.12084
0.12929
0.12261
0.10521
0.08632
0.06905
0.05429
0.04831
0.04571
0.04392
0.0464
0.05593
0.06909
0.07397
0.07367
0.07687
0.08296
0.09237
0.10801
0.12581
0.13887
0.14936
0.15905
0.16635
0.16961
0.17095
0.16426
0.14099
0.11307
0.09658
0.09129
0.10911
0.16411
0.24991
0.36743
0.48658
0.54117
0.54911
0.51836
0.41757
0.3198
0.28744
0.31621
0.35674
0.32321
0.27253
0.24755
0.23624
0.24461
0.2541
0.24652
0.21646
0.17106
0.12418
0.08681
0.0617
0.04617
0.0454
0.05802
0.08715
0.13293
0.19257
0.25162
0.28487
0.29927
0.30709
0.29965
0.28223
0.26839
0.26802
0.27652
0.2874
0.30112
0.30853
0.30902
0.29402
0.26989
0.24994
0.22967
0.1982
0.17735
0.18313
0.20628
0.23863
0.26589
0.30513
0.33358
0.32802
0.30879
0.28228
0.24049
0.18415
0.13349
0.10896
0.11472
0.1339
0.1545
0.17181
0.19151
0.19865
0.18108
0.15287
0.13276
0.12987
0.1331
0.14227
0.14673
0.14595
0.14333
0.12806
0.11085
0.07822
0.04605
0.03098
0.03438
0.04841
0.06654
0.10087
0.15771
0.23303
0.31565
0.38581
0.45154
0.50673
0.56304
0.58919
0.61523
0.63585
0.65078
0.6616
0.67072
0.67603
0.67746
0.64344
0.56757
0.47735
0.39595
0.35012
0.32831
0.32864
0.33375
0.34161
0.37666
0.43829
0.50049
0.53071
0.53275
0.5171
0.50908
0.50985
0.50406
0.50717
0.53732
0.59456
0.64095
0.65881
0.65876
0.66816
0.67546
0.67632
0.6752
0.67249
0.65967
0.64435
0.62837
0.60879
0.58633
0.56047
0.53326
0.4971
0.47096
0.46184
0.4599
0.46603
0.48259
0.50038
0.51712
0.53179
0.55707
0.56619
0.5526
0.54028
0.53595
0.53462
0.52252
0.50954
0.4962
0.48795
0.47194
0.44935
0.43277
0.42499
0.41475
0.38771
0.34872
0.30175
0.25548
0.23321
0.23511
0.22823
0.21267
0.19552
0.17974
0.16642
0.15221
0.14363
0.1332
0.11376
0.08931
0.06528
0.04687
0.03665
0.03812
0.04455
0.05118
0.05916
0.06888
0.07897
0.0931
0.11674
0.15234
0.19844
0.24073
0.27286
0.28574
0.26861
0.23072
0.18436
0.14994
0.16347
0.24465
0.34861
0.40973
0.44472
0.44884
0.43485
0.39686
0.37223
0.35896
0.35565
0.35469
0.3252
0.28293
0.23664
0.20574
0.19135
0.17287
0.1402
0.10584
0.07839
0.05485
0.03353
0.01488
0.00713
0.00944
0.01461
0.0212
0.03247
0.05556
0.08841
0.12464
0.17431
0.22824
0.26877
0.29195
0.30308
0.3289
0.35559
0.37596
0.38497
0.38609
0.39522
0.40724
0.43459
0.46831
0.51654
0.55954
0.58685
0.6038
0.61167
0.60746
0.59895
0.58525
0.56397
0.54203
0.53298
0.5461
0.57277
0.60013
0.60415
0.60433
0.59768
0.57107
0.52587
0.46928
0.41694
0.37569
0.34695
0.32733
0.31035
0.29764
0.27622
0.25209
0.22307
0.1917
0.16982
0.15651
0.15174
0.13505
0.1054
0.07573
0.05833
0.05203
0.03909
0.02857
0.02378
0.02143
0.02087
0.02207
0.02389
0.02477
0.02442
0.02214
0.01954
0.01894
0.01653
0.01241
0.00778
0.00523
0.00395
0.00353
0.00239
0.00157
0.00132
0.00419
0.01279
0.01905
0.0205
0.01995
0.0228
0.027
0.03068
0.03936
0.05254
0.06818
0.08656
0.09822
0.10277
0.10445
0.09904
0.08429
0.07085
0.06434
0.06523
0.07017
0.07962
0.09227
0.10152
0.10249
0.09993
0.10209
0.11028
0.12083
0.13379
0.15833
0.19453
0.24797
0.32285
0.4227
0.51138
0.58143
0.59814
0.58462
0.54733
0.50013
0.44508
0.3703
0.29468
0.23085
0.20375
0.19655
0.17893
0.15295
0.13353
0.11424
0.09004
0.06968
0.06688
0.08135
0.10522
0.14357
0.2029
0.26834
0.31714
0.34
0.33635
0.29985
0.26284
0.22449
0.21577
0.22717
0.22746
0.22914
0.23791
0.24575
0.24878
0.2391
0.19184
0.1461
0.10452
0.06317
0.05429
0.06379
0.06645
0.06279
0.06815
0.07279
0.07196
0.07756
0.07922
0.07115
0.07954
0.093
0.0658
0.03468
0.02775
0.02264
0.01834
0.01926
0.02298
0.02511
0.02555
0.02319
0.01312
0.00713
0.00386
0.00316
0.0037
0.00467
0.0057
0.00686
0.00798
0.0088
0.00874
0.01298
0.02593
0.04475
0.07867
0.12114
0.17078
0.2157
0.24441
0.25623
0.25943
0.26988
0.28913
0.30957
0.32552
0.34346
0.36493
0.39193
0.42821
0.47644
0.51901
0.55022
0.57257
0.59153
0.6068
0.61524
0.6227
0.62743
0.63608
0.65018
0.66367
0.67171
0.67663
0.67921
0.67971
0.67981
0.67949
0.67787
0.67598
0.66871
0.66012
0.65734
0.66166
0.6672
0.66716
0.65914
0.60335
0.55998
0.53641
0.51731
0.47623
0.4147
0.36125
0.30813
0.25056
0.20104
0.15395
0.1203
0.10576
0.12538
0.17325
0.22016
0.18114
0.13158
0.10432
0.07968
0.05308
0.03113
0.01899
0.01496
0.01856
0.02613
0.03436
0.0424
0.05018
0.05127
0.04788
0.04595
0.04985
0.05777
0.06829
0.0727
0.07058
0.07279
0.09148
0.13013
0.18205
0.23091
0.28048
0.33255
0.37427
0.39343
0.41426
0.43992
0.43986
0.4006
0.31882
0.20611
0.14745
0.15251
0.18498
0.20318
0.18299
0.14751
0.12618
0.11187
0.09403
0.07007
0.04558
0.02532
0.0105
0.00572
0.00378
0.00276
0.01053
0.02654
0.04463
0.06218
0.08906
0.15922
0.16244
0.14368
0.14406
0.10058
0.08841
0.21624
0.41215
0.59527
0.64941
0.65534
0.65774
0.66773
0.69243
0.69722
0.68937
0.68139
0.67161
0.63167
0.59577
0.60558
0.64643
0.67921
0.66863
0.64899
0.61129
0.55956
0.48748
0.40881
0.31582
0.2381
0.19967
0.1702
0.15368
0.14747
0.14586
0.15158
0.15196
0.15435
0.17171
0.20952
0.2511
0.28082
0.29277
0.28277
0.25938
0.2328
0.19866
0.15548
0.10372
0.07673
0.10298
0.20461
0.33974
0.44397
0.50838
0.55897
0.61444
0.66304
0.6688
0.67279
0.68174
0.67964
0.67051
0.67265
0.68905
0.70272
0.70501
0.70569
0.70731
0.71109
0.71468
0.71654
0.71743
0.71715
0.717
0.71732
0.71712
0.71512
0.71272
0.71123
0.71242
0.7135
0.71397
0.71468
0.71564
0.71617
0.71627
0.71597
0.7149
0.71493
0.71476
0.71529
0.71624
0.71666
0.71691
0.7166
0.71654
0.71684
0.71678
0.7156
0.71266
0.70651
0.69949
0.69376
0.67712
0.66137
0.63256
0.60231
0.59198
0.57185
0.53002
0.46603
0.39882
0.33245
0.26804
0.21518
0.16486
0.13051
0.11419
0.1097
0.1031
0.09123
0.07614
0.06058
0.05084
0.04111
0.03377
0.02906
0.03125
0.03625
0.04567
0.05608
0.06273
0.07154
0.08965
0.10311
0.10694
0.11555
0.13606
0.16163
0.17619
0.18399
0.18824
0.16675
0.11631
0.06441
0.02838
0.012
0.01755
0.02351
0.03128
0.04198
0.05759
0.07303
0.08046
0.08543
0.08438
0.07057
0.04699
0.02997
0.03353
0.0606
0.10237
0.15498
0.22299
0.29794
0.36398
0.40464
0.42244
0.4232
0.406
0.36185
0.3032
0.25172
0.21591
0.18656
0.15077
0.13489
0.12507
0.11503
0.10692
0.09392
0.07172
0.04682
0.02982
0.02088
0.02036
0.02874
0.03923
0.04771
0.05103
0.0606
0.05862
0.05376
0.04551
0.03704
0.02705
0.0156
0.0101
0.00797
0.00584
0.00445
0.00404
0.0041
0.00313
0.0017
0.00017
0.00778
0.01578
0.0239
0.0314
0.03893
0.03771
0.02817
0.02205
0.02364
0.0359
0.05189
0.06666
0.07575
0.08066
0.07612
0.06386
0.05502
0.05706
0.06472
0.07341
0.07662
0.07075
0.06012
0.04292
0.03613
0.03236
0.02992
0.02663
0.02431
0.02444
0.02405
0.03151
0.03934
0.05402
0.08482
0.1304
0.18918
0.22686
0.23594
0.22612
0.20439
0.17524
0.14451
0.125
0.11573
0.11042
0.10289
0.10023
0.09964
0.09706
0.09288
0.08853
0.08965
0.09812
0.09958
0.10058
0.10371
0.10756
0.11144
0.11103
0.11681
0.12899
0.15076
0.18395
0.21584
0.2426
0.25878
0.28185
0.32316
0.37511
0.42998
0.49338
0.56144
0.60848
0.62564
0.6347
0.63537
0.61519
0.59524
0.51554
0.39598
0.45831
0.64088
0.68349
0.68236
0.67219
0.64521
0.61951
0.60999
0.60544
0.58528
0.55399
0.50057
0.44139
0.41962
0.42476
0.43823
0.46625
0.50647
0.54838
0.58932
0.62775
0.6499
0.66629
0.67508
0.67557
0.66888
0.6549
0.61597
0.52623
0.42616
0.33908
0.28449
0.24982
0.23442
0.22671
0.21909
0.21221
0.21363
0.21655
0.2159
0.22784
0.28729
0.33058
0.30373
0.27174
0.22163
0.14166
0.09531
0.09478
0.14126
0.23095
0.35858
0.46148
0.54976
0.58826
0.59917
0.60505
0.60562
0.59824
0.59026
0.56638
0.528
0.46218
0.37708
0.29368
0.22451
0.17336
0.1296
0.0971
0.07943
0.0663
0.05408
0.04466
0.03461
0.01876
0.01258
0.01867
0.03849
0.10025
0.20513
0.35123
0.48667
0.60159
0.6547
0.67221
0.67659
0.68101
0.6812
0.65708
0.64362
0.61618
0.58355
0.56635
0.56197
0.55922
0.55229
0.53833
0.51669
0.47766
0.41789
0.34185
0.27506
0.23875
0.22932
0.24748
0.28462
0.32006
0.33508
0.31108
0.26684
0.21144
0.16556
0.13348
0.12404
0.13076
0.13658
0.15356
0.18653
0.23745
0.26892
0.27973
0.28561
0.28294
0.27167
0.23844
0.19614
0.15845
0.13741
0.1291
0.12304
0.11636
0.1082
0.10313
0.0954
0.08265
0.07201
0.07144
0.07807
0.1022
0.14915
0.20288
0.22515
0.24711
0.28458
0.30819
0.31315
0.30436
0.28134
0.24132
0.19972
0.15479
0.11924
0.10373
0.09404
0.08205
0.06635
0.05182
0.04105
0.03371
0.02617
0.01944
0.01311
0.00793
0.00242
0.00218
0.01185
0.02728
0.04828
0.08308
0.13492
0.18736
0.23736
0.29375
0.37884
0.46969
0.53823
0.61048
0.64205
0.64281
0.63625
0.62837
0.60972
0.57892
0.53973
0.4771
0.40226
0.32926
0.25134
0.22458
0.25408
0.33101
0.41467
0.41273
0.43041
0.56232
0.67609
0.70147
0.71096
0.71355
0.71114
0.70868
0.70597
0.70156
0.69939
0.70451
0.70774
0.68308
0.64331
0.58335
0.5179
0.45451
0.40058
0.35022
0.29405
0.23066
0.18188
0.13707
0.0978
0.08681
0.09011
0.08167
0.08017
0.09913
0.14227
0.22015
0.34299
0.45584
0.53471
0.58889
0.61352
0.6109
0.57245
0.52644
0.48395
0.4397
0.36045
0.29304
0.25395
0.23692
0.24389
0.27901
0.3305
0.38574
0.42809
0.46291
0.48201
0.46478
0.43949
0.42949
0.4351
0.45309
0.47826
0.50256
0.51551
0.5125
0.50164
0.48477
0.47374
0.47818
0.48977
0.49797
0.50611
0.52141
0.54995
0.59007
0.63079
0.6658
0.67331
0.66069
0.63736
0.61754
0.62254
0.62443
0.64101
0.6692
0.68823
0.69118
0.68029
0.66715
0.65248
0.63929
0.64144
0.66647
0.69637
0.70409
0.7045
0.70374
0.70355
0.7035
0.70301
0.70434
0.70358
0.70605
0.70875
0.71278
0.71497
0.7161
0.71604
0.71383
0.7106
0.70963
0.71003
0.7096
0.70615
0.70252
0.70176
0.70454
0.71013
0.71355
0.71534
0.71549
0.71512
0.71441
0.71287
0.71093
0.7053
0.69752
0.69087
0.6782
0.65381
0.63893
0.62276
0.6055
0.5891
0.56443
0.54753
0.53609
0.53122
0.50492
0.45916
0.39707
0.34288
0.3
0.26294
0.24056
0.23735
0.23246
0.20899
0.16995
0.12406
0.0815
0.05476
0.0447
0.05004
0.05757
0.06681
0.08127
0.10011
0.11791
0.12413
0.13381
0.14762
0.1601
0.16326
0.16248
0.15139
0.12381
0.09306
0.06839
0.04938
0.03493
0.02723
0.0244
0.02295
0.02525
0.03053
0.03543
0.04504
0.05966
0.07717
0.10302
0.11763
0.13525
0.15145
0.15586
0.15611
0.14209
0.12281
0.10294
0.08154
0.06289
0.04136
0.02077
0.00637
0.0027
0.0022
0.00316
0.00368
0.00312
0.01784
0.05044
0.09946
0.15013
0.20148
0.24665
0.2893
0.32826
0.36841
0.42662
0.48295
0.52613
0.55178
0.56158
0.56618
0.55851
0.54212
0.51219
0.46458
0.40752
0.33403
0.28257
0.24096
0.20133
0.16923
0.14382
0.12404
0.11203
0.09833
0.08087
0.06207
0.0416
0.0376
0.05157
0.06726
0.06882
0.05104
0.03909
0.02796
0.02994
0.03503
0.04482
0.04102
0.05285
0.10043
0.16735
0.20382
0.20603
0.22867
0.22396
0.22267
0.25043
0.3069
0.34528
0.35235
0.34667
0.33131
0.30201
0.28833
0.30011
0.32363
0.34127
0.34499
0.32545
0.29212
0.25881
0.21594
0.15229
0.08727
0.03428
0.00835
0.00381
0.02325
0.07517
0.15784
0.25391
0.35141
0.42216
0.47502
0.51164
0.51809
0.49093
0.43595
0.36691
0.29669
0.23417
0.18769
0.15363
0.12468
0.0869
0.04824
0.0237
0.01396
0.01735
0.03735
0.07022
0.10573
0.11946
0.11373
0.11547
0.11281
0.10113
0.08719
0.07072
0.05786
0.04892
0.03797
0.02706
0.01959
0.01401
0.00823
0.00242
0.00024
1.00E-05
0
0
0.00057
0.0092
0.02043
0.0312
0.03853
0.03922
0.03882
0.04346
0.05391
0.07051
0.09188
0.12546
0.17434
0.22567
0.2604
0.27775
0.27395
0.2474
0.20825
0.15373
0.10963
0.09127
0.08784
0.08368
0.07288
0.059
0.04566
0.02966
0.02112
0.01786
0.0146
0.01375
0.01203
0.01088
0.01694
0.02352
0.03031
0.04017
0.054
0.06569
0.07438
0.07576
0.07349
0.0697
0.06221
0.05219
0.03878
0.02527
0.01523
0.00385
0.00013
0.00112
0.00936
0.01923
0.02356
0.02458
0.02331
0.02077
0.018
0.01445
0.00794
0.00475
0.00332
0.00239
0.00169
0.00093
0.00035
0.00363
0.0114
0.02142
0.03274
0.0472
0.06257
0.06435
0.05765
0.0512
0.04569
0.04201
0.04455
0.051
0.06071
0.07012
0.0735
0.08163
0.08808
0.08518
0.07186
0.05615
0.04563
0.04518
0.04804
0.05338
0.05628
0.06173
0.07468
0.08494
0.08743
0.07957
0.0696
0.06708
0.05673
0.04973
0.04106
0.03729
0.03129
0.02529
0.02376
0.0267
0.0349
0.04409
0.05741
0.06933
0.07614
0.07608
0.06992
0.05558
0.04107
0.03534
0.03825
0.04447
0.04764
0.05731
0.07125
0.08186
0.09512
0.11603
0.13706
0.15529
0.16683
0.1787
0.19537
0.21945
0.25181
0.28417
0.31385
0.33673
0.35389
0.38583
0.43219
0.46557
0.48198
0.48118
0.47276
0.46995
0.47796
0.51896
0.56355
0.61289
0.65698
0.68313
0.68364
0.6759
0.65342
0.62914
0.608
0.58475
0.56855
0.58166
0.60071
0.61922
0.62876
0.62016
0.60197
0.57273
0.51844
0.41716
0.29581
0.2036
0.14893
0.11841
0.10212
0.09347
0.09077
0.08491
0.07365
0.05855
0.04775
0.04433
0.04121
0.04509
0.04958
0.04396
0.0343
0.02691
0.02503
0.02433
0.02757
0.03281
0.046
0.06377
0.07712
0.08449
0.08639
0.10098
0.11518
0.12586
0.13416
0.14865
0.17522
0.20775
0.24789
0.28698
0.31539
0.33628
0.35368
0.35078
0.34475
0.34056
0.33767
0.33242
0.3223
0.31788
0.3198
0.33329
0.3663
0.41341
0.4532
0.47056
0.48359
0.49898
0.51724
0.53027
0.55007
0.58636
0.60801
0.60991
0.59281
0.56635
0.52901
0.46587
0.3735
0.28281
0.21645
0.17529
0.15137
0.14132
0.14004
0.14137
0.14843
0.16679
0.20323
0.2493
0.2962
0.33746
0.39655
0.48045
0.55765
0.59211
0.60596
0.6117
0.61707
0.62023
0.61878
0.61204
0.60165
0.5916
0.58431
0.5711
0.53054
0.4685
0.39001
0.31598
0.26947
0.25013
0.24125
0.23943
0.23875
0.23825
0.24142
0.24635
0.24485
0.23782
0.21992
0.19456
0.17393
0.16256
0.15483
0.14424
0.13695
0.13194
0.12645
0.12415
0.12213
0.1178
0.10735
0.09267
0.07332
0.05701
0.04668
0.0408
0.03764
0.03697
0.04015
0.04383
0.04538
0.0469
0.05285
0.05545
0.05527
0.05323
0.052
0.0496
0.04768
0.04688
0.04633
0.04648
0.05006
0.05651
0.0597
0.05968
0.05775
0.05567
0.05703
0.06831
0.09008
0.11568
0.14201
0.16541
0.18284
0.19231
0.19788
0.1956
0.18903
0.18038
0.17068
0.15893
0.14645
0.14328
0.14136
0.14276
0.15154
0.16067
0.15579
0.13576
0.10657
0.07502
0.04789
0.03293
0.03459
0.05277
0.09131
0.14344
0.19248
0.22991
0.25593
0.26281
0.26088
0.25136
0.24147
0.2436
0.24993
0.25228
0.24432
0.23695
0.23239
0.23962
0.27015
0.31481
0.35097
0.37711
0.40055
0.39944
0.39868
0.42901
0.4915
0.55958
0.6027
0.63155
0.63545
0.63596
0.63494
0.6321
0.63167
0.63134
0.63509
0.63681
0.64021
0.64894
0.66128
0.67369
0.68173
0.68599
0.69081
0.69585
0.69944
0.70104
0.6965
0.69287
0.69463
0.69447
0.69228
0.68981
0.68666
0.68283
0.67542
0.66802
0.65617
0.63986
0.61896
0.57869
0.5228
0.47399
0.44012
0.39773
0.3603
0.31298
0.25914
0.20919
0.19534
0.20885
0.23783
0.29577
0.37638
0.45834
0.51338
0.53671
0.54135
0.52565
0.51772
0.51341
0.51784
0.48452
0.42671
0.41504
0.54806
0.68532
0.7068
0.70806
0.70368
0.70258
0.70556
0.70751
0.71018
0.70714
0.69415
0.67124
0.6524
0.64088
0.65015
0.66921
0.68117
0.68312
0.68219
0.68136
0.68176
0.68108
0.67897
0.6729
0.66957
0.65735
0.68462
0.69093
0.69021
0.68481
0.68065
0.67717
0.67316
0.66563
0.64351
0.61826
0.59587
0.58661
0.59161
0.6126
0.66191
0.67071
0.65178
0.6616
0.67496
0.68526
0.69079
0.69168
0.68827
0.68646
0.67976
0.67065
0.67146
0.6774
0.67949
0.67898
0.66656
0.64263
0.61304
0.57631
0.51819
0.44963
0.39925
0.36707
0.3427
0.32161
0.29145
0.26052
0.23499
0.22516
0.22951
0.23089
0.24703
0.27734
0.31265
0.3373
0.36364
0.40532
0.44249
0.46523
0.4705
0.47323
0.475
0.46632
0.44746
0.426
0.40467
0.37409
0.36038
0.35301
0.35166
0.3462
0.33039
0.31193
0.30369
0.31874
0.35001
0.36883
0.36398
0.35175
0.34016
0.30874
0.26846
0.22094
0.16988
0.11918
0.07939
0.04957
0.02905
0.01547
0.00797
0.00359
0.00534
0.00578
0.00533
0.0052
0.00651
0.01004
0.01571
0.01915
0.01868
0.01877
0.01827
0.0148
0.01277
0.01586
0.02599
0.03567
0.04809
0.06379
0.08193
0.10005
0.11659
0.12619
0.12625
0.13492
0.13794
0.12533
0.11472
0.1099
0.11593
0.11246
0.09498
0.11631
0.18673
0.25089
0.25954
0.23531
0.2064
0.18011
0.16552
0.16656
0.17187
0.19165
0.21204
0.2289
0.24114
0.24253
0.2713
0.31566
0.37566
0.44904
0.52101
0.57849
0.59764
0.60582
0.6007
0.58369
0.55913
0.54271
0.53617
0.53488
0.5578
0.59319
0.6173
0.62951
0.63283
0.63353
0.63025
0.62625
0.628
0.63679
0.6505
0.67322
0.69647
0.7074
0.70883
0.70801
0.70666
0.70237
0.69968
0.69867
0.69965
0.70569
0.70882
0.70816
0.7049
0.69754
0.6861
0.66555
0.63296
0.60651
0.58596
0.57556
0.57228
0.57254
0.57772
0.58766
0.59692
0.59882
0.60006
0.60021
0.59798
0.59549
0.59661
0.60229
0.61093
0.63015
0.64045
0.63972
0.63205
0.61752
0.60218
0.59262
0.5885
0.59486
0.60309
0.60843
0.62048
0.62962
0.63797
0.64605
0.63312
0.60377
0.57238
0.53739
0.49242
0.4642
0.44197
0.42409
0.40946
0.39786
0.37912
0.35042
0.31856
0.2941
0.26688
0.23183
0.20493
0.21258
0.28474
0.39267
0.48109
0.55442
0.63853
0.68553
0.69788
0.69771
0.69621
0.69375
0.69006
0.69088
0.69899
0.70456
0.71086
0.71457
0.71473
0.71652
0.71739
0.71745
0.71653
0.71613
0.71613
0.71613
0.71613
0.71613
0.71613
0.71613
0.71613
0.71613
0.71622
0.71625
0.71629
0.71632
0.71621
0.71621
0.71637
0.71633
0.71624
0.71646
0.71653
0.71619
0.71628
0.71671
0.71693
0.71524
0.711
0.70392
0.69663
0.6928
0.69185
0.68916
0.6848
0.67678
0.66253
0.64681
0.61504
0.57653
0.54576
0.50676
0.4812
0.48329
0.48616
0.47773
0.46525
0.44404
0.41842
0.39708
0.392
0.40861
0.43708
0.47311
0.4978
0.50318
0.4963
0.47917
0.44668
0.41603
0.38368
0.36648
0.37269
0.4062
0.44773
0.46259
0.4561
0.421
0.36609
0.30125
0.23821
0.17958
0.12832
0.09306
0.06804
0.05437
0.04807
0.04857
0.05118
0.05049
0.04839
0.04391
0.03758
0.04023
0.04739
0.05422
0.05891
0.06502
0.08044
0.09245
0.09448
0.08228
0.06891
0.06692
0.07683
0.10253
0.12748
0.13378
0.13567
0.14055
0.13539
0.12224
0.12106
0.14263
0.17114
0.18595
0.19228
0.2041
0.21107
0.19948
0.17648
0.15309
0.13583
0.12145
0.11108
0.11529
0.13459
0.1691
0.211
0.23462
0.24458
0.24445
0.24127
0.23723
0.24865
0.28594
0.34747
0.41062
0.47648
0.52868
0.55986
0.58133
0.58541
0.56171
0.51142
0.45576
0.41039
0.37782
0.37881
0.41051
0.44517
0.4757
0.50697
0.51437
0.51205
0.50525
0.48427
0.44669
0.41133
0.39758
0.40296
0.41517
0.42147
0.4224
0.40996
0.39057
0.39001
0.39149
0.38803
0.38723
0.39116
0.4058
0.41918
0.4364
0.463
0.49963
0.53478
0.57414
0.59966
0.60984
0.61625
0.61428
0.60336
0.59095
0.57777
0.56349
0.54037
0.49457
0.42924
0.33426
0.24355
0.1718
0.12893
0.10094
0.0754
0.06108
0.0528
0.05163
0.05624
0.0664
0.08935
0.10751
0.11862
0.11675
0.10427
0.08523
0.06858
0.0772
0.1223
0.19981
0.31115
0.43901
0.5536
0.62045
0.63833
0.63074
0.60737
0.56798
0.51647
0.4658
0.43061
0.4264
0.42818
0.43783
0.43768
0.41652
0.36205
0.28602
0.19548
0.13481
0.11077
0.12752
0.1747
0.24752
0.3607
0.50967
0.65059
0.6898
0.69168
0.69216
0.69224
0.69714
0.70066
0.7013
0.69817
0.69488
0.69275
0.69231
0.69719
0.69782
0.69705
0.69836
0.69952
0.70118
0.69749
0.69412
0.69344
0.69494
0.69336
0.6913
0.68664
0.67962
0.66718
0.63861
0.56484
0.48064
0.44229
0.4357
0.40886
0.35583
0.30753
0.27346
0.2684
0.31202
0.38636
0.44754
0.45993
0.4006
0.31892
0.29859
0.356
0.43939
0.578
0.69
0.70448
0.709
0.7131
0.71462
0.71515
0.71486
0.71151
0.70366
0.70007
0.7013
0.69953
0.69967
0.70314
0.7046
0.70457
0.69495
0.67777
0.66323
0.66457
0.67901
0.69172
0.69823
0.70196
0.706
0.70723
0.70368
0.69766
0.69194
0.65498
0.59517
0.51771
0.45603
0.43588
0.43175
0.43029
0.43847
0.44578
0.41374
0.37596
0.34488
0.31351
0.27186
0.22083
0.16599
0.11933
0.08885
0.06904
0.05364
0.04071
0.03398
0.03069
0.03614
0.05104
0.07332
0.0855
0.08295
0.07489
0.07271
0.081
0.09565
0.11312
0.1161
0.12024
0.13564
0.16219
0.18594
0.19661
0.21869
0.26562
0.30059
0.31324
0.32959
0.33086
0.35301
0.38782
0.41669
0.42848
0.43554
0.44228
0.44642
0.44579
0.43375
0.41262
0.38242
0.36035
0.33108
0.31287
0.30371
0.29004
0.27144
0.24521
0.22178
0.19255
0.1596
0.12794
0.10049
0.07853
0.06003
0.04918
0.04269
0.03667
0.03322
0.0329
0.03985
0.05262
0.06594
0.08312
0.10975
0.16591
0.23049
0.29502
0.34744
0.37892
0.38
0.34403
0.32721
0.36691
0.43215
0.51263
0.5582
0.58589
0.60055
0.60235
0.60522
0.61165
0.62175
0.62853
0.63651
0.64226
0.6314
0.5964
0.54565
0.47796
0.40105
0.34026
0.2953
0.24853
0.20133
0.15846
0.12453
0.0977
0.07167
0.05321
0.0393
0.02797
0.01704
0.01015
0.00815
0.00748
0.00686
0.00633
0.00636
0.00657
0.00541
0.00285
9.00E-05
7.00E-05
0.00012
8.00E-04
0.00539
0.0155
0.02137
0.02514
0.02988
0.03969
0.0537
0.07251
0.09545
0.12353
0.16147
0.20769
0.25343
0.29901
0.36784
0.44485
0.50199
0.55768
0.61474
0.6392
0.65165
0.66041
0.67121
0.68068
0.6854
0.64905
0.61999
0.59486
0.58013
0.57147
0.56286
0.54257
0.52682
0.51664
0.50677
0.48673
0.45892
0.42921
0.39208
0.35361
0.33254
0.32081
0.30639
0.2843
0.27125
0.26788
0.27116
0.27795
0.28903
0.30412
0.30678
0.29448
0.27157
0.24116
0.20634
0.17094
0.15015
0.14104
0.12443
0.10346
0.08404
0.07082
0.06413
0.0605
0.05939
0.06151
0.05978
0.05418
0.04502
0.03609
0.02903
0.02761
0.03789
0.05992
0.08488
0.10577
0.11702
0.12312
0.12164
0.10921
0.09007
0.07307
0.06688
0.06174
0.05642
0.05377
0.05561
0.0616
0.06285
0.06357
0.0654
0.06817
0.06936
0.06845
0.06025
0.05306
0.05124
0.05302
0.05972
0.07008
0.09031
0.11028
0.1184
0.11552
0.10164
0.0842
0.06284
0.04528
0.03884
0.03672
0.03464
0.0324
0.03024
0.02756
0.02406
0.03
0.03568
0.03492
0.02353
0.00693
0.00408
0.00398
0.00535
0.00911
0.02328
0.03254
0.04109
0.04409
0.04367
0.03899
0.03206
0.02376
0.0123
0.00564
0.00457
0.00469
0.0051
0.00457
0.00485
0.00571
0.00763
0.01096
0.02018
0.03302
0.0394
0.0391
0.03782
0.04106
0.05054
0.06538
0.08825
0.10818
0.11899
0.12315
0.13367
0.13996
0.12702
0.10596
0.09112
0.08395
0.06736
0.04486
0.02846
0.01567
0.00709
0.00557
0.00855
0.01381
0.01486
0.01433
0.01592
0.02033
0.02823
0.04167
0.05515
0.05953
0.05652
0.04959
0.04018
0.02803
0.01952
0.01611
0.01338
0.01355
0.0147
0.01672
0.02255
0.03111
0.03416
0.03706
0.03932
0.03607
0.03063
0.02753
0.03053
0.03708
0.04422
0.04591
0.04008
0.02827
0.01697
0.01198
0.01401
0.01682
0.02232
0.02848
0.03162
0.03273
0.0288
0.02281
0.01885
0.01745
0.02203
0.02974
0.04052
0.04779
0.0469
0.04266
0.03689
0.03014
0.02542
0.02532
0.02572
0.02127
0.01881
0.01992
0.02293
0.02674
0.03558
0.04217
0.04024
0.03369
0.02948
0.02998
0.04207
0.07164
0.11079
0.1506
0.18245
0.20386
0.20809
0.18991
0.16379
0.13663
0.09952
0.06398
0.04093
0.02707
0.01401
0.00769
0.00676
0.00811
0.01441
0.02967
0.04577
0.06619
0.08167
0.08583
0.08085
0.06723
0.04675
0.03137
0.03171
0.04819
0.08647
0.14457
0.20068
0.22226
0.19899
0.15632
0.11462
0.07623
0.04703
0.02877
0.02126
0.02235
0.02636
0.03623
0.05531
0.08263
0.10818
0.11248
0.10576
0.10694
0.13409
0.17895
0.22923
0.27819
0.31199
0.33087
0.34933
0.37231
0.38973
0.43454
0.4913
0.5406
0.577
0.59545
0.60144
0.60028
0.59762
0.60441
0.61438
0.6302
0.64821
0.65811
0.66485
0.66947
0.67064
0.66929
0.66078
0.64939
0.63623
0.61722
0.58694
0.49549
0.40151
0.3527
0.33159
0.31033
0.30084
0.31094
0.35342
0.40871
0.45918
0.50168
0.5252
0.52983
0.50405
0.46856
0.4289
0.39823
0.36793
0.34423
0.34722
0.3632
0.38676
0.40063
0.41441
0.42087
0.411
0.41045
0.42646
0.4388
0.43338
0.40631
0.36516
0.31982
0.27254
0.22331
0.18428
0.16679
0.16224
0.15823
0.15733
0.15681
0.15491
0.15564
0.15765
0.16399
0.16466
0.16001
0.15092
0.13944
0.12571
0.11603
0.11178
0.10846
0.10477
0.10142
0.09868
0.09395
0.08583
0.07538
0.06469
0.05618
0.04908
0.04469
0.04437
0.04817
0.05436
0.06353
0.06833
0.06744
0.06348
0.06028
0.05838
0.05838
0.05998
0.06422
0.06835
0.06789
0.06247
0.05567
0.05294
0.05229
0.05167
0.05421
0.06178
0.07222
0.08658
0.1063
0.13112
0.16355
0.20106
0.24438
0.27085
0.28728
0.30495
0.335
0.37224
0.40789
0.45081
0.49054
0.53006
0.55142
0.55801
0.55472
0.54269
0.52798
0.51887
0.51358
0.50985
0.51904
0.54379
0.58346
0.63618
0.65882
0.66302
0.667
0.67243
0.67264
0.66842
0.6613
0.65778
0.65722
0.66159
0.67038
0.67989
0.68385
0.68118
0.67162
0.65798
0.61754
0.5696
0.51964
0.47816
0.45876
0.46729
0.48392
0.50115
0.51184
0.51219
0.51843
0.52135
0.51108
0.47595
0.42908
0.38466
0.35463
0.36312
0.40612
0.45676
0.49526
0.51554
0.51791
0.48298
0.43898
0.41047
0.41971
0.44933
0.4828
0.5203
0.56088
0.5989
0.61866
0.62068
0.60875
0.55782
0.4693
0.39013
0.3588
0.38911
0.45048
0.527
0.59284
0.62863
0.62451
0.60848
0.58806
0.56521
0.53156
0.51299
0.52182
0.55193
0.59266
0.60873
0.62092
0.62978
0.63869
0.64535
0.65247
0.65687
0.65331
0.64476
0.62069
0.599
0.58507
0.58665
0.60468
0.61055
0.6038
0.58611
0.55545
0.51089
0.47026
0.44061
0.42037
0.40615
0.40839
0.42884
0.44265
0.44404
0.43401
0.42147
0.42311
0.45198
0.51534
0.58659
0.64235
0.67071
0.6799
0.68218
0.6848
0.68536
0.68261
0.67469
0.66366
0.649
0.62224
0.58675
0.56327
0.56713
0.57273
0.57382
0.57449
0.57555
0.56422
0.53078
0.49612
0.48322
0.49023
0.49745
0.4994
0.50748
0.51534
0.53071
0.54194
0.5399
0.5275
0.51169
0.49533
0.47057
0.44992
0.4429
0.43401
0.40291
0.35747
0.3299
0.31189
0.28801
0.26525
0.23344
0.2044
0.17365
0.14516
0.13102
0.118
0.10719
0.09003
0.08176
0.08137
0.07649
0.06896
0.06591
0.06674
0.06899
0.06791
0.07243
0.0852
0.10524
0.13809
0.17977
0.2152
0.23631
0.25558
0.26376
0.25365
0.22692
0.20211
0.19124
0.20076
0.22602
0.25199
0.26158
0.26731
0.27334
0.2744
0.27875
0.2821
0.25807
0.21511
0.16832
0.12862
0.0914
0.06387
0.06017
0.07202
0.08869
0.10257
0.10883
0.10393
0.07823
0.04874
0.03038
0.02395
0.02941
0.0488
0.06678
0.07184
0.06407
0.04514
0.02572
0.01355
0.00851
0.00895
0.01433
0.02518
0.04186
0.06199
0.07114
0.07579
0.0877
0.09833
0.10066
0.09443
0.08589
0.08219
0.08485
0.08745
0.0801
0.06436
0.04869
0.0329
0.02821
0.0353
0.04396
0.05365
0.05366
0.05549
0.06726
0.08642
0.12756
0.18245
0.24812
0.32028
0.39762
0.48398
0.56078
0.60322
0.62473
0.6366
0.64573
0.65065
0.65089
0.65112
0.65475
0.65716
0.65769
0.63541
0.61611
0.59527
0.56033
0.51757
0.47908
0.46227
0.47147
0.49765
0.5614
0.62266
0.64239
0.65734
0.66391
0.66724
0.6737
0.68026
0.68788
0.69315
0.69616
0.69853
0.70123
0.7036
0.7048
0.70089
0.69238
0.68346
0.67642
0.64755
0.60345
0.54682
0.47288
0.37163
0.27727
0.21287
0.18077
0.17573
0.18399
0.1982
0.21592
0.23936
0.26013
0.27064
0.2698
0.26
0.26828
0.29479
0.3155
0.33219
0.3454
0.34045
0.33127
0.36647
0.4218
0.4675
0.48279
0.48904
0.49799
0.51822
0.52094
0.50916
0.51492
0.53296
0.55124
0.56049
0.56452
0.55616
0.54506
0.54189
0.54869
0.55889
0.57294
0.58844
0.59926
0.60862
0.60755
0.57622
0.52389
0.51783
0.53751
0.54614
0.54248
0.53003
0.51442
0.47158
0.41678
0.40826
0.44027
0.44725
0.42656
0.39534
0.33458
0.21218
0.11296
0.06427
0.04774
0.04593
0.04713
0.04824
0.05202
0.05673
0.05836
0.05805
0.06193
0.07507
0.09242
0.11027
0.1287
0.1602
0.21901
0.282
0.33025
0.36012
0.36435
0.36103
0.35191
0.33761
0.33459
0.37169
0.42226
0.46205
0.47951
0.47249
0.45337
0.42903
0.41154
0.40119
0.40653
0.42118
0.43164
0.42951
0.42391
0.41898
0.40878
0.38104
0.3351
0.3067
0.29778
0.29997
0.30854
0.3199
0.33875
0.36069
0.36974
0.36738
0.35518
0.33698
0.31032
0.2931
0.29283
0.31741
0.36158
0.41297
0.45647
0.4945
0.5202
0.5404
0.55662
0.56967
0.57303
0.56385
0.53577
0.50033
0.47075
0.4483
0.42737
0.41387
0.39509
0.35788
0.30212
0.24342
0.20174
0.17704
0.15888
0.1437
0.12855
0.118
0.10774
0.10016
0.08906
0.0775
0.06219
0.04701
0.04009
0.03787
0.04073
0.04638
0.0524
0.06072
0.07105
0.08244
0.09563
0.10421
0.11191
0.12619
0.1385
0.155
0.16919
0.20157
0.2478
0.29649
0.34763
0.38203
0.40183
0.40885
0.41638
0.42649
0.42498
0.39861
0.36566
0.33927
0.32264
0.32366
0.34476
0.39221
0.45054
0.48859
0.50216
0.4923
0.45045
0.38346
0.32236
0.28775
0.28796
0.33237
0.40707
0.47244
0.52947
0.57963
0.59434
0.59203
0.57825
0.55619
0.53026
0.49081
0.45296
0.41584
0.36158
0.31826
0.28138
0.25052
0.21541
0.17923
0.16092
0.14709
0.13176
0.11405
0.09399
0.07589
0.05815
0.04439
0.03255
0.02109
0.01497
0.01536
0.01696
0.02421
0.02771
0.02538
0.01848
0.00878
0.0022
0.00149
0.00092
0.00359
0.0099
0.01351
0.0169
0.02128
0.02271
0.02062
0.01811
0.01637
0.01337
0.00954
0.0078
0.00977
0.01747
0.0287
0.03674
0.0416
0.04816
0.0509
0.05064
0.05196
0.05671
0.06515
0.07953
0.09776
0.11009
0.10863
0.10628
0.1037
0.09585
0.08721
0.07634
0.06832
0.06249
0.06056
0.05567
0.04977
0.04953
0.05093
0.04629
0.03542
0.02204
0.01234
0.00771
0.00821
0.01191
0.01612
0.0211
0.02843
0.03629
0.04524
0.05413
0.06244
0.06764
0.07329
0.08259
0.08957
0.09611
0.10538
0.11424
0.12901
0.15072
0.16278
0.1587
0.15662
0.15324
0.14477
0.14045
0.14796
0.17322
0.20754
0.24657
0.28234
0.30783
0.32288
0.33533
0.34406
0.34728
0.33586
0.32072
0.31348
0.30735
0.29706
0.28869
0.28895
0.29741
0.31141
0.33567
0.36317
0.36587
0.34027
0.29664
0.25919
0.23881
0.25518
0.30845
0.38099
0.44054
0.48102
0.48766
0.47082
0.4365
0.37614
0.3095
0.26271
0.25359
0.29158
0.33922
0.35931
0.37324
0.39534
0.41696
0.41871
0.41661
0.45101
0.49883
0.5398
0.55691
0.55579
0.56755
0.61386
0.64006
0.66362
0.6745
0.6758
0.67601
0.67407
0.67081
0.6337
0.56065
0.48551
0.40395
0.35135
0.33476
0.37801
0.44134
0.56832
0.65574
0.67374
0.6844
0.68409
0.68301
0.68847
0.70193
0.71311
0.71625
0.71613
0.71613
0.71613
0.71613
0.71613
0.71479
0.66411
0.58264
0.46587
0.30381
0.21714
0.22306
0.23003
0.22325
0.24313
0.30046
0.36829
0.43681
0.53233
0.60562
0.64539
0.65503
0.66121
0.671
0.68364
0.69521
0.70438
0.70843
0.70909
0.71003
0.71167
0.71305
0.70778
0.67587
0.6749
0.69997
0.71601
0.71686
0.71659
0.71614
0.71618
0.7162
0.71613
0.71613
0.71613
0.71613
0.71613
0.71613
0.71613
0.71613
0.71613
0.71613
0.71613
0.71613
0.71615
0.71619
0.71613
0.71613
0.71613
0.71613
0.71613
0.71613
0.71613
0.71613
0.71613
0.71613
0.71613
0.71613
0.71613
0.71618
0.71645
0.71661
0.7167
0.71684
0.71708
0.71655
0.71571
0.71462
0.7137
0.71149
0.70949
0.70799
0.70512
0.70464
0.70638
0.70805
0.70795
0.7086
0.70839
0.7086
0.70847
0.70996
0.7116
0.71239
0.71233
0.71221
0.7114
0.71024
0.71004
0.71128
0.71208
0.71247
0.71289
0.7126
0.71064
0.7074
0.69922
0.68977
0.68174
0.67668
0.66723
0.58282
0.50485
0.46692
0.42663
0.41208
0.45455
0.53295
0.60486
0.63292
0.65146
0.65567
0.66235
0.66962
0.67513
0.68225
0.69216
0.69838
0.69987
0.70245
0.70459
0.70649
0.70864
0.7115
0.71501
0.71715
0.71706
0.71618
0.71629
0.71515
0.71446
0.71494
0.71612
0.71631
0.71621
0.71613
0.71613
0.71613
0.71613
0.71613
0.71613
0.71613
0.71613
0.71613
0.71613
0.71613
0.71613
0.71613
0.71613
0.71613
0.71613
0.71618
0.71637
0.71689
0.71644
0.71341
0.70934
0.67188
0.61764
0.55215
0.47355
0.34644
0.22738
0.19173
0.20264
0.19172
0.1793
0.18044
0.20037
0.24295
0.28009
0.30523
0.34119
0.40405
0.45721
0.49403
0.51366
0.49446
0.44951
0.39692
0.36101
0.36227
0.41963
0.51041
0.58107
0.6362
0.66424
0.66541
0.6694
0.67447
0.67839
0.68117
0.68215
0.68389
0.69259
0.70115
0.7055
0.70786
0.7106
0.71361
0.7134
0.70524
0.69651
0.68548
0.6754
0.66116
0.6571
0.65489
0.65261
0.65426
0.65449
0.65266
0.64645
0.62711
0.58483
0.52519
0.47268
0.43628
0.43097
0.44866
0.46481
0.4781
0.53643
0.57725
0.58554
0.57913
0.56709
0.6436
0.68164
0.68556
0.68954
0.7038
0.71426
0.71635
0.71613
0.71613
0.71613
0.71613
0.71613
0.71613
0.71613
0.71613
0.71613
0.71626
0.7169
0.71684
0.71664
0.7166
0.71613
0.71615
0.71563
0.71162
0.7113
0.71604
0.71631
0.71613
0.71613
0.71613
0.71613
0.71613
0.71613
0.71613
0.71613
0.71613
0.71613
0.71613
0.71613
0.71613
0.71613
0.71613
0.71613
0.71613
0.71613
0.71613
0.71613
0.71629
0.71633
0.71656
0.71673
0.71702
0.71746
0.71528
0.71356
0.71041
0.70749
0.70606
0.70564
0.70585
0.70495
0.70101
0.68534
0.62397
0.5593
0.5046
0.46764
0.44137
0.42596
0.41608
0.39713
0.37691
0.36418
0.35875
0.34205
0.31037
0.26444
0.20114
0.13331
0.07875
0.06336
0.13619
0.31403
0.44495
0.48001
0.49986
0.51581
0.53396
0.55314
0.58184
0.62741
0.65369
0.66108
0.66325
0.66146
0.64901
0.62434
0.59373
0.55533
0.55963
0.59859
0.63458
0.63958
0.6468
0.65757
0.66213
0.66261
0.65987
0.65922
0.6591
0.65941
0.65819
0.65838
0.66153
0.66434
0.66435
0.66377
0.66364
0.66412
0.66629
0.6686
0.67298
0.68096
0.66496
0.60597
0.51743
0.40709
0.29252
0.2056
0.14186
0.10159
0.07024
0.05366
0.04886
0.06285
0.1029
0.18774
0.31432
0.42476
0.49266
0.53162
0.55758
0.59654
0.64482
0.6686
0.68358
0.69359
0.69842
0.70189
0.70535
0.70841
0.71026
0.71096
0.71065
0.71049
0.71075
0.71141
0.71278
0.71381
0.71508
0.7161
0.71628
0.71635
0.70365
0.66873
0.64701
0.62649
0.59474
0.53498
0.47814
0.42778
0.36991
0.31727
0.28212
0.25963
0.23522
0.20871
0.19047
0.18758
0.19275
0.20299
0.21385
0.21286
0.21838
0.23698
0.27379
0.32078
0.38335
0.45457
0.51849
0.56041
0.58418
0.60498
0.61738
0.62421
0.62762
0.63142
0.6298
0.6198
0.61284
0.59771
0.56062
0.508
0.4479
0.39204
0.34206
0.28619
0.23694
0.19881
0.169
0.14898
0.14166
0.14192
0.14935
0.16414
0.19176
0.23536
0.29369
0.3583
0.41681
0.47043
0.52469
0.57933
0.62378
0.64072
0.64745
0.64669
0.64759
0.65072
0.65454
0.65898
0.66545
0.6728
0.6785
0.68138
0.68295
0.68655
0.69082
0.69619
0.7024
0.70759
0.71029
0.71183
0.71342
0.71369
0.71368
0.71397
0.71457
0.71013
0.71059
0.71409
0.71553
0.71581
0.71438
0.70986
0.70144
0.6995
0.70372
0.7058
0.7073
0.70754
0.7086
0.71186
0.71303
0.71038
0.70842
0.70929
0.71241
0.71532
0.71624
0.71632
0.71613
0.71613
0.71613
0.71613
0.71613
0.71613
0.71613
0.71613
0.71635
0.71635
0.71637
0.71636
0.71636
0.71637
0.35319
0.26205
0.63636
0.71613
0.71613
0.71613
0.71613
0.71613
0.71613
0.71613
0.71613
0.71613
0.71613
0.71613
0.71613
0.71613
0.71613
0.71613
0.71613
0.71648
0.71711
0.71587
0.70775
0.68723
0.58457
0.44739
0.37089
0.44244
0.58135
0.66572
0.68859
0.69243
0.702
0.71131
0.7122
0.71098
0.71072
0.70794
0.69933
0.68002
0.64014
0.58209
0.49903
0.439
0.39938
0.3678
0.32727
0.28969
0.24987
0.23192
0.27024
0.38341
0.56321
0.63849
0.68244
0.68168
0.67917
0.67654
0.67421
0.67185
0.66907
0.66723
0.67303
0.68754
0.70132
0.70833
0.71022
0.71077
0.71006
0.70774
0.70595
0.70531
0.70564
0.70669
0.70823
0.70932
0.71025
0.71064
0.71041
0.70767
0.70217
0.66186
0.58534
0.49483
0.42049
0.37435
0.38825
0.42916
0.46336
0.52054
0.56189
0.59884
0.63962
0.6534
0.6625
0.67002
0.67234
0.67318
0.67496
0.67724
0.68046
0.68427
0.68878
0.69332
0.69581
0.69812
0.70203
0.7045
0.7086
0.71332
0.71625
0.71629
0.71613
0.7168
0.71724
0.71702
0.71664
0.71626
0.71613
0.71613
0.71637
0.71665
0.71664
0.71661
0.71631
0.71613
0.71613
0.71613
0.71613
0.71613
0.71613
0.71613
0.71613
0.71613
0.71613
0.71613
0.71613
0.71613
0.71613
0.71613
0.71613
0.71613
0.71613
0.71613
0.71613
0.71613
0.71613
0.71613
0.71613
0.71613
0.71613
0.71613
0.71613
0.71613
0.71613
0.71613
0.71613
0.71613
0.71613
0.71613
0.71613
0.71613
0.71613
0.71613
0.71613
0.71613
0.71613
0.71613
0.71613
0.71613
0.71613
0.71706
0.70388
0.64303
0.57902
0.49795
0.38426
0.27469
0.1848
0.10992
0.06319
0.03691
0.02791
0.02404
0.0214
0.0293
0.04542
0.07139
0.10278
0.14275
0.18492
0.22156
0.23578
0.23541
0.24111
0.26121
0.29565
0.33898
0.38645
0.42637
0.46219
0.4868
0.50933
0.53668
0.57787
0.62025
0.64211
0.65688
0.66728
0.67468
0.6755
0.67528
0.67689
0.67945
0.68163
0.68212
0.68395
0.68501
0.68508
0.68437
0.68293
0.68244
0.68883
0.69439
0.69535
0.69451
0.69361
0.68926
0.68633
0.68433
0.68134
0.67877
0.66633
0.63774
0.61688
0.63971
0.67306
0.67993
0.67617
0.68019
0.68893
0.6897
0.69118
0.69796
0.70326
0.70441
0.7064
0.7094
0.71169
0.71278
0.71367
0.71497
0.71608
0.71635
0.7165
0.7165
0.71635
0.71633
0.71631
0.71631
0.71634
0.71638
0.71633
0.71622
0.71618
0.71615
0.71615
0.7163
0.71642
0.71655
0.7166
0.71172
0.70225
0.70028
0.71475
0.71229
0.7122
0.71144
0.71102
0.71146
0.71136
0.71136
0.71241
0.71351
0.71557
0.71715
0.71697
0.71681
0.71646
0.71657
0.71646
0.71609
0.71608
0.71596
0.71552
0.71566
0.71627
0.71634
0.71635
0.71636
0.71636
0.71694
0.71758
0.71453
0.67635
0.63514
0.59142
0.5437
0.48432
0.43559
0.4233
0.41147
0.38457
0.4044
0.43485
0.47641
0.50757
0.43607
0.3306
0.30242
0.57159
0.65091
0.69337
0.68653
0.6657
0.61034
0.55338
0.49388
0.40746
0.3008
0.21756
0.16678
0.13821
0.13794
0.1357
0.12117
0.09543
0.06977
0.04173
0.02741
0.01745
0.01267
0.01098
0.02698
0.05807
0.1089
0.16298
0.23106
0.29814
0.34532
0.36725
0.36852
0.35696
0.34158
0.33366
0.31504
0.29178
0.26936
0.24216
0.2174
0.19619
0.17288
0.15069
0.13166
0.11026
0.09101
0.08376
0.07753
0.06581
0.04839
0.0289
0.00942
0.00133
0.00017
7.00E-05
6.00E-05
6.00E-04
0.00477
0.01265
0.01928
0.02406
0.02967
0.04052
0.07263
0.13966
0.24752
0.36562
0.45903
0.51749
0.55171
0.58156
0.59533
0.6044
0.61238
0.61874
0.62434
0.62568
0.62211
0.6208
0.6199
0.62021
0.61613
0.61074
0.60038
0.56804
0.54396
0.53275
0.53684
0.55799
0.57507
0.58325
0.59473
0.62316
0.65218
0.67434
0.68282
0.68036
0.67301
0.63989
0.60735
0.55326
0.49974
0.49094
0.52506
0.59088
0.65877
0.68014
0.69211
0.69531
0.69495
0.6928
0.69039
0.69448
0.69904
0.70331
0.70673
0.70824
0.70795
0.70533
0.70085
0.69416
0.68845
0.6865
0.68565
0.68339
0.6749
0.65857
0.6698
0.6825
0.69039
0.68482
0.6761
0.67777
0.6806
0.6799
0.67795
0.67827
0.68654
0.69461
0.69912
0.70149
0.70011
0.70075
0.70388
0.70559
0.70463
0.70282
0.70069
0.69867
0.6991
0.6999
0.70053
0.70131
0.70094
0.69959
0.69876
0.69779
0.69472
0.69261
0.6934
0.69343
0.69416
0.69586
0.69817
0.6994
0.70009
0.70044
0.70028
0.70028
0.7004
0.7011
0.70329
0.70486
0.70563
0.70661
0.70691
0.70477
0.7028
0.70011
0.69841
0.69856
0.70079
0.70199
0.70221
0.70205
0.70277
0.7032
0.70323
0.70194
0.70054
0.69993
0.70057
0.70138
0.70354
0.70643
0.70935
0.71154
0.71331
0.71415
0.71494
0.71571
0.71652
0.71678
0.71665
0.71635
0.71635
0.71626
0.71635
0.71637
0.71629
0.71613
0.71613
0.71613
0.71613
0.71613
0.71613
0.71616
0.71615
0.70637
0.69356
0.69229
0.70193
0.71566
0.71664
0.71608
0.71554
0.71032
0.70824
0.7149
0.71635
0.71613
0.71613
0.71613
0.71613
0.71613
0.71613
0.71613
0.71613
0.71613
0.71613
0.71613
0.71613
0.71613
0.71613
0.71613
0.71613
0.71613
0.71613
0.71613
0.71613
0.71613
0.71613
0.71613
0.71613
0.71662
0.71656
0.71281
0.70689
0.69878
0.69156
0.68281
0.66099
0.66489
0.66951
0.67475
0.67762
0.67595
0.67577
0.67629
0.67983
0.68415
0.68753
0.69199
0.6964
0.69892
0.70145
0.70215
0.70181
0.70089
0.7015
0.70452
0.7095
0.71478
0.71627
0.71626
0.71613
0.71613
0.71613
0.71613
0.71661
0.71661
0.71666
0.71679
0.71714
0.71705
0.71626
0.71404
0.71014
0.7017
0.69247
0.68423
0.67413
0.65679
0.63672
0.55886
0.49116
0.42334
0.38371
0.43994
0.52885
0.63428
0.68506
0.68751
0.68384
0.68728
0.69847
0.71405
0.71637
0.71613
0.71613
0.71613
0.71613
0.71625
0.71561
0.71138
0.70561
0.70314
0.70328
0.70151
0.69667
0.68889
0.68329
0.67901
0.67579
0.67553
0.67832
0.68491
0.69579
0.70261
0.70553
0.70568
0.70526
0.70678
0.71009
0.71363
0.71579
0.71629
0.71635
0.71374
0.71495
0.69497
0.65982
0.62406
0.5662
0.50526
0.40066
0.24276
0.11919
0.06642
0.05611
0.05117
0.05054
0.04908
0.05099
0.05907
0.07882
0.11714
0.17713
0.24571
0.31652
0.37924
0.43586
0.49443
0.54877
0.59373
0.62739
0.6657
0.68597
0.69357
0.69805
0.6995
0.70034
0.70096
0.70148
0.70168
0.70143
0.69956
0.69642
0.69305
0.68972
0.68919
0.69008
0.68712
0.67876
0.6546
0.59522
0.51096
0.40215
0.31429
0.24439
0.22971
0.25544
0.29481
0.32881
0.37587
0.42201
0.45608
0.47675
0.48816
0.50294
0.54588
0.60609
0.63984
0.66605
0.68038
0.69142
0.70001
0.70572
0.70793
0.70842
0.70879
0.70916
0.71002
0.71144
0.7146
0.71662
0.71658
0.71629
0.71609
0.71609
0.71635
0.7168
0.7171
0.71732
0.71686
0.71617
0.71596
0.7155
0.71514
0.71491
0.71517
0.71574
0.71544
0.71547
0.71345
0.70667
0.69712
0.68705
0.67388
0.65996
0.64721
0.63644
0.62959
0.63238
0.63756
0.64048
0.64174
0.71732
0.71686
0.71617
0.71596
0.7155
0.71514
0.71491
0.71517
0.71574
0.71544
0.71547
0.71345
0.70667
0.69712
0.68705
0.67388
0.65996
0.64721
0.63644
0.62959
0.63238
0.63756
0.64048
0.64174