1,01032592
1,00213367
1,04916324
1,06676140
1,10028893
1,00744346
1,02064208
0,99606534
1,02473821
1,00789859
1,05341107
1,06145161
1,09209669
1,14974584
1,20390569
1,24805281
1,07798782
0,92764491
0,78519083
0,88243584
1,05280424
1,07692586
1,10468848
1,16855766
0,90579891
1,02049038
1,11561147
1,14640825
1,10271627
1,12016272
1,10241285
1,17705333
1,22620681
1,26944367
1,29523408
1,27475346
1,24956989
1,24608060
1,19692711
1,18949341
1,19252757
1,01123617
1,01609084
1,04233637
1,10635727
0,97770864
0,93416836
0,86817526
0,93629228
1,06843019
1,07692586
1,03004800
0,95753144
0,98605260
1,03778512
1,01897329
1,11060510
1,25321089
1,28643500
1,14337409
1,18736949
1,19814078
1,13487842
1,03338558
0,95904852
0,73194122
0,68900777
0,75090475
0,91990778
1,00926396
1,01214642
1,09027619
1,08420786
1,10044064
1,02822750
1,02094550
1,05280424
1,01260155
1,00835371
0,98696285
0,98529405
1,13366476
1,19055536
1,22089702
1,07025069
1,07601561
1,07085753
1,07631903
0,88349779
0,67671940
0,57901926
0,61573267
0,62225613
0,60981605
0,55156007
0,64061283
1,25761043
1,29144138
1,32163132
1,24410839
1,29022771
1,44709408
1,33209920
1,27642225
1,30903954
1,15460050
1,18782462
1,21983506
1,26868513
1,21695261
1,08997277
1,06751995
0,82812427
0,41669140
0,61148484
0,66079003
0,79763090
0,96663394
1,01791134
1,05386620
0,89153833
0,97118518
0,95449727
0,92005949
0,83222039
0,88061534
0,91262579
0,99378972
1,01791134
1,00107172
1,16415812
1,20587790
1,26898855
1,28249059
1,29659946
1,25912751
1,21573894
1,08420786
1,00789859
1,20678815
1,45771366
1,38413514
1,34271878
1,47136740
1,40082305
1,47531182
1,42297246
1,37169506
1,22651023
1,41751096
1,45816878
1,23424735
1,23500589
1,14853217
1,10954314
1,05674866
1,12653447
1,29644775
1,35394519
1,18600412
1,20071982
1,08845569
1,16734400
1,29447554
1,62064836
1,51718330
1,42039342
1,52886484
1,44405991
1,52416189
1,56512312
1,41660071
1,48107673
1,47743573
1,41220117
1,30630879
1,35773790
1,41644900
1,37245360
1,28067009
1,34818027
1,34878711
1,36532331
1,27854617
1,35758619
1,35136615
1,33528507
1,32102449
1,41113921
1,29872337
1,26034118
1,48213869
1,45953416
1,43268179
1,38868639
1,34939394
1,34848369
1,41371825
1,48987581
1,35986181
1,45528632
1,39672693
1,42813054
1,35136615
1,39748547
1,39945767
1,45634828
1,44648724
1,37639802
1,52476872
1,42722029
1,38959664
1,27611884
1,01457375
1,19222416
1,34469098
1,20345057
1,21088428
1,15945517
1,00456101
1,03399241
1,08875911
1,23273027
1,23849518
1,18084603
1,18600412
1,11910076
1,18509387
1,10226114
1,15687613
1,14610484
1,15293171
1,03414412
1,16961962
1,04279149
0,91035016
0,93932644
1,00835371
0,99758243
0,85543176
1,07419511
1,07662244
1,09770989
1,07768440
1,03217191
1,10923972
1,17341233
1,22620681
1,24441181
1,24714256
1,31389420
1,27369151
1,20967061
1,25063185
1,20466424
1,17007475
1,16066883
1,15960687
1,15141463
1,15551075
1,17720504
1,13867113
1,16961962
1,13821601
1,17326062
1,01518059
1,06494090
0,97634327
0,90655745
1,01791134
1,20542278
1,05219741
0,96041390
1,16066883
1,11166706
1,10028893
1,14200871
1,20496765
1,15960687
1,24456351
1,35045590
1,49624756
1,44512187
1,28051838
1,18084603
1,23530931
1,21771115
1,24941818
1,36547502
1,46575420
1,42858567
1,33331286
1,26883684
1,47804257
1,47000203
1,21634577
1,13457501
1,36501989
1,51354231
1,57923199
1,56876412
1,55738600
1,41098750
1,22590340
1,04157783
0,93507861
0,87211967
0,93492690
1,05841745
1,07146436
1,12122468
1,28385596
1,34438757
1,34469098
1,29720629
1,27854617
1,10741922
1,20739498
1,30539854
1,21831798
1,25199722
1,32769966
1,36790235
1,31177029
1,32952015
1,27900130
1,23652298
1,17690162
0,99060384
0,72693484
0,97983256
1,08041515
1,20891207
1,22241410
1,23455077
1,30691562
0,95616606
1,02807579
1,08238736
0,94994602
1,00456101
1,25624505
1,37215018
1,33043040
1,32254157
1,31859716
1,37533606
1,38034243
1,34863540
1,34954565
1,32390695
1,33179578
1,29265504
1,23106148
1,14822875
1,15247659
1,23743323
1,36593014
1,33300945
1,26823001
1,30706733
1,30858441
1,25063185
1,17432258
1,15460050
1,27763592
1,27035392
1,42737200
1,36046865
1,46029270
1,46985032
1,39141714
1,43237837
1,39794059
1,32633428
1,03323387
0,78701132
0,63105521
0,91474970
0,96481344
1,21224965
1,29022771
1,33953290
1,32739624
1,48820702
1,50095052
1,48699336
1,40780163
1,28279400
1,24820451
1,38125268
1,46545078
1,55131767
1,53614684
1,55935821
1,60289849
1,72289974
1,65281051
1,59789211
1,55268304
1,51779014
1,37017798
1,34089828
1,60820828
1,60927023
1,44754920
1,45695511
1,41796609
1,47622207
1,48046990
1,45012824
1,47652548
1,43298521
1,50186077
1,58014224
1,57286025
1,71986557
1,79405093
1,75187602
1,69680591
1,65402418
1,73336761
1,82090329
1,72016899
1,59061011
1,46120295
1,59258232
1,57574270
1,59652674
1,49321340
1,52492043
1,37078481
1,66585742
1,72001728
1,64476997
1,56390946
1,49913002
1,53462976
1,00941567
0,51515008
0,26847240
0,70084102
1,01973184
0,86286547
0,61937367
0,75682138
0,60025842
0,58053635
0,60556821
0,74969109
0,76000725
0,59191447
0,83692335
0,96056560
1,24228789
1,36350281
1,36577844
1,32436207
1,35242811
1,28962088
1,36926773
1,39232739
1,04643249
0,79763090
0,82675890
0,83813702
0,93705082
0,76106921
0,53016920
0,52865211
0,45021893
0,35176025
0,45734922
0,69097998
0,70190298
0,65123241
0,85710055
0,95070457
1,19161732
1,42145538
1,40507088
1,35000077
1,38368001
1,38413514
1,23925372
1,27353980
1,02746896
0,85543176
0,91050187
1,05932770
1,11454951
1,11591489
1,07389169
1,15050438
1,02913775
0,86969234
0,84951514
1,06630628
1,02837921
1,01958013
1,19647199
1,26261680
1,39581668
1,56497141
1,58484520
1,54084980
1,51976235
1,49928173
1,52203797
1,54009126
1,32603086
1,02655871
1,02140063
1,10484018
1,12577593
1,15657271
0,85163905
0,84981855
0,77715029
0,80597486
0,77593662
0,74559496
0,97831547
0,95555923
1,12972034
1,26094801
1,34514611
1,44072233
1,58772766
1,52188626
1,34909052
1,30661220
1,32011424
1,38716930
1,20041640
0,83267552
0,82463498
0,90928820
0,81128465
0,83722677
0,65487341
0,75120817
0,89260029
0,82812427
0,65017045
0,82933794
0,77350929
0,74225738
1,07571219
1,34696661
1,36577844
1,45103849
1,07571219
1,01275325
1,03232362
1,07495365
1,07601561
1,20087153
1,36031694
1,45725853
1,44284624
1,37624631
1,35257981
1,19586515
1,07935319
1,11454951
1,14610484
1,25594164
1,26428559
1,29432383
1,24198447
1,22013848
1,31935570
1,48684165
1,39520984
1,28643500
1,27763592
1,23712981
1,30221266
1,25427284
1,28901404
1,32178303
1,44451504
1,52871313
1,52264480
1,63900506
1,49002752
1,36699210
1,30767416
1,42388271
1,46666445
1,45467949
1,43465400
1,33604361
1,26079630
1,25639676
1,29037942
1,27217442
1,26868513
1,24077081
1,18418362
1,25305918
1,26944367
1,28279400
1,40931871
1,51430085
1,38550051
1,07768440
1,12137639
1,21543552
1,29644775
1,36593014
1,45407266
1,48593140
1,49988856
1,48744848
1,56512312
1,43768816
1,41766267
1,48411090
1,54706984
1,59622332
1,56694362
1,54145663
1,77402543
1,78024547
1,77159810
1,68466925
1,70439133
1,63824652
1,59622332
1,50929447
1,46120295
1,42615833
1,45225216
1,41295971
1,50504664
1,51900380
1,42509637
1,35470373
1,35227640
1,13184426
1,02853092
1,06509261
1,21088428
1,29750971
1,21240136
1,25048014
1,38807955
1,41022896
1,50095052
1,49882660
1,57847345
1,64416314
1,53766392
1,33300945
1,40340209
1,51976235
1,52734776
1,63475723
1,74277353
1,85716157
1,86277478
1,87627682
1,84077708
1,71076308
1,69953666
1,80133292
1,94060113
1,76401269
1,69741275
1,59683015
1,46939519
1,45589316
1,36153060
1,42130367
1,39976109
1,36046865
1,47546353
1,34317390
1,25912751
1,50368127
1,58590716
1,52598238
1,57953541
1,60441557
1,50565347
1,45255557
1,31874887
0,91793558
0,83009648
0,85619030
1,18676266
1,12759643
1,18676266
1,13047888
1,17417087
1,28810379
1,05007349
0,81295344
0,72511434
1,08147711
1,12061785
1,05932770
1,00653321
1,11985930
1,17326062
0,97634327
1,02322113
1,10939143
1,16552350
0,74726375
0,76804779
0,65548024
0,64076454
0,71601185
0,90382670
1,09194498
1,03475096
1,15353854
1,16339958
1,20466424
1,30979808
1,32269328
1,34575294
1,47076057
1,54858692
1,51399743
1,41250459
1,37230189
1,27460176
1,19814078
1,35485544
1,48395919
1,40840846
1,23379223
1,28294571
1,04446029
1,05796232
1,17857041
1,42251733
1,31616983
1,33422311
1,36259256
1,26716805
1,36896431
1,42873737
1,37654972
1,20785011
1,24410839
1,48335236
1,38565222
1,28127692
1,23986056
1,28901404
1,34226365
1,25594164
1,28324913
1,30570195
1,21042915
1,18327337
1,16764741
1,13214767
1,20102324
1,34696661
1,34939394
1,17690162
1,27566371
1,59925749
1,66191301
1,63930847
1,63020598
1,66889159
1,55829625
1,31055662
1,09224840
1,16886108
1,23697810
1,27627055
1,26064459
1,33225090
1,39278251
1,46529907
1,35197298
1,27854617
1,14777363
1,11212218
1,07965661
1,19662370
1,21543552
1,21664919
1,21422186
1,33179578
1,28279400
1,24865964
1,22757219
1,40446405
1,34878711
1,13700234
0,85179076
0,79277624
0,86134838
0,88926271
0,82812427
0,81993202
0,82417985
0,79717578
0,78807328
0,84253656
0,70766789
0,57780560
0,51135737
0,59373497
0,79004549
0,84557072
1,07829123
1,11181876
1,18342508
1,07980832
1,07040240
1,13123743
1,03778512
0,75757992
0,46812051
0,40652694
0,49831046
0,61209167
0,66534128
0,73057584
0,77396441
0,73042413
0,58599785
0,60207892
0,42685585
0,55080152
0,39408686
0,57628852
0,59510034
0,61027117
0,81553248
0,72890705
0,93113420
0,94842894
0,94797382
0,93932644
0,89533104
0,68460823
0,51226762
0,43944764
0,69006973
0,74938767
0,77548149
0,97148860
1,01244984
1,12304518
1,09103473
1,10802606
0,99849268
0,84754293
1,01017421
1,37882535
1,47971136
1,50079881
1,39217568
1,40294697
1,44026720
1,36350281
1,30130241
1,31920399
1,39126543
1,34848369
1,09331035
1,07085753
1,02033867
1,09543427
1,16309617
1,30297120
1,43404716
1,52552726
1,40127817
1,22666194
0,99879609
0,84739122
0,74756717
0,96951639
0,94918748
0,89912375
0,97770864
1,01760792
0,95298019
1,02989629
1,07798782
1,14261555
1,26656122
1,38868639
1,34378073
1,36350281
1,38641076
1,46089953
1,49017923
1,45058337
1,55389671
1,69999179
1,62671669
1,50231589
1,34362903
1,19207245
1,33574019
1,46575420
1,49609585
1,47349132
1,37032968
1,27384321
1,39384447
1,40416063
1,37048139
1,31844545
1,30372975
1,37730826
1,31541128
1,49078606
1,61897956
1,71925874
1,69316492
1,66085105
1,59728528
1,63642602
1,63415039
1,34787686
1,11819051
1,07556048
1,19768565
1,43692962
1,48760019
1,45801707
1,40294697
1,32633428
1,31359078
1,26883684
1,13214767
1,22241410
1,37563947
1,56557825
1,52552726
1,37563947
1,38398343
1,43070958
1,41417338
1,48183527
1,49336510
1,47925623
1,46150636
1,37563947
1,27551200
1,16066883
1,03126166
1,21376673
1,27733250
1,21315990
1,18114945
1,71880362
1,64401143
1,56117871
1,52992680
1,54191175
1,62353081
1,49533731
1,09770989
1,14337409
1,18251483
1,24714256
1,26565097
1,33665044
1,32542403
1,28127692
1,21240136
1,05174228
0,98134964
0,93659569
0,95722802
0,93022395
1,03126166
1,26307193
1,40689138
1,02018696
1,07647073
1,09088302
1,00516784
0,97573643
0,85103222
0,62938642
0,45871459
0,51636374
0,55975231
0,63090350
0,66427932
0,64546749
0,61967709
0,72966559
0,60025842
0,56855139
0,49406262
0,49087675
0,61740146
0,67838819
0,85467322
1,00759517
1,13548526
1,23819177
1,27323638
1,21422186
1,06099649
1,08481469
1,21376673
0,79960311
0,54200244
0,46812051
0,77093025
0,67231986
0,73391342
0,85103222
0,84784635
0,80445778
0,57006848
0,40334107
0,13451399
0,38771512
0,42715927
0,54382294
0,93689911
1,04324662
1,11606660
1,15793808
1,09331035
1,18645924
1,23439906
1,23758493
1,41129092
1,16582691
0,85345955
0,89351054
0,94964261
1,03065483
1,33179578
1,59576820
1,54160834
1,63354356
1,48244211
1,34802857
1,09088302
1,10590214
1,24380497
1,49275827
1,35606910
1,39445130
1,45331412
1,50170906
1,44936970
1,50201248
1,46696786
1,37397068
1,47212594
1,55708258
1,63885335
1,62777864
1,65023147
1,62398594
1,58985157
1,67238088
1,70317766
1,70075033
1,59076182
1,47910452
1,32982357
1,40810505
1,49579244
1,63824652
1,61321465
1,59303745
1,56299921
1,52082430
1,47455328
1,50565347
1,50899106
1,43647450
1,45483120
1,56208896
1,62899231
1,67374626
1,73276078
1,80193976
1,77174981
1,88189002
2,03450856
2,05134818
2,00932498
1,71865191
1,46954690
1,33816753
1,43677791
1,56648850
1,59591990
1,48335236
1,47713232
1,52552726
1,48714506
1,46378199
1,42175879
1,56785387
1,65372076
1,59713357
1,38398343
1,38170781
1,53569172
1,59318916
1,65493443
1,73882911
1,76947418
1,76097852
1,62580644
1,42069683
1,29659946
1,32056937
1,26307193
1,35864815
1,46423711
1,31495616
1,32785136
1,27520859
1,23075806
1,19541003
1,06858190
1,09953039
1,16097225
1,04749445
0,79004549
0,81750469
0,94418111
0,90655745
0,78018445
0,91019845
0,94645673
0,90033741
0,76486191
0,78989378
0,72465922
0,72056310
0,73755442
1,02094550
1,07616732
1,07889807
1,20633303
1,40082305
1,33604361
1,32754795
1,28400767
1,34241536
1,49609585
1,23697810
1,09482744
0,90868137
0,96997152
1,00304392
0,99621705
1,23439906
1,41098750
1,52704434
1,48153186
1,27824275
0,94539478
1,11045339
1,19905103
1,42524808
1,43131641
1,52097601
1,58727253
1,61473173
1,50792910
1,44497016
1,38504539
1,46681615
1,63672943
1,57316366
1,30418487
1,39642351
1,53508488
1,65569297
1,68026971
1,77827326
1,80467051
1,81544179
1,76067510
1,55996504
1,42949592
1,43708133
1,44026720
1,51733501
1,56830900
1,56770216
1,58044566
1,57392220
1,59607161
1,59819553
1,53326438
1,61442832
1,58803107
1,65523784
1,52658922
1,60866340
1,61154586
1,76856393
1,84987958
1,94272505
1,92269955
1,83076433
1,58924474
1,37366727
1,18190799
1,15778638
1,32193474
1,38625905
1,32587916
1,37336385
1,35151786
1,34969736
1,31010149
1,31799033
1,40097476
1,40142988
1,55450354
1,59258232
1,56406116
1,53887759
1,59106524
1,55571721
1,60198824
1,66676767
1,63308843
1,56133042
1,43526083
1,39156884
1,09482744
0,93978157
0,92021120
1,14959413
1,17826699
1,13214767
0,94008499
1,20147836
1,23986056
1,24774939
1,21498040
1,12805155
1,31708008
1,53554001
1,49488219
1,50110223
1,58226616
1,61306294
1,66676767
1,70120545
1,80102951
1,72472024
1,48502115
1,28036667
1,21907652
1,14504288
1,24926647
1,44072233
1,46620932
1,41887634
1,32542403
1,50155735
1,51976235
1,49715781
1,50626031
1,51445256
1,66949842
1,59531307
1,60729803
1,65933397
1,59789211
1,57725979
1,43920525
1,35500715
1,19798907
1,14929071
0,86635476
0,71130889
0,52076328
0,64789483
0,89836521
1,20587790
1,31040491
1,36866089
1,53159559
1,43935695
1,42039342
1,49366852
1,39657522
1,43283350
1,62368252
1,61018048
1,39369276
1,41447679
1,60198824
1,77994206
1,80876663
1,77387372
1,76735027
1,66191301
1,49548902
1,29144138
1,11333585
1,04188124
1,04885983
1,28749696
1,28218717
1,28294571
1,32678941
1,37366727
1,29128967
1,20056811
1,15095950
1,19541003
1,31010149
1,07176778
0,96906127
1,05765891
1,23348881
1,24152935
1,36729552
1,57574270
1,58165933
1,48456602
1,22150386
0,92567270
0,58539101
0,42913148
0,39287320
0,57416460
0,86074155
0,94418111
0,94296744
0,95176652
0,95768315
0,88289096
0,93462349
0,94676015
1,10286798
0,88016021
0,81704957
1,05568670
1,29219992
1,56633679
1,70287425
1,69362004
1,82348233
1,92345809
1,73200224
1,63217818
1,43935695
1,18554899
1,23424735
1,47682890
1,50140564
1,45210045
1,45619657
1,55071084
1,50944618
1,42388271
1,39976109
1,40598113
1,48608311
1,38732101
1,21543552
1,20360228
1,40916700
1,51824526
1,53402292
1,56800558
1,60820828
1,62277227
1,56481971
1,43981208
1,28673842
1,06797507
1,10817777
1,38792784
1,44921799
1,51581793
1,45725853
1,32041766
1,24137764
1,26064459
1,24304643
1,25730701
1,36744723
1,45558974
1,41614559
1,48653823
1,59819553
1,69968837
1,82029646
1,97701112
2,02859194
2,01918602
1,82181354
1,65190026
1,45665170
1,28749696
1,28764867
1,57058462
1,77402543
1,83622583
1,77083956
1,69589566
1,68391071
1,72123095
1,72502366
1,74717307
1,80072609
1,88143490
1,94302846
1,87475973
1,91814830
1,81862767
1,86414015
1,92876788
1,88644127
1,92406493
1,81346959
1,71410066
1,74960040
1,59956090
1,50337785
1,36198573
1,37533606
1,36228914
1,50990131
1,76552977
1,77963864
1,80603588
1,60305019
1,60320190
1,92376151
1,60805657
1,39111372
1,44269454
1,61184927
1,77933522
1,81923450
1,97792137
1,90403943
1,84790737
1,60972536
1,42737200
1,36820577
1,11667343
1,08891081
1,29477896
1,33634703
1,43677791
1,47531182
1,49457877
1,43086129
1,36122719
1,27278126
1,32982357
1,46802982
1,28324913
1,16051712
1,24274302
1,57650124
1,75506190
1,76386098
1,74580769
1,72426511
1,56588166
1,25578993
1,15035267
0,93401665
0,78063958
0,88774563
1,11652172
1,17295720
1,19419636
1,34984907
1,36638527
1,37958389
1,31647324
1,25927922
1,32421036
1,32314841
1,10969485
0,99621705
1,15808979
1,35743448
1,55799283
1,55723429
1,56026846
1,53933271
1,55511038
1,49154460
1,37275702
1,12410714
0,96890956
0,99788584
1,11409439
1,27960813
1,33543678
1,40856017
1,36835748
1,31905228
1,26671292
1,19176903
1,24759768
1,23015123
1,10135089
0,87333334
0,91535653
1,11758368
1,34954565
1,36987456
1,41781438
1,44921799
1,38747272
1,35849644
1,05250082
0,59692084
0,30609606
0,40349278
0,69295219
0,90246133
1,00638151
1,03035142
1,21513211
1,21846969
1,19116220
1,09270352
1,18281824
1,26792659
1,09786160
0,85179076
0,90064083
1,10726752
1,26474072
1,26853342
1,34590465
1,37169506
1,27020221
1,20375399
1,00789859
0,66170028
0,31974980
0,61982879
0,89957887
1,09497914
1,22590340
1,27884959
1,17128841
1,15900004
1,13503013
1,18918999
1,25032843
1,31434933
1,33058211
1,44208770
1,56421287
1,64886610
1,65690664
1,76188877
1,87642853
1,85397570
1,75051065
1,48471773
1,24243960
1,09027619
1,04339833
1,03793683
1,32147962
1,33771240
1,31859716
1,27050563
1,42221392
1,56572996
1,60138140
1,59531307
1,56664021
1,59591990
1,62140690
1,71941045
1,79875388
1,96168858
2,09306796
1,90206723
2,02055140
1,94196650
1,55146938
1,14428434
0,99287947
0,84435706
0,76137262
1,18054262
1,33118895
1,27718080
1,18266653
1,11758368
1,26959538
1,21877311
1,14473946
1,12046614
1,10013723
1,14564971
0,88759392
0,82842769
0,75318038
1,07525707
1,20011299
1,32375524
1,40840846
1,36289598
1,31086004
1,07662244
0,76850291
0,44657793
0,06245255
0,34493338
0,84086777
1,15960687
1,23955714
1,36350281
1,41811779
1,39323763
1,33331286
1,28855892
1,42919250
1,46757469
1,19996128
1,01427034
1,12896180
1,26185826
1,40112647
1,46272003
1,46878836
1,43040616
1,45968586
1,39520984
1,17250208
0,92916199
0,55338056
0,67778136
0,92810003
1,17007475
1,35242811
1,42009000
1,53189901
1,47622207
1,47895282
1,41326313
1,37533606
1,42843396
1,23197173
1,05963111
1,14671167
1,46089953
1,57437733
1,59910578
1,71076308
1,70894258
1,67541505
1,51202522
1,38929322
0,92172828
0,41760165
0,31186097
0,71919772
0,74043688
0,84056435
0,85467322
0,99424484
0,93492690
0,91793558
0,88547000
0,91732874
0,99985805
0,63727525
0,52774186
0,70948839
1,03156508
1,27171930
1,44026720
1,47060886
1,49533731
1,41660071
1,41007725
1,12228664
0,84708781
0,57461972
0,58554272
0,89927546
1,07813953
1,12805155
1,10559872
1,16840596
1,17523283
1,17432258
1,11970760
1,10135089
1,22347606
0,92415562
0,87970509
0,92051462
1,35030419
1,57817004
1,60289849
1,76037169
1,74762819
1,66676767
1,57832174
1,43723304
1,09770989
0,80278899
0,77821224
0,99712730
1,14170530
1,18327337
1,15869662
1,34802857
1,28764867
1,26337534
1,35667594
1,36350281
1,41902804
1,44633553
1,54130492
1,58135591
1,56755046
1,55844796
1,66069934
1,54722154
1,61230440
1,62049665
1,64901780
1,53629855
1,37427410
1,06888532
1,07586390
1,32163132
1,45043166
1,30752245
1,21133940
1,08011173
1,15566246
1,20663644
1,18281824
1,13411988
1,13503013
1,31662495
1,30994979
1,38868639
1,30903954
1,36759893
1,37609460
1,47030544
1,43556425
1,64810755
1,45877561
1,27429834
1,10544702
0,95358702
0,90003400
1,13654722
1,20496765
1,17204695
1,36137889
1,49154460
1,46711957
1,40704309
1,33452653
1,33953290
1,28249059
1,07707757
1,10635727
1,04946666
1,32815478
1,43344033
1,61124244
1,86853969
1,86611236
1,76901906
1,49336510
1,35637252
1,05735549
0,90640575
0,88653196
1,14868388
1,23348881
1,25123868
1,29781312
1,31662495
1,27384321
1,27581542
1,08314590
1,16704058
1,08147711
1,15975858
1,17068158
1,23212344
1,49473048
1,44663895
1,51126668
1,52856143
1,53235413
1,52810630
1,49988856
1,38140439
1,08435956
0,82918623
0,88167730
1,08087027
1,30934295
1,33482994
1,15854492
1,23940543
1,21528382
1,09846844
1,01851817
1,05113545
1,23591614
1,02868262
1,07950490
1,23606785
1,76795710
1,92876788
1,87673194
1,98383799
1,98338287
1,89903306
1,79511288
1,38959664
0,83919897
0,48556696
0,58539101
1,04021245
1,40355380
1,42024171
1,42979933
1,42069683
1,30873612
1,21194623
1,02731725
0,98802480
1,22029019
0,94357428
1,01927671
1,26337534
1,56755046
1,63854993
1,68466925
1,73412615
1,77569422
1,78737576
1,60866340
1,13503013
0,55944890
0,27529928
0,32384593
0,52819699
0,77411612
1,11576318
1,19874761
1,20496765
1,21179452
1,11970760
0,78792157
0,45188772
0,56627577
0,41896702
0,52698332
0,96132415
1,19207245
0,55216690
1,22726877
1,54646300
1,64492168
1,41007725
1,32436207
1,04582566
0,54367123
0,16713127
0,27939540
0,90382670
1,22651023
1,23925372
1,20284374
1,03323387
1,05690037
1,10923972
1,05143887
1,08526981
1,07768440
1,16537179
1,22787560
1,15551075
1,21877311
1,26640951
1,25366601
1,35182127
1,36213744
1,31268054
1,24608060
1,19980957
1,15414538
1,08117369
1,05690037
1,15217317
1,20481594
1,11030168
1,22241410
1,38383172
1,37108823
1,40461576
1,34438757
1,35561398
1,17432258
1,34317390
1,37897706
1,48972410
1,40431234
1,37123993
1,32694111
1,37397068
1,28067009
1,22408290
1,05872086
0,73497538
0,56081427
0,73740272
0,82099398
0,96208269
0,97194373
0,94676015
0,98711455
1,03611633
1,02018696
0,99090726
0,93735424
0,93583715
0,93098249
0,86544451
0,82630377
1,02185575
1,15065609
1,26155484
1,27581542
1,26094801
1,25594164
1,19541003
1,17750845
0,95131140
0,54018194
0,32976255
0,32035664
0,46023168
0,51621203
0,73027243
0,91990778
0,90549550
0,87181626
0,79899628
0,78079128
0,82387644
0,81689786
0,45886630
0,46781709
0,61846342
0,76850291
0,90064083
1,08162882
1,34833198
1,30342633
1,21801456
0,99667218
0,74316763
0,49269725
0,27241682
0,19504559
0,25724599
0,46083851
0,59919647
0,83419260
0,91869412
0,95055286
0,86028643
0,81249832
0,90413012
1,04643249
0,82296619
0,84541901
1,03126166
1,25988605
1,33574019
1,42706858
1,43192325
1,47516011
1,39581668
1,25639676
1,00258880
0,87576067
0,69037315
0,69886881
0,78610107
0,86362401
0,99242434
0,80172703
0,88547000
0,91171554
0,90261304
0,83677164
0,88592513
0,91050187
0,91338433
0,83146185
0,82797256
0,87211967
0,82281448
0,82417985
0,79565870
0,89533104
0,94038840
0,76607558
0,79216941
0,88016021
0,77578491
0,63317912
0,96678564
0,99940292
1,12304518
1,05007349
0,95965535
0,90959162
0,83297894
0,81538077
0,83115844
0,88198071
0,84268827
0,98726626
1,02701383
1,18888657
1,30251608
1,41144263
1,42221392
1,31313566
1,25154210
1,24896305
1,23955714
1,05325937
0,84632926
0,65092899
0,78898353
0,86635476
0,93932644
0,90670916
0,87879484
0,89275200
0,86225863
0,81386369
0,71267426
0,73967834
0,78685962
0,93538203
0,90974333
1,02306942
1,20860865
1,39505813
1,64932122
1,65796859
1,60396044
1,58423837
1,31313566
1,29037942
1,01684938
1,05128716
1,24213618
1,32572745
1,34984907
1,34620807
1,46120295
1,55389671
1,57361879
1,52916826
1,50808081
1,52006576
1,60714632
1,56937095
1,72745099
1,72911978
1,75582044
1,78965139
1,69513712
1,58059737
1,41553875
1,07025069
1,11803880
1,35075931
1,45832049
1,54130492
1,80254659
1,79936072
1,64522510
1,79860217
1,75308969
1,69195125
1,51733501
1,43465400
1,49412364
1,33756069
0,95980706
1,06918874
1,30372975
1,32845820
1,41189775
1,58514862
1,55526208
1,51460426
1,45877561
1,45832049
1,47288448
1,13411988
0,75940042
0,72678314
0,76152433
0,75666967
1,08071857
1,14033992
1,24380497
1,15915175
0,96451002
0,79019720
1,16324787
1,22544827
1,22059361
1,13700234
1,08420786
1,08875911
1,15975858
1,41144263
1,40992555
1,38201122
1,31283224
1,28840721
1,12410714
0,90109596
1,14094676
1,13487842
1,08633177
1,12016272
1,06038966
1,37275702
1,32056937
1,31708008
1,16704058
1,18069433
1,20269203
1,03353729
0,89244858
0,99636876
1,03399241
1,33088553
1,41629729
1,53902930
1,59956090
1,60578094
1,56664021
1,52279651
1,39247909
0,99303118
0,87363676
0,86089326
0,77593662
0,74605009
0,95510411
0,91338433
1,06069307
1,09513085
0,97103348
0,99303118
1,10984656
0,80096849
0,64652945
0,73376172
0,75742821
0,78670791
0,94873236
1,07222290
1,25624505
1,32876161
1,57164658
1,69392346
1,55996504
1,18175628
0,89851691
0,84466047
0,73330659
0,79945140
0,97073006
1,22377948
1,31146687
1,28112521
1,25806555
1,26731976
1,23030294
1,58059737
1,70257083
1,60744973
1,75536531
1,86034745
1,91025947
1,99369903
1,93483622
1,97337012
2,11612762
1,99187853
1,69301321
1,22423460
0,98908676
1,03019971
0,84117118
0,82539352
0,99469997
0,99257605
1,00759517
1,09573769
1,11591489
0,91550824
0,85012197
0,95995877
0,90413012
0,82038715
0,92521757
0,95662119
1,09573769
1,13214767
1,30448829
1,37609460
1,31814203
1,23621956
0,94524307
0,84890831
0,81887006
0,75879358
0,84906001
0,82857939
0,99287947
0,92203170
0,92870686
0,98332185
0,95267677
0,88547000
0,88107046
1,07601561
1,10863289
1,18736949
1,46135466
1,60729803
1,60927023
1,66737451
1,69574396
1,65842372
1,31161858
1,07631903
0,96390319
0,52258378
0,43793056
0,52061157
0,57947439
0,65320462
0,71252256
0,63272400
0,87651921
1,09604110
1,01973184
0,96132415
0,92582441
1,09285523
1,09892356
1,11637001
1,12410714
1,07419511
0,87970509
0,91702533
1,12304518
1,36046865
1,23182002
1,11819051
0,86696159
0,63166204
0,53714778
0,61664292
0,57113043
0,58038464
0,60101697
0,49770362
0,53047261
0,47570592
0,37633699
0,53517557
0,65563195
0,50923345
0,65881782
0,65608707
0,96284123
1,21846969
1,25852068
1,42069683
1,56208896
1,58469349
1,50170906
1,51505939
1,18054262
0,83161356
0,76015896
0,68961461
0,58417735
0,80400265
0,93052736
1,06478920
1,04977008
0,98438380
0,97361252
1,02655871
1,07070582
0,90033741
0,79793432
0,83753018
0,93887132
1,03596462
1,19025195
1,35166956
1,38732101
1,35000077
1,33194749
1,29553750
0,96071731
0,66443103
0,42018069
0,46372097
0,50119291
0,50635100
0,83722677
0,80020995
0,86347230
0,77411612
0,68005698
0,74240909
0,82038715
0,49102846
0,49345579
0,76137262
0,92764491
1,14686338
1,36835748
1,52886484
1,61488344
1,60183653
1,39566497
1,26352705
0,96572369
0,55504936
0,33643772
0,31853614
0,43717202
0,59403839
0,76440679
0,83146185
0,83844043
0,77275075
0,70675764
0,76213117
0,76182775
0,62680737
0,78610107
1,08966935
1,25032843
1,40309867
1,41644900
1,29538579
1,38398343
1,44770091
1,33422311
1,14944242
1,06630628
0,65153583
0,51166079
0,66352078
0,82160081
0,98544576
0,96845443
0,99743072
0,98392868
1,00107172
1,04582566
1,09118644
1,13002376
1,18539728
1,07222290
1,09801331
1,22347606
1,11682514
1,44845945
1,72350657
1,70909429
1,76340585
1,79860217
1,78783089
1,65463101
1,56603337
1,53235413
1,30919124
1,34469098
1,32891332
1,35045590
1,20678815
1,07328486
1,07996002
0,90898479
0,82038715
0,77366100
0,79960311
0,86665817
1,10575043
1,01715279
0,92051462
1,18479045
1,42797883
1,52416189
1,55086254
1,47485669
1,31768691
1,12562422
1,07525707
0,87636751
0,86726501
0,81993202
1,01457375
1,44982483
1,43389546
1,52431359
1,55404842
1,42388271
1,28188375
1,16764741
0,84223314
0,65987978
0,64713629
0,79459674
1,10271627
1,21315990
1,21376673
1,14155359
1,16946791
1,15414538
1,03323387
1,01138788
0,63575816
0,34296117
0,37315112
0,48344304
0,48571867
0,53638924
0,68293944
0,72405239
0,69310390
0,64030941
0,55960060
0,68324286
0,49664167
0,69143510
0,84860489
1,14883559
1,32330012
1,49624756
1,61412490
1,66555401
1,73549153
1,77963864
1,58787937
1,22908927
1,14382921
0,86817526
0,76850291
0,86665817
0,99834097
1,12714130
1,14109846
1,00334734
1,04476370
0,96056560
0,97816376
0,97816376
0,77897079
0,84314339
0,90989504
1,26170655
1,39885084
1,55829625
1,68011800
1,74186328
1,75157261
1,65159685
1,59288574
1,51323889
1,05401791
0,97103348
0,89017296
0,70524056
0,82751744
0,84936343
0,99151409
1,02595187
0,97937743
0,71070206
0,62316638
0,88607684
0,66321736
0,74286421
0,77624004
1,05447303
1,17356404
1,23637127
1,33938119
1,37048139
1,31070833
1,30175754
1,25336260
1,01411863
0,70933668
0,59373497
0,67019594
0,58523930
0,74225738
0,97421935
0,98074281
1,03141337
0,97315739
0,84041264
0,81735298
0,98756968
0,53563070
0,52364574
0,73664417
0,98741797
0,99894780
1,20572619
1,26352705
1,34939394
1,42539979
1,46120295
1,33786411
1,31799033
1,11864564
0,98362526
0,94964261
1,03733000
1,11621830
1,02944117
0,76637900
0,54033365
0,53092774
0,40652694
0,27150657
0,21370571
0,16925518
0,14422332
0,21173350
0,57962610
0,77593662
0,96223439
1,05037691
0,74635350
0,60632676
0,69811027
0,63363425
0,37664041
-0,07545028
-0,10973635
-0,03691638
0,10159329
0,24814349
0,48131913
0,41320211
0,45795605
0,59403839
0,50119291
0,43565493
0,30457898
0,32612155
0,35009146
0,59312814
0,84117118
1,02094550
1,25290747
1,59774040
1,65417589
1,62975085
1,54358055
1,11454951
0,81993202
0,41456748
0,21476767
0,22872483
0,31959810
0,41168503
0,65563195
0,62422833
0,61239509
0,54200244
0,44551597
0,52303891
0,68172577
0,54078878
0,74953938
0,99378972
1,26155484
1,34666319
1,38595564
1,44314966
1,55131767
1,51824526
1,42342758
1,34332561
1,13897455
0,83692335
0,49603483
0,54791907
0,59752768
0,81522907
0,92870686
0,85619030
0,86407913
0,76395167
0,69932394
0,63393766
0,85254930
0,60814726
0,71828747
0,99940292
1,27824275
1,47303619
1,57513587
1,66449205
1,93316742
1,93953917
1,87764219
1,61943469
1,49017923
1,21118769
0,99060384
0,85710055
0,95525581
1,12805155
1,23288198
1,21771115
1,24319814
1,22696535
1,08921423
0,97998426
1,17037816
0,92931370
0,77608833
0,84511560
1,11743197
1,32390695
1,42236563
1,47076057
1,47880111
1,43556425
1,43601937
1,45437607
1,17720504
0,77093025
0,40076203
0,21613305
0,42260802
0,74878084
1,05963111
1,10059235
0,95237336
0,77927420
0,49831046
0,46933417
0,68020869
0,50574416
0,44339206
0,66898228
1,07586390
1,33058211
1,50868764
1,54403567
1,57710808
1,54282200
1,50535006
1,41129092
1,08071857
0,58736322
0,34660217
0,21886379
0,21628475
0,51833595
0,95131140
0,84299168
0,74498813
0,55717327
0,42655244
0,24966058
0,45704580
0,15909073
0,25845966
0,59161105
1,06327211
1,32618257
1,58105249
1,61063561
1,61306294
1,68800683
1,62884060
1,47485669
1,19434807
0,74878084
0,19807976
0,07595459
0,24237858
0,60829896
0,73376172
0,40288594
0,37239258
0,44430231
0,35297392
0,32050835
0,30594435
0,16864835
0,24799179
0,30230335
0,27894028
0,22204967
0,27575440
0,54154732
0,76425508
0,74696034
0,59115593
0,42806952
0,16758639
-0,21926974
-0,30801908
-0,26174806
-0,09911677
0,10842016
0,46690684
0,63333083
0,70402689
0,66928569
0,58008122
0,46220388
0,25436353
0,30867510
0,36177300
0,27954711
0,45446676
0,73679588
0,94949090
1,02792408
1,25260405
1,27096076
1,02215917
0,74013346
0,34614705
-0,18907979
-0,46473374
-0,56850221
-0,51707310
-0,59717508
-0,29967513
-0,12854818
-0,08318740
-0,00991230
-0,13537505
-0,05254233
0,03165577
-0,19059687
0,09279421
0,13587936
0,38923220
0,72541776
0,90746770
0,94524307
0,94008499
0,94327086
0,92279024
1,01821475
0,91353604
0,76228287
0,67626428
0,60920921
0,70918497
0,75742821
0,83024819
0,86574792
0,72754168
0,51499837
0,18230210
0,10720650
0,52850041
0,22675263
0,32718351
0,37724724
0,65517682
0,77487466
1,02913775
1,23333710
1,33907778
1,33938119
1,36228914
1,32572745
1,21012573
0,87970509
0,64228162
0,68900777
0,78519083
0,87576067
0,85436980
0,82918623
0,86074155
0,87363676
0,75363550
0,60708530
0,85801080
0,80400265
0,89169004
1,05705207
1,29295846
1,42357929
1,51035643
1,60365703
1,67420138
1,52355505
1,39005176
1,36046865
1,26064459
0,88911100
0,70114443
0,72602459
0,75985554
1,10514360
1,12896180
1,01654596
1,08557323
1,03596462
0,95115969
0,77851566
0,99500338
0,69750344
0,56126940
0,61345705
0,79216941
1,03975733
1,25093526
1,36046865
1,44132916
1,40764992
1,40021622
1,27551200
1,11758368
0,70888156
0,44870185
0,45962484
0,55520106
0,85467322
0,96860614
0,78716303
0,55019469
0,36329008
0,20263101
0,22735946
0,22523554
0,24040637
0,29714527
0,28258127
0,42033240
0,49360750
0,37451650
0,48359475
0,48040888
0,64546749
0,62771762
0,37224087
0,09264250
-0,06938195
-0,22609661
-0,32622408
-0,35762769
-0,18680416
0,10705479
0,13633449
0,07883705
0,07261701
0,01223711
-0,02857242
-0,15888984
-0,28268380
-0,29922000
-0,27373301
0,05152956
0,22311163
0,41320211
0,56733773
0,70220639
0,63621329
0,36814475
0,20733396
-0,17830850
-0,30589517
-0,54665622
-0,60187803
-0,55302796
-0,33745049
0,00222436
-0,07939470
0,13906524
0,32202543
0,13739644
0,15878731
0,17426156
0,14467844
0,29820723
0,40470644
0,56339331
0,55049811
0,58235685
0,91126041
1,01609084
1,09224840
0,94524307
0,70463373
0,52501112
0,52319062
0,53896828
0,57204068
0,56400014
0,60177551
0,91565995
0,93659569
0,94842894
0,81158807
0,66640324
0,65896953
0,81007098
0,67004424
0,66549299
0,76349654
1,05932770
1,39718205
1,53462976
1,69786787
1,68269704
1,59121695
1,31874887
0,97937743
0,57856414
-0,01855967
-0,14462926
-0,15570396
0,12465295
0,45052235
0,82038715
1,02762067
1,12532080
1,03915050
0,86802355
0,87545726
0,98741797
0,66397590
0,70615081
0,82342131
0,76031067
0,62726250
0,51666716
0,78959037
1,18312166
1,21664919
0,95115969
0,85072880
0,67808478
0,69386244
0,79656895
0,64577091
0,57477143
0,64197820
0,71312939
0,49831046
0,28030565
0,28258127
0,13405886
-0,04450179
-0,15251809
-0,44137067
-0,30786737
-0,13127893
-0,01689088
0,35054659
0,82645548
1,07813953
1,26534755
1,49806806
1,41113921
1,29887508
0,90397841
0,43307589
0,15438777
0,33173476
0,35085000
0,58781835
0,96602710
0,95904852
0,95813827
0,90777112
0,75940042
0,86863038
0,89487592
0,63348254
0,45977655
0,54336782
0,88880758
1,09922698
1,19753395
1,04294320
1,01654596
1,06827849
1,00547126
0,95434556
0,76106921
0,32809376
-0,07696736
-0,25128018
-0,40784313
-0,25507289
0,03135235
-0,10442656
-0,30680542
-0,32865141
-0,45472099
-0,65573447
-0,78347285
-0,98023850
-0,97310821
-0,78696214
-0,52860293
-0,31135666
-0,01871138
0,31974980
0,30518581
0,31990151
0,00161753
-0,23110298
-0,61871765
-0,82428238
-0,87449782
-0,71869341
-0,70397771
-0,25203872
0,16440052
0,06214914
0,19094947
0,15772536
0,08854638
-0,02675192
0,03120064
0,13026616
0,09764887
0,09218738
0,21051984
0,49224213
0,70478543
1,04172954
1,23955714
1,38534880
1,31829374
1,10923972
0,84708781
0,69355902
0,43110369
0,35782858
0,38710828
0,61664292
0,89957887
1,04764616
1,03899879
1,13381647
1,17614308
1,09042790
1,00547126
0,96420660
1,02655871
1,06038966
1,14200871
1,22453802
1,29675117
1,30115071
1,22681365
1,16764741
1,21498040
1,05690037
0,74620180
-0,06043116
-0,60415366
-0,69093080
-0,59489945
-0,43348183
-0,25158360
-0,05663845
0,20020368
0,21871209
0,15362923
0,15499461
0,17623377
-0,26311343
-0,01658747
0,33643772
0,61406388
0,66898228
0,78746645
1,07100924
1,07313315
1,04066758
1,08572494
0,92005949
0,50346854
-0,02675192
-0,20318866
-0,19590666
-0,20243012
0,27165828
0,61891854
0,36935841
0,20703055
0,21158180
0,02194644
-0,02341434
-0,11929397
-0,28890384
-0,05527308
0,04546122
0,32657668
0,37891604
0,59995501
0,92582441
1,28795208
1,56390946
1,63536406
1,17674991
0,94812552
0,53942340
0,35722175
0,19519730
0,20915446
0,40956111
0,66003149
0,51135737
0,58311539
0,46903076
0,44627451
0,26361774
-0,02781388
-0,00885034
-0,16086205
0,09689033
0,47252005
0,89548275
1,06645799
1,07176778
1,17052987
1,17371575
0,98681114
0,56946164
0,24617129
-0,19878912
-0,38053564
-0,40344359
-0,41694563
-0,17345383
0,15469119
0,22887654
0,32490789
0,38680487
0,27287194
0,15423606
0,27954711
0,33082451
0,38270874
0,58068806
0,73543051
0,93143761
1,07085753
1,11485293
1,11561147
1,07859465
0,93978157
0,81265002
0,42852465
-0,10427485
-0,44880437
-0,52298972
-0,45563124
-0,27039543
-0,04146762
0,04318560
0,09871083
0,15711852
-0,04313642
-0,17117821
-0,19090029
-0,50872914
-0,48840023
-0,36885410
-0,20500916
-0,02083530
0,00207265
0,29092523
0,48556696
0,64061283
0,57325435
0,47889180
0,03226260
-0,28268380
-0,44804583
-0,49462027
-0,42149688
-0,15813130
-0,03888858
-0,12445206
-0,29906829
-0,32546554
-0,40344359
-0,41633880
-0,46003078
-0,42225542
-0,29588242
0,06063205
0,25891478
0,60344430
0,90139937
1,29144138
1,28415938
1,10741922
0,92248682
0,80764365
0,51894278
0,23979954
0,11585387
0,15727023
0,12708028
0,34341630
0,60602334
0,71859089
0,71586014
0,69355902
0,59161105
0,41972556
0,37163404
0,40819573
0,42078752
0,70630252
1,02322113
1,23682639
1,37260531
1,45862391
1,34226365
1,48259382
1,48866215
1,34833198
1,17068158
0,59510034
0,04060656
-0,28025647
-0,45836199
-0,51494918
-0,25476947
-0,17618458
-0,07529857
-0,08864890
-0,24642552
-0,25916901
-0,29315167
-0,60202974
-0,31909379
-0,02280751
0,35115342
0,47843667
0,80582315
1,17189525
1,11697685
1,06327211
0,92916199
0,67019594
0,34538850
-0,15995180
-0,31530108
-0,36612336
-0,30513662
0,13815499
0,23327608
0,24662641
0,14680236
0,24450249
-0,00429909
-0,10048215
-0,10761244
0,04106168
0,18761189
0,41714652
0,54245757
0,88137388
1,16112396
1,25806555
1,12092126
1,10286798
1,01305667
0,79353478
0,38255703
0,32642497
-0,05512137
-0,26463051
-0,32758945
-0,08561474
0,20460322
0,02407036
-0,09775140
-0,17739825
-0,34579445
-0,42574471
-0,35140765
-0,14250534
0,11024066
0,29259402
0,62013221
0,55656644
0,54731223
0,63439279
0,50574416
0,45825947
0,52728674
0,34417484
0,17259277
0,01648494
-0,08606986
-0,23398544
-0,17724654
-0,00536105
0,24859862
0,06503159
0,06305938
-0,11398418
-0,23444056
-0,34958715
-0,21001553
-0,12399693
0,08202292
0,46918247
0,83313064
0,96693735
1,06600286
1,04977008
0,90003400
0,91383945
0,85816251
0,62953812
0,50665441
0,18806701
-0,33335437
-0,45426587
-0,43955017
-0,21031895
0,05259151
-0,09608261
-0,22700686
-0,43408867
-0,65785839
-0,85371379
-0,68774492
-0,54771817
-0,23868840
0,03605531
0,44688135
0,69553123
0,77563320
0,91338433
0,74574667
0,66276224
0,43702031
0,34523680
0,04849539
-0,28556626
-0,57183979
-0,63752948
-0,50129544
-0,46882987
-0,08485619
-0,15100101
-0,26690614
-0,34245686
-0,44592191
-0,64632856
-0,59565799
-0,54073959
-0,65224518
-0,55014551
-0,45335562
-0,44531508
-0,18847295
0,21749842
0,24086150
0,23479316
0,18215039
0,06700380
-0,18255633
-0,30801908
-0,53664347
-0,60066437
-0,58549354
-0,37310194
-0,14326388
-0,11944568
0,12389441
0,16925518
0,21385742
0,07671313
0,04379243
0,06836917
0,12829395
0,21400913
0,35691833
0,60192722
0,69234535
0,84466047
1,00137513
0,84557072
0,51075054
0,31216439
0,09916596
-0,32288649
-0,69972988
-0,69442009
-0,61082882
-0,44349458
-0,29345509
-0,03433733
0,27150657
0,43838568
0,35464271
0,09415958
0,15605656
0,06533501
0,18108843
0,26877582
0,30624777
0,34053384
0,49785533
0,76440679
0,92794832
0,89002125
0,64212991
0,68202919
0,33825822
-0,09562748
-0,29800634
-0,33851245
-0,37310194
-0,18073583
0,12343928
0,05729447
0,02892502
0,01891227
-0,27312618
-0,31666645
-0,26629930
-0,35762769
-0,14053313
0,10584112
0,42989002
0,63120692
0,85239760
0,99105897
1,08071857
1,05325937
1,00289222
0,88789733
0,67429207
0,48738746
0,34857438
0,22341504
0,15105019
0,35934567
0,57901926
0,61360875
0,51348129
0,43034514
0,21234034
0,03696556
0,21446425
0,39666591
0,57659193
0,76137262
0,94160207
0,96648223
0,96724077
0,75469746
0,68885606
0,89047638
0,91732874
0,81568419
0,47221663
0,09112542
-0,08030495
-0,10988806
-0,20698136
0,22341504
0,60511309
0,57856414
0,36829646
0,30366873
0,17456497
0,16955860
0,28531202
0,63515133
0,70084102
0,95995877
1,31768691
1,41842121
1,63157135
1,78813430
1,71319041
1,66039593
1,62671669
1,27839446
1,13836771
0,78519083
0,51803253
0,25512207
0,19883830
0,34963634
0,41927044
0,55413911
0,53532728
0,45916972
0,23828245
0,19625926
0,26710703
0,02589085
0,10659966
0,19990026
0,43565493
0,72101822
0,79232111
0,94660844
1,03596462
1,06494090
0,92961711
0,79611382
0,58159831
0,08505709
-0,11671493
-0,10351631
0,09188396
0,61011946
0,87060259
0,90913649
1,08951765
1,10150260
0,91839070
0,66579640
0,61558096
0,80734023
0,63621329
0,59070080
0,69477269
0,93265128
1,20390569
1,28415938
1,36046865
1,45346582
1,39414788
1,45210045
1,29250333
0,73012072
0,39074928
0,28379494
0,22796629
0,28925644
0,48678063
0,43899252
0,58781835
0,65563195
0,43353102
0,22826971
0,23100046
0,27878857
0,47039613
0,71494989
1,09922698
1,22332435
1,27611884
1,56542654
1,68133167
1,65994080
1,62474448
1,37108823
1,19889932
1,11743197
1,05174228
0,90382670
1,00622980
1,05553499
1,30828099
1,23364052
1,18645924
1,09862014
1,07404340
0,87940167
0,69993077
0,41502261
0,20187247
0,22735946
0,45310139
0,46614830
0,54882932
0,59980330
0,68005698
0,66473445
0,52137012
0,43777885
0,16151806
-0,04207446
-0,11747348
-0,19272079
-0,20607111
0,18472943
0,54169903
0,21097496
0,26725874
0,37906774
0,48496013
0,47252005
0,40152057
-0,04237787
0,08930492
0,50271000
0,84708781
1,31177029
1,51490768
1,60213994
1,70757720
1,75551702
1,83577070
1,78813430
1,40704309
1,03854366
0,63848891
0,43186223
0,53790632
0,78928695
1,03004800
0,86225863
0,94660844
0,83388918
0,64637774
0,42291144
0,58175001
0,45962484
0,41820848
0,62604883
1,00865713
1,29826825
1,42828225
1,47394644
1,48593140
1,52749947
1,41386996
1,23227514
1,01184300
0,66579640
0,22660092
-0,11504614
-0,16222742
0,16045610
0,06548672
0,07443751
0,18215039
0,12541149
-0,09957190
-0,22852394
-0,15646250
0,08050584
0,14149257
0,63924745
0,97740522
0,99773413
1,19161732
1,32193474
1,41235288
1,47546353
1,38595564
1,16430983
0,73967834
0,16804152
-0,17163333
-0,17633629
-0,04981158
0,18518455
0,63242058
0,78519083
1,01169130
0,85361126
0,66761690
0,60071355
0,49239383
0,52030816
0,48799429
0,60450626
0,77487466
0,83024819
0,90731600
1,10984656
1,17068158
1,12107297
0,98119793
0,83419260
0,34114067
-0,00399568
-0,27282276
-0,29497217
-0,01567722
0,25739770
0,73406513
0,79793432
0,66609982
0,73118268
0,54397465
0,49709679
0,52865211
0,46690684
0,36708279
0,37315112
0,43959935
0,48844942
0,95798656
1,24941818
1,38641076
1,39263080
1,17477770
0,94493965
0,74316763
0,48040888
0,25876307
0,16880006
0,22326333
0,44157156
0,58341881
0,59858963
0,71965285
0,78003274
0,58933543
0,27560269
0,03924118
0,00601707
0,06381793
0,31110243
0,84010922
1,01199471
1,26777488
1,14640825
1,01806304
1,13821601
1,26049288
1,07298144
0,89366225
0,38028141
0,06563843
-0,00263030
0,00905123
0,06867259
0,31686735
0,14225111
0,23828245
0,24586787
0,10659966
0,13117641
0,20111392
0,12768711
0,08065755
0,41775336
0,47813325
0,73573392
0,68824923
0,75393892
1,01199471
1,03293046
0,95601436
0,94888407
0,78291520
0,64577091
0,60799555
0,55262202
0,57295093
0,77123366
0,67429207
0,34523680
0,22022917
0,24526104
0,15332581
0,02998698
-0,12733451
0,21901550
0,27894028
0,51393641
0,56824798
0,59282472
0,61118142
0,65593537
0,74438130
0,70706106
0,82721402
0,80946415
0,68081552
0,49133188
0,26270749
0,13421057
0,27029290
0,63606158
0,72329384
0,37254429
0,09370446
0,09780058
-0,09744798
-0,17906704
-0,15191126
0,13982378
0,30108969
0,51211591
0,72465922
0,80005824
1,03808854
1,18509387
1,18236312
1,18433533
1,20041640
1,10893631
0,73012072
0,38938391
0,20809251
0,23585512
0,35160854
0,58584614
0,72299043
0,44111643
0,28880131
0,12723199
-0,12460376
-0,27919451
-0,15661421
-0,00839522
0,18746018
0,45461847
0,72799680
1,01912500
1,14322238
1,36016523
1,32785136
1,38838297
1,35075931
1,20299544
0,82660719
0,64182650
0,48086400
0,19990026
0,11372995
0,52683161
0,71024693
0,70948839
0,43186223
0,36526229
0,17259277
0,06761063
0,08020242
0,22280821
0,39954836
0,68703556
1,04294320
1,21088428
1,36319939
1,56694362
1,54024296
1,53857417
1,48760019
1,24046739
0,67171303
0,19049434
0,04424756
-0,12505889
0,02968356
0,25603232
0,50938516
0,33643772
0,18169526
0,10113816
-0,10230265
-0,16495817
-0,20151987
-0,19484470
-0,13583018
-0,02826900
-0,06604437
0,00601707
0,17244106
0,39241807
0,77942591
0,86438255
0,89472421
0,78746645
0,77047512
0,64440554
0,38043312
0,17213764
0,25254303
0,53153457
0,69492440
0,66958911
0,61163655
0,63075179
0,55671815
0,36768962
0,00874782
-0,02978609
0,22068429
0,50574416
0,83495114
0,90382670
1,06236186
1,09270352
1,11121193
1,18752120
0,96633052
0,68627702
0,57932268
0,10644795
-0,01582892
-0,19287249
-0,15600738
0,02695281
0,22235308
0,19792805
0,25663916
0,19125289
0,06609355
-0,09122794
0,07322384
-0,11003977
0,05046760
0,21840867
0,53365849
0,67565744
0,74316763
0,93523032
1,15611758
1,25078355
1,19647199
1,15353854
0,85361126
0,56096598
0,38012970
0,26134211
0,29304915
0,41487090
0,40152057
0,32369422
0,21825696
0,12343928
-0,18559050
-0,31712158
-0,12581743
0,12525978
0,20778909
0,44081302
0,77912249
0,93978157
1,08633177
1,09953039
1,07070582
0,98605260
1,02610358
1,06767165
0,87227138
0,73497538
0,35964908
0,27863686
0,24723324
0,34554021
0,49300067
0,08839467
-0,01264305
-0,20698136
-0,40693288
-0,44364629
-0,30589517
-0,24870114
0,01451273
0,51560520
0,84723951
1,23788835
1,24213618
1,34271878
1,44527358
1,43677791
1,27748421
1,24941818
1,12562422
0,84845318
0,67125790
0,48056059
0,56460698
0,74483642
0,90777112
1,00258880
0,92749320
0,71874260
0,58903201
0,43686860
0,47965034
0,52349403
0,44187497
0,60359601
0,66261053
0,80582315
0,88820075
1,06873361
1,18676266
1,32345182
1,37063310
1,45376924
1,36744723
1,16324787
1,02261429
1,00092001
1,03459925
1,02792408
1,04127441
1,13457501
1,13411988
0,96906127
0,74392617
0,57279923
0,66200370
0,64288845
0,74862913
0,67034765
0,72132164
0,94114694
1,10089577
1,20542278
1,32967186
1,40916700
1,11060510
0,88061534
0,67262328
0,50832320
0,30730972
0,02846990
0,09871083
0,29031840
0,58888030
0,30124139
0,25845966
0,31474343
0,17972306
0,01618152
-0,04526033
0,03347627
0,02467719
-0,10670219
-0,18725929
-0,08500790
0,02725623
0,32263226
0,62786933
0,75970383
0,72481093
0,58250856
0,29107694
0,07914046
-0,21820778
-0,34776665
-0,43772967
-0,29785463
-0,11155685
0,01557469
-0,12672768
-0,04359154
-0,09016598
-0,30968787
-0,49279977
-0,48566949
-0,39388597
-0,26827151
-0,18422512
-0,07499516
-0,02675192
-0,04359154
0,03423481
0,05183297
0,06533501
-0,07924299
0,02907673
0,14710578
-0,05587991
-0,27919451
-0,13431310
0,04288218
0,31838443
0,39712103
0,45886630
0,42852465
0,23054533
0,25739770
0,35964908
0,17941964
0,22038088
0,38801853
0,59828622
0,59085251
0,68764240
0,71601185
0,84010922
0,73846467
0,52091499
0,53881657
0,37497162
0,10599283
0,00616878
-0,00536105
0,17593035
0,33643772
0,55611131
0,61148484
0,54913273
0,49118017
0,39954836
0,29653844
0,43004173
0,62604883
0,56111769
0,73573392
1,13988480
1,48547627
1,41538704
1,39369276
1,55541379
1,69331662
1,67450480
1,56148212
1,35303494
1,11409439
0,86514109
0,81978031
0,97558472
1,28006325
1,20314715
1,04006075
1,01639425
1,03717829
0,86498938
0,70099273
0,80491290
0,78170153
0,80946415
0,99378972
1,09513085
1,14777363
1,24350156
1,22696535
1,15475221
1,32891332
1,45498291
1,47106399
1,20329886
0,69613806
0,48890454
0,44248181
0,46963759
0,55702156
0,78397716
0,80688511
0,76213117
0,65866611
0,46872734
0,29820723
0,39105270
0,33279672
0,32733522
0,64228162
0,81704957
0,76546875
0,87469871
1,14822875
1,38398343
1,34044315
1,25381772
1,07889807
0,70266152
0,17805427
-0,01855967
-0,12536231
-0,02083530
0,14922969
0,50847491
0,66018320
0,54169903
0,40061032
0,28940815
0,19170801
0,24389566
0,07458921
0,04910222
0,30063456
0,54154732
0,66867886
0,87849142
1,17948066
1,29659946
1,19920274
1,11166706
0,93158932
0,53259653
0,01163028
-0,01522209
-0,04328812
0,08627075
0,44946039
0,71570843
0,56703431
0,38407412
0,28925644
0,29274573
0,23145558
0,23843416
0,22917996
0,25375670
0,16470394
-0,00520934
0,14346478
0,49118017
0,77032341
1,06387895
1,26398218
1,35288323
1,30464000
1,26914026
1,04537054
0,95100798
0,73345830
0,81173978
0,85330785
1,01700109
0,92203170
0,96086902
0,94524307
0,80157532
0,55019469
0,12389441
-0,01112597
0,27211340
0,48526354
0,77062683
0,98362526
1,08951765
1,23546102
1,31723178
1,13563697
1,05310766
0,94418111
0,62802104
0,27074803
0,00237607
-0,07636053
-0,03069634
-0,00778838
0,26149382
0,64941191
0,73300317
0,67960186
0,48162255
0,48162255
0,60784384
0,47737471
0,44946039
0,54716052
0,73755442
1,01351180
1,45892732
1,76310244
1,85716157
1,77888010
1,67799409
1,48805531
1,12319689
0,89047638
0,56187623
0,50589587
0,42063581
0,74347105
1,16264104
1,05447303
0,99181751
0,76622729
0,57158556
0,42715927
0,66018320
0,55504936
0,49133188
0,67565744
1,12365201
1,39050689
1,63020598
1,93938746
1,92482347
1,92588543
1,91420389
1,65190026
1,17144012
0,61193996
0,40865086
0,25572891
0,17107568
0,31519856
0,80703682
1,14398092
1,15763467
0,95722802
0,73785784
0,62817275
0,78594937
0,54048536
0,65669391
0,86134838
1,04946666
1,26307193
1,61093902
1,76431610
1,89584719
2,01023523
1,92543030
1,70970112
1,39141714
0,79975482
0,46053509
0,58842518
0,86589963
1,07343657
1,43404716
1,67814580
1,64492168
1,60274678
1,40431234
1,27035392
1,25791384
1,09270352
0,88349779
0,90868137
1,22681365
1,62474448
1,51961064
1,67875263
1,81149738
1,83561900
1,92042393
1,81255934
1,33270603
0,83024819
0,54412636
0,43459298
0,62210442
0,95055286
1,32056937
1,34575294
1,11439781
1,07465023
0,72875534
0,49391092
0,42109094
0,12571491
-0,01218793
0,14300965
0,53790632
0,80385094
0,69750344
0,84890831
0,85209418
0,90959162
0,92946541
0,73983005
0,38862537
-0,09593090
-0,39100351
-0,49644077
-0,25901731
-0,08333911
0,13800328
0,15620827
0,09051858
0,14619553
0,13056957
0,05729447
0,03590360
0,14968482
0,53016920
0,66443103
1,02018696
0,99636876
1,12759643
1,35834473
1,42813054
1,40309867
1,45301070
1,10802606
0,69537952
0,35540125
0,03939289
-0,00505764
0,04621977
0,24905374
0,51742570
0,61800829
0,57841243
0,33112793
0,17001373
0,07292042
-0,04025396
-0,04950816
0,05122614
0,31656393
0,48374646
0,58584614
0,83646823
0,86271376
0,93128590
0,84906001
0,77002000
0,62498688
0,47798155
0,32824547
0,47388542
0,26376945
0,24753666
0,60678188
1,01320838
1,08693861
1,23364052
1,18827974
0,94069182
0,74559496
0,75651796
0,60845067
0,48662892
0,45568043
0,66928569
1,08936594
1,33467824
1,37761168
1,38443855
1,44330137
1,33968461
1,14853217
0,68081552
0,30943364
-0,25977585
-0,39737526
-0,47095378
-0,15706934
-0,03130317
0,16986202
0,10614454
0,17941964
0,12313587
0,05774959
-0,15934496
-0,52041068
-0,42756521
-0,06437558
0,57659193
0,60450626
0,91657020
1,04946666
1,10438506
1,15505563
0,95313190
0,67049936
0,35752517
0,07428580
-0,15691763
-0,25340410
0,18715676
0,65760416
1,03657145
1,11652172
1,00865713
0,75515258
0,62756592
0,61391217
0,59525205
0,58736322
0,73376172
0,63575816
1,11394268
1,37973560
1,40051963
1,38125268
1,41917975
1,34165682
1,53766392
1,53432634
1,40067134
1,16916450
0,98605260
0,74999450
0,73391342
0,87166455
0,89988229
0,94205719
0,91201895
0,87773288
0,68491165
0,57006848
0,70554398
0,65335632
0,55383569
0,63833720
0,97512960
1,11743197
1,21391844
1,36881260
1,31359078
1,40491917
1,33058211
1,29781312
1,22954439
0,99773413
0,68764240
0,69977906
0,63621329
0,77972933
0,82205594
0,98665943
1,00865713
0,64364699
0,54882932
0,47843667
0,50574416
0,49906900
0,51378470
0,72192847
1,07131265
1,18342508
1,29113796
1,36714381
1,33391970
1,34848369
1,32360353
1,19252757
1,00152684
0,43611006
-0,07727078
-0,08955915
-0,21790436
-0,03767492
0,06943113
0,07914046
0,31762589
0,26498311
0,07534776
-0,02796559
-0,05330087
0,05850814
0,05501885
0,26680361
0,56961335
0,67945015
0,81613932
1,06342382
1,13988480
1,03444754
0,89821350
0,76425508
0,56369673
0,33613430
0,02073277
-0,16344109
-0,00611959
0,20885105
0,37664041
0,51348129
0,36389692
0,35646321
0,42063581
0,35221538
0,22993850
0,22326333
0,20445151
0,42594560
0,48207767
0,44627451
0,63120692
0,86195522
0,90109596
0,86696159
0,61907025
0,39727274
0,42139436
0,36450375
0,45583214
0,30882681
0,34523680
0,40880257
0,55383569
0,62635225
0,53077603
0,50984029
0,22811800
0,18988751
0,14391990
-0,27176080
-0,47034695
-0,37750148
-0,15873813
0,02058106
0,05517055
0,16394539
0,12313587
0,18245381
0,13360374
0,01754690
-0,12596914
-0,10154411
-0,19894082
-0,07423661
0,15423606
0,36055933
0,70205468
0,69340731
0,58493589
0,61178825
0,36162129
0,22447700
0,12692857
-0,07196099
-0,37037119
-0,30968787
-0,14417413
-0,08212544
0,03013869
0,17744743
0,28121590
0,54852590
0,53578240
0,63955087
0,42412510
0,12116366
-0,05587991
-0,22093853
-0,07256782
0,21294717
0,63757866
0,55686986
0,79596211
0,75985554
0,53032091
0,39241807
0,41562944
-0,21471849
-0,28769017
-0,02447630
0,42897977
0,65942466
0,79808603
1,12881009
1,22499315
1,21862140
1,17902554
0,85103222
0,41426407
-0,05527308
-0,24930798
-0,34412565
-0,24612210
0,21067155
0,23297266
0,60511309
0,61163655
0,64379870
0,58402564
0,33916846
0,24116491
-0,34367053
-0,45138341
-0,17041967
0,22189796
0,45249455
0,75196671
1,04476370
1,14838046
1,16855766
1,19146561
0,92749320
0,56748944
0,05532226
-0,26796809
-0,46154787
-0,33866416
0,02589085
0,39317661
0,60389942
0,72481093
0,85042539
0,77123366
0,72996901
0,79945140
0,55762840
0,41760165
0,43550323
0,78610107
1,01730450
1,33134065
1,73185053
1,70257083
1,70909429
1,77281177
1,69953666
1,29599262
1,07100924
0,59783109
0,50088950
0,20824421
0,42549048
0,74438130
0,73694759
0,77730199
0,89608958
0,92749320
0,75014621
0,78246008
0,93568544
0,86650647
0,98832822
1,28567646
1,40704309
1,62231715
1,79389922
1,83789462
1,89068910
1,94606263
1,88659298
1,60578094
1,26656122
1,07510536
0,76379996
0,61178825
0,66124516
0,81477394
0,82509010
0,90079254
0,97391593
0,84238485
0,69462098
0,48131913
0,35767688
0,40910598
0,60571992
0,71919772
0,81507736
0,85436980
1,06327211
1,08557323
1,06934044
1,01654596
0,92961711
0,93826449
1,05477645
0,95040115
0,87302992
0,97239885
1,03899879
1,27702909
1,32147962
1,26519584
1,22696535
1,01214642
0,88986954
0,86362401
0,65350803
0,34129238
0,48389817
0,78913524
0,96086902
1,23182002
1,31571470
1,00258880
1,14352580
1,02443479
0,78230837
0,47798155
0,07504434
-0,23580594
-0,29193800
-0,05527308
0,36768962
0,62089075
0,82326960
1,01927671
1,14534630
1,02928946
0,91247408
1,01062934
0,54973957
0,27711978
0,58569443
1,09057960
1,30630879
1,50565347
1,85549278
1,82287550
1,93529134
1,81999304
1,69862641
1,33391970
0,73816126
0,24647470
0,06442476
0,01891227
0,20141734
0,37239258
0,41942215
0,55990402
0,57067531
0,57128214
0,48313963
0,24526104
-0,09547577
-0,09608261
0,24541274
0,80294069
0,93447178
0,96314464
1,24107422
1,32936845
1,44284624
1,27763592
0,87833971
0,59267301
0,39090099
0,07731996
-0,01658747
0,14467844
0,47479567
0,78352203
0,97073006
1,01290496
0,90064083
0,70842643
0,62938642
0,49345579
0,09249079
-0,08743523
0,06579013
0,29426281
0,54367123
0,80506461
1,06843019
1,05659695
1,03141337
1,09012448
0,97027493
0,67580915
0,29881406
0,08581563
-0,24141914
-0,20106474
0,18002647
0,47100297
0,59100422
0,85482493
0,71479818
0,57537827
0,41259528
0,48344304
0,06897601
-0,08758694
0,10189671
0,57340606
0,73907151
1,15748296
1,31965912
1,36941943
1,54282200
1,48623481
1,13078230
0,85497664
0,50346854
0,28425007
0,28682911
0,60875409
1,07996002
1,33118895
1,02686212
0,97194373
0,89684812
0,72541776
0,61967709
0,47464396
0,44824672
0,54078878
0,65730074
0,86574792
1,08466298
1,50004027
1,65796859
1,70272254
1,78525185
1,88598615
1,76173706
1,64401143
1,43662620
1,18524557
1,21240136
1,18888657
1,19283099
1,30008875
1,45725853
1,48638652
1,50140564
1,51900380
1,44163258
1,29599262
1,20709157
1,14701509
1,23834347
1,43161983
1,53447805
1,74277353
1,84866591
1,64841097
1,56648850
1,22029019
0,99272776
0,59995501
0,18988751
-0,02204896
-0,13203747
-0,00217518
0,02027765
0,07534776
0,19701780
0,24526104
0,33583088
0,05562568
0,00131411
0,20612030
-0,01431184
-0,16086205
-0,09107623
0,22508383
0,37603358
0,61937367
0,72754168
0,73269976
0,84784635
0,79383820
0,78291520
0,72754168
0,38589462
0,20612030
0,13132811
0,18169526
0,43808227
0,67793307
0,77047512
0,83525456
0,71115718
0,36859987
0,37846091
0,58690810
0,31656393
0,29957260
0,61451900
0,80157532
1,10954314
1,33209920
1,44436333
1,38079756
1,30797758
1,41751096
1,31101174
1,10392993
0,73239634
0,38725999
0,26665190
0,30397214
0,61664292
0,79338307
0,68066382
0,75302867
0,72465922
0,54473319
0,47024442
0,41411236
0,17410985
0,18002647
0,24192345
0,73376172
1,02109721
1,12152809
1,16552350
1,09983381
1,13745746
1,22620681
1,28734525
1,14959413
1,02792408
0,85770739
0,61406388
0,76774437
1,02306942
1,17326062
1,14200871
1,10878460
1,03778512
0,82281448
0,86241034
0,95995877
0,75439404
0,60496138
0,75575942
1,08572494
1,18676266
1,20876036
1,37154335
1,34802857
1,35333836
1,29356529
1,18099774
1,00971909
0,52941066
0,24526104
0,35176025
0,21097496
0,40485815
0,61512584
0,55853865
0,47661617
0,41547773
0,27378219
0,20945788
0,14361648
-0,25128018
-0,31469425
0,01633323
0,45249455
0,68946290
0,84481218
0,87940167
0,88152559
0,89927546
0,87120942
0,56445527
0,14725748
-0,44561850
-0,81457305
-0,83004729
-0,70731529
-0,48051140
-0,25234214
-0,03782663
-0,06194824
0,04773685
0,00844440
-0,04055737
-0,05982433
-0,01719430
-0,05223891
0,08080925
0,21370571
0,30973706
0,38149508
0,44824672
0,49026992
0,45355651
0,32839718
0,26650020
-0,08394594
-0,28708334
-0,49826127
-0,47413966
-0,27388472
0,02391865
0,24768837
0,15438777
0,06685209
-0,05148037
-0,15646250
-0,22958590
-0,33123045
-0,25825876
-0,04495691
0,13360374
0,26270749
0,28955986
0,43626177
0,57871585
0,56263477
0,74650521
0,67808478
0,50119291
0,29380769
-0,06437558
-0,37841173
-0,51054964
-0,39783039
-0,17163333
0,04364072
0,19641097
0,22826971
0,12601832
-0,08091178
-0,11641152
0,05471543
-0,29876488
-0,22230390
0,23585512
0,56764114
0,80354753
1,11121193
1,26049288
1,18858316
1,20223690
1,17614308
1,01958013
0,67019594
0,21203692
-0,13309943
-0,08515961
0,08991175
0,39727274
0,57992951
0,49497287
0,43565493
0,26088699
0,03620702
-0,10503340
0,09977279
0,05168126
-0,00065810
0,41016794
0,57780560
0,66792032
0,78428058
1,08481469
1,00304392
0,90731600
0,62468346
0,46690684
0,20323784
0,11509533
0,17077227
0,17759914
0,40895428
0,66003149
0,75636625
0,58372222
0,38574291
0,26574165
-0,03373050
-0,30255758
-0,12657597
-0,20091303
-0,26781639
0,02331181
0,39560395
0,82069056
1,00152684
1,23500589
1,23015123
1,26352705
1,14974584
0,98408039
0,78989378
0,24237858
-0,15661421
-0,08136690
0,01466444
0,53016920
0,87151284
0,69173852
0,65335632
0,55019469
0,22053259
0,09355275
0,29122865
0,22614579
0,15089848
0,34508509
0,52774186
0,82433156
1,24183277
1,31374249
1,28279400
1,27702909
1,18752120
1,14413263
0,73922321
0,26149382
-0,04222617
0,01072003
0,07686484
0,22933167
0,71646697
0,71707380
0,57264752
0,43762714
0,18912897
-0,00960888
0,04166852
0,03726898
-0,10639877
0,23873758
0,58736322
0,76637900
0,98726626
1,33680215
1,34469098
1,31950741
1,18661095
1,00805030
0,76986829
0,34341630
0,06579013
-0,05891408
0,10599283
0,38088824
0,64030941
0,53805803
0,39787957
0,41396065
0,38255703
0,36526229
0,40667865
0,37421308
0,30063456
0,39484541
0,52319062
0,77305416
0,91217066
1,18448703
1,33164407
1,16764741
1,10954314
0,97543302
0,77957762
0,57113043
0,42154606
0,23691708
0,29183548
0,29259402
0,48056059
0,50225487
0,47236834
0,33613430
0,19914172
0,17365473
0,10902700
0,20733396
0,34235434
0,48344304
0,79201770
0,82584865
0,98089451
1,18509387
1,41007725
1,25442455
1,11470122
0,87500213
0,53517557
0,23722050
0,10280696
0,02786306
0,17668889
0,37512333
0,62513858
0,55156007
0,40546499
0,35949738
0,13678961
0,17744743
0,27575440
-0,03661296
-0,05891408
0,09658692
0,35373246
0,57841243
0,72299043
0,95449727
1,22180727
1,23485418
1,05781061
0,96739248
0,51029541
0,34675388
0,21931892
0,32460447
0,48435329
0,64046112
0,94797382
0,82873110
0,68961461
0,59767938
0,38270874
0,36632425
0,31808101
0,22402188
0,11539874
0,11494362
0,41851190
0,74058859
0,94706357
1,15611758
1,31935570
1,48229040
1,30979808
1,23697810
0,88410463
0,60526480
0,28167102
0,17426156
0,28242957
0,77654345
1,00896055
0,76592387
0,75985554
0,58766664
0,44551597
0,35798029
0,29471794
0,15620827
0,00753415
0,39970007
0,63257229
0,90397841
1,02686212
1,34423586
1,43829500
1,45771366
1,45619657
1,14216042
0,79899628
0,46053509
0,29244231
0,22538725
0,44233010
0,85209418
1,20041640
0,91444628
0,78989378
0,66564470
0,57431631
0,43747543
0,56794456
0,61057459
0,77972933
0,80476119
1,16309617
1,42357929
1,63961189
1,95440658
2,17772118
2,18333439
2,07622834
1,72669245
1,65038318
1,39369276
1,20238861
1,16537179
1,31874887
1,63399868
1,64734901
1,48729677
1,59288574
1,60593265
1,42297246
1,17811529
1,19965786
0,93765765
0,87196796
0,77624004
0,89260029
1,11758368
1,37624631
1,57604612
1,40173330
1,62064836
1,37897706
1,17720504
0,91080529
0,57628852
0,53654094
0,55429081
0,66792032
0,74559496
0,88698709
0,68855265
0,51075054
0,51226762
0,36101446
0,33749967
0,16834494
0,09158054
-0,01749772
-0,00065810
0,11964658
0,30943364
0,50255829
0,69977906
0,79429332
0,86468597
0,60845067
0,46523805
0,31626051
0,17835768
-0,03266854
-0,00960888
0,10083475
0,15180873
0,38817024
0,43019344
0,40607182
0,40849915
0,40698207
0,42063581
0,36237983
0,34235434
0,26832070
0,18988751
0,26392116
0,25982503
0,17153081
0,38392241
0,50240658
0,58023293
0,57992951
0,61239509
0,53866486
0,47525080
0,34311288
0,45158430
0,50483391
0,65456999
0,74089201
0,83161356
0,80521632
0,79019720
0,87515384
0,73664417
0,58311539
0,39742445
0,07549946
-0,07332636
-0,12096277
-0,14205022
-0,13780239
-0,07150586
0,09264250
0,12556320
0,28273298
0,27590611
0,35828371
0,32915572
0,27332707
0,42958660
0,58812176
0,96117244
1,24941818
1,20602961
1,04051587
1,02944117
0,81735298
0,64607433
0,58979055
0,63181375
0,33173476
0,36268325
0,51818424
0,57158556
0,55717327
0,69962735
0,74256080
0,83146185
0,79550699
0,59919647
0,34478167
0,18563968
0,10584112
0,02528402
0,15757365
0,40303765
0,88759392
0,71403964
0,62058734
0,56779285
0,39848640
0,38528778
0,29729698
0,09977279
-0,31727329
0,01633323
0,27287194
0,24844691
0,34796755
0,61269850
0,61027117
0,64273674
0,63181375
0,56855139
0,25724599
0,18306064
-0,01188451
-0,03403392
0,09704204
0,46083851
0,69067656
0,75742821
0,64273674
0,49861387
0,31974980
0,00677561
0,11646070
-0,00991230
-0,24126744
0,04773685
0,38134337
0,52501112
0,71267426
0,90367500
1,10347481
1,04946666
0,95313190
0,83282723
0,48829771
0,20490663
0,13769986
0,07595459
0,04561293
0,45188772
0,73042413
0,53805803
0,52652820
0,42715927
0,35509783
0,33628601
0,38103995
0,22068429
0,11812949
0,57082702
0,78716303
1,03581291
1,25260405
1,40962213
1,31510787
1,32648599
1,15824150
1,01927671
0,76986829
0,44035789
0,13239007
0,24146833
0,35555296
0,70812302
0,87985680
1,01199471
0,77851566
0,70781960
0,71525331
0,65244608
0,62255954
0,54807077
0,54397465
0,72678314
1,07813953
1,22332435
1,38732101
1,67420138
1,92907130
1,93483622
1,77842497
1,55784112
1,34074657
0,74908425
0,59282472
0,68673215
0,93856790
1,25609334
1,38823126
1,48229040
1,50034368
1,39369276
1,20527107
1,02731725
1,01563571
0,95510411
1,21224965
1,51551451
1,86186453
2,08442058
2,27223544
2,53347711
2,56928027
2,46278105
2,12856770
1,71789337
1,49017923
1,16173079
1,12228664
1,16643375
1,07055411
1,33376799
1,47591865
1,29113796
1,29978533
1,13442330
0,98301843
0,92855516
1,04021245
0,63818550
0,18806701
0,31686735
0,72936218
1,04294320
1,11849393
1,25048014
1,15581417
1,25123868
1,34939394
1,25472797
0,96648223
0,98453551
1,03429583
1,06918874
1,31025320
1,51839697
1,49457877
1,03247533
0,88547000
0,96375148
0,85088051
0,85801080
0,86802355
0,99955463
1,01244984
1,36805406
1,70772891
1,74595940
1,80558076
1,95607538
2,05863018
2,11172808
1,96866716
1,71334212
1,50428810
1,09998552
0,67914673
0,61360875
0,79095574
1,07904977
1,17917724
1,30661220
1,39490643
1,30312291
1,15460050
1,08633177
1,03793683
0,99849268
0,90230962
1,25973434
1,41614559
1,64249435
1,72092753
1,94272505
2,02813681
2,04103202
1,87900757
1,67602188
1,24122593
0,89411737
0,72845193
0,89442079
1,17037816
1,34013973
1,41007725
1,43950866
1,37199847
1,21846969
0,87651921
0,74984279
0,88091875
0,91778387
1,06372724
1,32739624
1,48517286
1,60942194
1,64446656
1,75915802
1,72745099
1,71364553
1,52537555
1,41978658
1,12683788
0,84693610
0,71146060
0,67884332
0,86954063
1,05796232
1,20815353
1,21042915
1,12167980
1,12259005
0,90701258
0,78230837
0,88501488
0,60754042
0,46781709
0,59828622
0,74862913
0,84906001
0,99849268
1,39596838
1,56042017
1,61913127
1,64128068
1,39111372
0,96997152
0,76076579
0,66033491
0,75151159
0,74195396
0,91429458
1,11637001
1,20876036
1,02686212
1,04810128
0,89214517
0,70554398
0,64926020
0,70311664
0,69568294
0,75682138
0,97391593
1,14489117
1,30236437
1,42448954
1,57650124
1,60684290
1,43586766
1,25578993
1,04430858
0,57067531
0,40607182
0,50968858
0,59828622
0,79641724
0,99287947
0,74847742
0,76213117
0,70948839
0,56172452
0,48480842
0,42791781
0,34462996
0,41380894
0,58250856
0,81841494
0,98650772
1,12911351
1,34984907
1,47060886
1,48138015
1,27930471
1,09528256
0,96284123
0,70903327
0,61967709
0,71843918
0,74665692
0,89851691
1,01624254
1,00243709
0,92461074
0,75666967
0,61861513
0,61193996
0,76440679
0,44248181
0,37497162
0,96284123
1,08982106
1,40673967
1,69968837
1,84775566
1,72077582
1,89675744
1,82848871
1,66813305
1,45589316
0,91399116
0,78701132
0,74301592
0,83449602
1,17720504
1,46545078
1,43738475
1,38747272
1,50049539
1,31708008
1,28415938
1,18661095
0,95874510
0,80248557
0,97467447
1,33482994
1,32147962
1,39308593
1,47940794
1,54115321
1,42357929
1,33740899
1,28582817
1,10620556
1,11288072
1,10817777
1,02580017
1,15733125
1,41341484
1,37078481
1,37821851
1,36456477
1,28916575
1,07707757
1,09057960
1,21164282
0,98681114
0,85482493
1,03854366
1,28871063
1,65296222
1,77554252
1,89524035
1,87779390
1,86034745
1,62565473
1,28355254
0,74271251
0,40743719
0,37102720
0,49573142
0,53593411
0,83661993
1,15353854
1,20223690
1,14625655
1,07525707
0,80112020
0,75545600
0,77942591
0,61967709
0,49133188
0,53911999
0,79004549
0,87302992
1,01730450
1,30979808
1,29872337
1,28249059
1,19237586
1,18873487
0,89988229
0,64728799
0,67323011
0,69113169
0,84177802
1,21816627
1,45452778
1,02382796
1,04567395
1,07146436
0,96997152
0,96557198
1,09998552
1,05568670
0,89153833
1,06084478
1,43101300
1,75718581
1,90146039
2,01994456
1,99415415
1,97488720
1,89979160
1,73716032
1,71319041
1,42873737
1,24517035
1,21073257
1,34954565
1,30858441
1,40127817
1,28689013
1,38428685
1,47485669
1,50095052
1,45558974
1,47955965
1,40901530
1,23773664
1,17052987
1,20269203
1,46742299
1,66115447
1,61867615
1,72502366
1,81149738
1,76795710
1,61321465
1,45725853
1,31480445
1,33695386
1,29857166
1,28249059
1,27156759
1,37897706
1,56512312
1,53462976
1,59834724
1,59956090
1,60213994
1,60517411
1,67829750
1,77068785
1,76583318
1,80467051
1,79253384
1,78646551
1,80967688
1,79389922
1,74262182
1,62808206
1,53599513
1,59804382
1,25427284
1,03550950
0,92461074
0,91550824
0,70675764
0,87803630
1,14640825
1,07267803
1,05781061
0,93583715
1,07009899
1,20678815
0,83297894
0,55292544
0,61633950
0,83024819
0,82751744
0,87196796
1,07313315
1,13669892
1,16188250
1,26185826
1,08769715
1,01502888
0,56354502
0,44354377
0,59403839
0,64334358
0,89077979
1,07131265
1,12228664
1,05356278
1,00820201
0,76926146
0,61436730
0,88213242
0,84466047
0,68627702
0,75454575
1,11257731
1,37852193
1,44845945
1,55693088
1,53857417
1,52719605
1,43935695
1,38671418
1,11272901
0,69917223
0,54412636
0,53077603
0,67125790
1,01093275
1,02155233
1,13851942
1,02155233
0,97679839
0,92461074
0,79141086
1,03550950
0,82509010
0,69006973
1,00198197
1,34347732
1,70196400
1,90312918
1,99885711
2,04725205
1,93999430
1,82894383
1,68815854
1,39763718
1,11166706
0,95768315
0,93371324
1,16082054
1,38944493
1,23940543
1,22681365
1,17128841
1,15399367
0,99409313
0,87682263
1,06008624
0,64668116
0,78807328
0,93432007
1,30494341
1,58014224
1,80482221
1,98125895
2,01584844
1,96350908
1,85928549
1,71470749
1,36426135
1,15869662
1,01563571
1,05234912
1,22013848
1,41842121
1,41204946
1,49518560
1,42206221
1,36486819
1,21513211
1,29675117
1,21058086
1,03186850
0,88926271
0,92703807
1,28173204
1,59743699
1,79465776
1,78874114
1,71015624
1,73898082
1,67465650
1,55071084
1,17659820
0,77699858
0,62346979
0,62665567
0,86544451
1,17568795
1,35910327
1,51475597
1,46863665
1,42615833
1,23030294
1,18554899
1,06812678
1,03414412
1,20678815
1,26671292
1,49837148
1,58256958
1,77508739
2,00416690
1,95607538
1,95713733
2,07683517
1,84987958
1,62641327
1,38898980
1,34590465
1,57877687
1,71971387
1,88006952
1,81073884
1,63081281
1,62155860
1,49700610
1,35561398
1,21695261
1,14974584
1,15748296
0,98225989
0,96102073
1,05932770
1,20800182
1,27915300
1,37472922
1,32936845
1,15156634
0,96496514
0,73057584
0,65987978
0,86756842
0,92764491
0,94842894
1,14625655
1,20906378
1,38807955
1,47182253
1,45149362
1,37579118
1,20011299
1,08193223
1,15156634
0,85270101
0,62271125
0,50013096
0,66822374
0,44126814
0,53001749
0,69340731
0,85573518
1,00258880
0,93523032
1,04036416
0,82812427
0,99636876
1,09937869
1,19101049
1,33589190
1,50565347
1,49002752
1,33043040
1,16886108
1,17128841
0,97391593
0,89335883
0,97042664
1,12683788
0,94129865
1,20785011
1,26823001
1,22135215
1,29311017
1,39172055
1,48714506
1,40036792
1,36805406
1,40886359
1,40082305
1,12061785
1,00076830
1,19010024
1,16779912
1,35015248
1,27596713
1,22438631
0,97649497
0,96799931
0,92445903
0,86726501
0,89821350
0,81720127
0,86453426
0,75454575
1,06660970
1,12259005
1,15733125
1,28385596
1,43313691
1,44269454
1,44845945
1,30615708
1,37670143
1,41083580
1,40097476
1,39384447
1,40825676
1,52385847
1,66828476
1,51991405
1,26640951
1,21755944
1,13093401
1,09892356
1,34196023
1,39126543
1,60835998
1,62808206
1,61806931
1,59409941
1,60259507
1,61958640
1,59273403
1,58545203
1,54191175
1,46772640
1,21482869
1,30797758
1,34044315
1,33149236
1,24790110
1,42084854
1,37821851
1,52674093
1,43875012
1,38519710
1,16233762
0,94205719
1,06873361
1,11864564
0,96102073
1,06615457
1,33528507
1,49336510
1,66282326
1,90692189
1,92618884
1,73670519
1,63111623
1,29523408
0,91550824
0,54594686
0,44627451
0,58448076
0,82160081
1,16597862
1,12031443
1,24304643
1,04779787
1,04794958
0,81325686
0,69871710
0,77259904
0,84268827
0,85254930
0,95358702
1,19040366
1,12228664
1,33255432
1,36805406
1,41159434
1,47773915
1,30843270
1,19161732
0,92005949
0,63727525
0,67323011
0,79292795
0,86817526
1,13578867
1,23394393
1,20997403
1,17326062
1,08845569
1,05416962
0,88501488
0,93007224
1,00334734
0,97679839
0,88729050
1,15232488
1,24592889
1,36941943
1,52780288
1,59106524
1,45513462
1,28340084
1,20451253
1,28628329
0,92734149
0,89320712
0,91520483
0,96693735
1,11819051
1,27854617
1,34378073
1,24790110
1,19753395
1,01806304
1,05083203
1,13685063
0,84587414
0,51484666
0,70235810
1,10741922
1,42570321
1,77068785
1,96699837
1,95243438
1,93817380
1,80831150
1,62990256
1,24046739
0,98605260
0,69158681
1,03596462
1,30130241
1,65812030
1,76568148
1,69710933
1,51263206
1,46878836
1,29295846
1,15854492
1,28810379
1,44876287
1,21164282
1,27930471
1,40476746
1,47607036
1,38474197
1,25624505
1,26640951
1,15202146
1,06706482
0,94994602
0,82600035
0,95282848
0,96936468
0,99500338
1,33012699
1,47940794
1,56588166
1,60653948
1,54494592
1,46954690
1,22696535
1,16097225
1,34514611
0,77002000
0,75105646
0,79490016
0,85770739
0,86256205
0,92916199
0,82964135
1,00471271
1,10104748
1,15247659
1,13912626
0,91672191
0,78868012
0,77563320
0,78549424
0,98013597
1,24137764
1,22453802
1,12046614
1,08815227
1,04734274
0,90792283
0,94190548
1,11970760
1,14352580
1,08375273
1,21209794
1,29311017
1,47955965
1,53220242
1,59895407
1,49776464
1,49852319
1,55328988
1,45164532
1,47667719
1,23758493
1,06782336
1,06448578
1,17432258
1,16658546
1,02140063
1,27308467
1,12805155
1,06312040
0,95737973
0,88122217
1,08906252
1,03915050
0,92491416
0,91914924
1,13032718
1,29705458
1,44679066
1,64052214
1,61640052
1,58317641
1,51035643
1,35561398
1,04081929
0,76516533
0,70342006
0,76835121
0,88410463
1,00622980
1,01457375
1,10135089
1,06327211
1,13032718
0,97421935
0,86150009
0,96526856
0,97346081
0,92627953
0,98832822
1,02640700
1,20481594
1,40249184
1,46347857
1,42084854
1,40522259
1,40142988
1,27520859
1,11166706
0,86195522
0,91823899
0,92445903
1,09907527
1,21877311
1,19116220
1,16461325
1,09619281
1,06524432
1,11121193
1,02170404
0,99606534
1,02094550
1,04992178
1,07783611
1,20026470
1,28613158
1,45756195
1,51445256
1,48350406
1,27171930
1,13700234
1,09315865
1,22256581
1,01882159
1,09118644
1,19829249
1,21937994
1,16749571
1,17083329
0,97330910
0,93477520
0,80673340
0,63317912
0,65745245
0,80278899
0,56430356
0,46736197
0,71555672
1,09467573
1,35925498
1,43783987
1,58044566
1,62292398
1,45422437
1,32618257
1,30069558
1,12486568
0,83601310
0,70660593
1,00577467
1,17978408
1,36835748
1,44800433
1,26898855
1,22666194
1,05750720
0,90898479
0,93932644
1,20132665
0,99530680
1,00562296
1,20405740
1,40901530
1,61533857
1,66813305
1,76006827
1,89812281
1,80072609
1,77053614
1,63779139
1,46196149
1,22620681
1,06691311
1,36577844
1,48046990
1,60547753
1,68618633
1,64325289
1,54706984
1,38322489
1,11318414
1,00304392
1,41523534
1,12744472
0,88380121
1,16127567
1,58029395
1,85291374
2,09792262
2,08715133
2,24037670
2,22641954
2,09079233
1,90449456
1,44921799
1,07237461
0,98802480
1,19192074
1,43268179
1,62959914
1,57953541
1,61700736
1,57270854
1,56117871
1,44557699
1,33391970
1,51354231
1,05113545
0,82129740
0,99909951
1,40901530
1,82788187
1,97913503
1,97625258
2,07471125
2,05377551
2,02495094
1,84896933
1,20314715
0,79141086
0,67368524
0,95358702
1,13715405
1,43677791
1,54889034
1,57179829
1,44891458
1,34347732
1,30630879
1,30464000
1,49033094
0,96708906
0,69189023
0,90473695
1,45103849
1,77114297
1,90388772
2,05241014
2,06318142
1,87415290
1,87658023
1,68997904
1,11090851
0,75803504
0,75833846
1,12410714
1,21725602
1,39126543
1,52689263
1,38276976
1,38807955
1,49791635
1,33027870
1,27080905
1,33134065
1,35151786
1,28264229
1,53235413
1,59000328
1,66707109
1,70863916
1,74489744
1,75278627
1,77281177
1,63794310
1,51885210
1,39293422
1,09224840
0,95753144
1,08162882
1,09679964
1,18554899
1,27672567
1,12789984
1,05401791
1,14018821
0,99652047
0,90625404
0,96041390
0,98696285
1,04172954
1,00865713
0,97285397
1,07889807
1,15080779
1,18175628
1,23166831
1,21862140
0,98605260
0,83601310
0,83813702
0,68142236
0,94691186
0,95449727
0,90701258
1,00911226
1,21224965
0,96981981
0,94129865
0,83995752
0,75818675
0,72845193
0,97512960
0,67095449
0,45780434
0,52137012
0,87227138
0,98180476
1,18266653
1,45073508
1,52158284
1,51414914
1,42251733
1,34711832
1,10180602
0,87485042
0,96162756
1,10165431
1,43996379
1,68284875
1,59288574
1,54100151
1,50459152
1,38838297
1,19905103
1,20648473
1,43359204
1,52749947
1,34226365
1,34529782
1,40825676
1,41341484
1,50034368
1,51551451
1,53538830
1,56588166
1,35288323
1,08526981
0,73861638
0,99060384
1,11788710
1,14610484
1,40491917
1,45923074
1,46438882
1,40704309
1,29022771
1,23940543
0,96359977
0,83722677
0,87788459
0,83844043
0,42275973
0,42473194
0,57780560
0,58797005
0,59009397
0,71661868
0,63651671
0,72511434
0,59646572
0,59176276
0,60268576
0,49087675
0,48480842
0,61770488
0,66276224
0,97073006
1,03869537
0,94463623
1,01396692
0,69113169
0,51332958
0,61846342
0,76668241
0,39439028
0,14847115
0,14831944
0,41805677
0,40227911
0,38908049
0,20900276
0,35540125
0,44035789
0,40713378
0,22159454
0,28258127
0,05228810
-0,01962163
0,16834494
0,40880257
0,68339457
0,88607684
0,88698709
0,92066632
0,90504037
0,75545600
0,68111894
0,65927295
0,29062181
0,00707903
-0,01158109
0,12981103
-0,01340159
0,11403337
0,31337806
0,43398614
0,57522656
0,56703431
0,44233010
0,14574040
0,00131411
0,04970906
0,35964908
0,73785784
0,85012197
1,16658546
1,14018821
1,20997403
1,24259131
1,11394268
1,02367625
1,04901153
1,16719229
1,09513085
1,11379097
1,16825425
1,27945642
1,43268179
1,55693088
1,67966288
1,78054889
1,81073884
1,64659047
1,39885084
1,13791259
1,14231213
1,41720754
1,45285899
1,48820702
1,42524808
1,60972536
1,73124370
1,70727379
1,46044441
1,34635977
1,42464125
1,60972536
1,63050939
1,38625905
1,60623607
1,78039718
1,97200475
2,00462203
2,00947669
2,01508990
1,88325540
1,65690664
1,24592889
1,19283099
1,28552475
1,30221266
1,22635852
1,15080779
1,18175628
1,14868388
1,15111121
1,04794958
0,99394143
1,05963111
1,01927671
1,01927671
0,80096849
0,90868137
1,18312166
1,43571595
1,50155735
1,60866340
1,58985157
1,57286025
1,54479421
1,39460301
0,97164031
0,68005698
0,72359726
1,05219741
1,11060510
1,20648473
1,23485418
1,50914277
1,56042017
1,47182253
1,27445005
1,25563822
1,42813054
0,91550824
0,64167479
0,66731349
0,85072880
1,00850542
0,93249957
0,96921298
0,88349779
0,74589838
0,49527629
0,60541651
0,33886505
0,17213764
0,39484541
0,44506085
0,72784509
0,94584990
1,11014997
1,13290622
1,10423335
0,99151409
0,91975607
0,88835246
0,95616606
0,71024693
0,47843667
0,55080152
0,70645422
0,64091625
0,51257104
0,39302491
0,55899377
0,57947439
0,58235685
0,68066382
0,44733647
0,40789232
0,66230711
0,57355777
0,89502762
0,96193098
1,10650897
1,02928946
0,99758243
0,95813827
0,87940167
0,87136113
0,97861889
0,88486317
0,70812302
0,67201644
0,65335632
0,70645422
0,60784384
0,63499962
0,61512584
0,72450751
0,47980205
0,82736573
0,71661868
0,53760290
0,75955212
0,95950365
0,98878334
0,88986954
0,91641849
1,00759517
0,98104622
0,90746770
0,94797382
0,95707631
0,83237210
0,67899503
0,40698207
0,46053509
0,34296117
0,38058483
0,41517432
0,30973706
0,21734671
0,44157156
0,48844942
0,35327734
0,16819323
0,22098771
0,36602083
0,53396190
0,75606283
0,70675764
0,65836270
0,87621580
1,02382796
0,93871961
0,89684812
0,90549550
0,90321987
1,03975733
0,81507736
0,59358326
0,52000474
0,41426407
0,32870059
0,54579515
0,75151159
0,87758117
0,87424359
0,71646697
0,37148233
0,46053509
0,38619803
0,47206492
0,67580915
0,71965285
0,89047638
0,67156132
0,71586014
0,70903327
0,61998050
0,49633825
0,55322886
0,66898228
0,80430607
1,01229813
0,93083078
0,95252506
0,78868012
0,84344681
0,81173978
0,89730325
0,87257480
0,74817400
0,46174876
0,43823398
0,37603358
0,51651545
0,52880382
0,43080027
0,65987978
0,61254680
0,59054909
0,60101697
0,50938516
0,39530053
0,55429081
0,06745893
-0,05254233
-0,05785212
0,09992450
0,18048160
0,25299816
0,26998949
0,43975106
0,35160854
0,36268325
0,26953436
0,13694132
0,01481615
0,05380518
0,05137785
0,13724474
0,19550072
0,31838443
0,46205218
0,44839843
0,37679212
0,27651294
0,30351702
0,21825696
-0,03964712
-0,22791711
-0,13476822
-0,06740974
-0,06589266
-0,08045665
-0,07105074
-0,01704259
0,00935465
0,06609355
0,15772536
0,13663790
0,18381918
0,30260677
0,27454074
0,50923345
0,47555421
0,67626428
0,78170153
0,78109470
0,57992951
0,54109219
0,63226887
0,50923345
0,38270874
0,46129364
0,46872734
0,62589713
0,65259778
0,73285147
0,82008373
0,93098249
1,00319563
0,96617881
0,94190548
0,78382545
0,73194122
0,60359601
0,94873236
1,12789984
1,17037816
1,12562422
1,28431109
1,39748547
1,47136740
1,44876287
1,34135340
1,22651023
1,21240136
1,04688762
0,94584990
0,96011048
0,93644399
0,96951639
1,05781061
1,08966935
1,08087027
1,09391719
1,12547251
1,04719103
1,00926396
1,09528256
1,16901279
1,39323763
1,31222541
1,24395668
1,29447554
1,28491792
1,19389295
1,10119918
1,08041515
0,99318289
0,93568544
0,73725101
0,80885732
0,95176652
1,01442205
1,10696410
1,39081030
1,54221517
1,41629729
1,19844420
0,94812552
0,67853990
0,33537576
0,40500986
0,63393766
0,64531579
0,81204319
1,08739373
1,09588939
1,20405740
1,21998677
1,19480320
1,17735674
1,22635852
1,32072107
1,29128967
1,16506837
1,31283224
1,33968461
1,41933146
1,40461576
1,41493192
1,41872463
1,44041891
1,26307193
0,96815102
0,91884583
1,05826574
1,12683788
1,24183277
1,19010024
1,23804006
1,29826825
1,35075931
1,29417212
1,23591614
1,04294320
0,98408039
1,06949215
1,17204695
1,24319814
1,20800182
1,23728152
1,33528507
1,30145412
1,25882409
1,17523283
1,18463874
0,96860614
0,59646572
0,45294968
0,47616105
0,66412761
0,80612657
0,92992053
0,93780936
0,96906127
0,90640575
0,97740522
1,01260155
0,79292795
0,83479943
0,98225989
0,65912124
0,54124390
0,82964135
1,03824025
1,07722928
1,22802731
1,39187226
1,31935570
1,17644649
0,87833971
0,81295344
0,76774437
0,86847867
0,92218341
1,06782336
1,17326062
1,16142737
1,29826825
1,31965912
1,34226365
1,29417212
1,12061785
1,04870812
1,28431109
1,03202021
0,95252506
1,07601561
1,25943093
1,01745621
1,09816502
1,21391844
1,10362652
1,02504163
0,74256080
0,69871710
0,59206618
0,86847867
0,88364950
0,98696285
1,14033992
1,11637001
1,17568795
1,16522008
1,26216168
1,15111121
0,95586265
0,98301843
1,16643375
0,88182900
0,76562046
0,86529280
1,04142612
0,92901028
0,91732874
0,98225989
0,95131140
0,87970509
0,71768064
0,68020869
0,78534253
0,79307966
0,67762965
0,77942591
1,04810128
1,13078230
1,09877185
1,02534504
0,96344806
0,93098249
0,73118268
0,63651671
0,66079003
0,48920796
0,26862411
0,39044587
0,57977781
0,41851190
0,25041912
0,42958660
0,37770237
0,30124139
0,31792930
0,44809501
0,37709554
0,51287445
0,28910473
0,45871459
0,65623878
0,83328235
0,82903452
0,93295470
1,01138788
1,08860740
0,81249832
0,68400140
0,69735173
0,44627451
0,31701906
0,27772661
0,50999199
0,36586912
0,51681887
0,64091625
0,81173978
0,89093150
0,74362275
0,61952538
0,41517432
0,63029667
0,76653071
1,07829123
1,14428434
1,08966935
1,35212469
1,34499440
1,38064585
1,42722029
1,20466424
1,07510536
1,29265504
1,26868513
1,22711706
1,34590465
1,56694362
1,47167082
1,46969861
1,53341609
1,48062161
1,44269454
1,14125017
0,87545726
0,81583590
0,86089326
1,12774813
1,19950615
1,35303494
1,20056811
1,34802857
1,26125143
1,21042915
1,22681365
1,02534504
0,93462349
0,99576193
1,00668492
0,90200621
0,89108321
1,07965661
1,15475221
1,19176903
1,06585115
0,92764491
0,91550824
0,78852841
0,40971282
0,32157030
0,24207516
0,33097622
0,61649121
0,73800955
0,76789608
0,86908551
0,70736447
0,53107945
0,53729949
0,42700756
0,36647596
0,47904350
0,29198719
0,00328632
0,41107819
0,95237336
1,10468848
1,12820326
1,11045339
1,06372724
0,86286547
0,47555421
0,28106419
0,05274322
0,05501885
0,20596859
0,45598385
0,55444252
0,96860614
1,11485293
1,34347732
1,27020221
1,11454951
0,87591238
0,70023419
0,65563195
0,29395940
0,19732122
0,50104121
1,08390444
1,30949466
1,35515886
1,25184551
1,26246509
1,02306942
0,48541525
0,24556445
-0,15266980
0,06776234
0,25254303
0,63272400
0,78306691
0,98590089
1,14655996
1,21300819
1,36319939
1,24865964
1,10787435
1,00683663
1,12638276
0,72177676
0,56369673
0,92005949
1,11697685
1,22878585
1,22256581
1,33331286
1,29022771
1,10317139
0,79171428
0,70508885
0,46265901
0,70190298
0,88744221
1,10544702
1,28764867
1,31677666
1,36380623
1,46211320
1,54600788
1,50808081
1,37351556
1,24926647
1,03035142
0,76182775
0,63044837
0,62771762
0,97679839
0,93583715
1,16188250
1,16795083
1,04339833
0,86332059
0,51879108
0,31125414
0,04713001
0,06305938
0,34629875
0,64592262
0,95646948
1,11667343
1,40567771
1,43617108
1,51612135
1,38701760
1,39900255
1,12714130
1,23257856
1,22226240
1,01032592
1,02261429
1,20223690
1,13927796
1,17902554
1,23530931
1,21573894
1,29781312
1,06797507
0,88820075
0,72056310
0,78959037
0,92339707
1,26549926
1,25730701
1,34393244
1,50004027
1,80042267
1,84593516
1,85549278
1,80831150
1,65554126
1,60047115
1,54919375
1,56512312
1,40643626
1,27293296
1,20785011
1,19161732
1,27884959
1,39020347
1,43556425
1,46969861
1,47333961
1,42145538
1,64370801
1,56830900
1,69771616
1,88583444
1,91799660
1,81711059
1,75248286
1,77235664
1,77266006
1,68269704
1,64856268
1,41280800
1,62140690
1,59910578
1,54160834
1,42494467
1,18721778
1,26185826
1,27839446
1,24547376
1,16673716
0,93310640
0,71798405
0,57006848
0,68961461
1,07692586
1,20390569
1,54889034
1,76128194
1,94166309
2,01736552
2,06970488
1,88826177
1,74201498
1,74656623
1,72517536
1,45695511
1,30130241
1,36608185
1,47940794
1,38792784
1,49078606
1,62929573
1,48562798
1,43753645
1,47060886
1,35773790
1,32921674
1,50095052
1,41538704
1,52385847
1,60138140
1,68664146
1,74004278
1,45832049
1,47864940
1,42964762
1,44102574
1,47045715
1,51111497
1,40400892
1,24547376
1,24850793
1,41462850
1,46256832
1,45528632
1,38489368
1,38428685
1,15960687
1,04521883
0,95358702
0,74953938
0,75924871
0,84466047
1,01639425
1,20769840
1,45179703
1,55677917
1,75051065
1,76704685
1,62171031
1,48304894
1,37700485
1,19510661
1,12031443
0,97406764
0,92309366
1,09482744
1,29811654
1,29659946
1,40840846
1,39156884
1,21740773
0,92324537
0,83753018
0,88653196
0,98453551
1,17492941
1,36183402
1,58605887
1,75657898
1,86034745
1,60107799
1,65174855
1,65463101
1,55586892
1,58833449
1,60911853
1,33847094
1,13123743
0,95586265
1,12410714
1,22605510
1,23151660
1,33012699
1,17766016
0,82797256
0,62362150
0,41911873
0,36237983
0,32627326
0,59434180
0,98225989
0,97057835
1,45255557
1,54585617
1,53174730
1,60426386
1,59470624
1,40992555
1,34211194
1,58074908
1,30054387
1,10681239
1,25745872
1,43192325
1,43935695
1,41720754
1,39050689
1,48229040
1,46180978
1,34074657
1,13017547
1,17781187
1,41356655
1,56755046
1,50474322
1,50914277
1,74702136
2,05893359
1,82151013
1,84957616
1,75324140
1,69437858
1,67071209
1,71394895
1,88249686
1,96017150
1,99855370
2,01736552
2,07713859
2,06758097
2,01615186
1,87779390
1,74155986
1,51536280
1,18281824
1,00425759
0,97740522
1,20982232
1,41705584
1,31708008
1,31101174
1,52795459
1,64431485
1,84548003
1,82864042
1,75612385
1,67465650
1,76932248
1,91921026
1,97655599
2,04755547
1,96790862
2,02889535
1,86535382
2,18591343
2,12401645
2,11916178
2,05984384
1,88795835
1,40992555
1,41538704
1,42373100
1,41948317
1,41993829
1,16688887
1,53690538
1,64370801
1,85943720
1,76310244
1,69953666
1,63324014
1,77842497
1,50004027
1,16643375
1,33088553
1,58863791
1,58484520
1,59774040
1,66206472
1,66160959
1,53508488
1,45331412
1,26489242
1,28749696
1,33619532
1,29386871
1,44906628
1,55162109
1,67071209
1,80497392
1,66782963
1,77038443
1,85852695
1,67131892
1,68026971
1,57877687
1,47500840
1,19889932
1,33968461
1,32618257
1,36244085
1,35273152
1,41144263
1,39414788
1,38125268
1,40689138
1,37063310
1,31434933
1,47546353
1,55647575
1,67875263
1,70014350
1,83486045
1,77432885
1,79040993
1,84502491
1,81695888
1,80482221
1,83713608
1,87991782
1,89372327
1,55723429
1,51081156
1,53857417
1,50307443
1,50201248
1,50853593
1,53629855
1,52446530
1,23121319
1,15581417
1,10544702
1,19586515
1,35182127
1,52825801
1,75991656
1,87263582
1,74914527
1,73488469
1,79905730
1,73260907
1,69923325
1,78601039
1,85139666
1,72502366
1,37943218
1,37609460
1,66282326
1,88431736
1,91450730
1,88841348
1,71152162
1,56133042
1,48668994
1,22286923
1,03126166
1,16264104
1,09983381
1,05128716
1,33543678
1,22681365
1,40264355
1,76780539
1,82848871
1,78965139
1,61336636
1,63475723
1,80102951
1,42661346
1,48001477
1,37700485
1,48577969
1,49366852
1,22575169
1,28506963
1,18570070
1,08162882
0,88410463
0,84375022
0,64834995
0,79763090
1,35288323
1,35030419
1,53660196
1,64279776
1,62307569
1,39824401
1,30084729
1,18084603
1,04021245
1,03930220
1,12107297
1,29644775
1,06569945
1,10256456
1,33225090
1,37867364
1,39642351
1,45225216
1,41538704
1,26034118
1,06099649
0,95222165
0,95237336
1,08481469
1,28855892
1,22544827
1,07859465
1,19965786
1,49427535
1,44132916
1,56952266
1,48820702
1,52476872
1,49882660
1,66327838
1,75369652
1,78828601
1,56679191
1,75081406
1,86429186
1,78449330
1,59880236
1,78039718
1,73458128
1,63506064
1,51733501
1,43237837
1,45649999
1,38777614
1,60213994
1,63490893
1,59637503
1,69270979
1,41781438
1,46651274
1,54889034
1,55086254
1,54995229
1,38823126
1,03080654
0,64683287
0,60936092
0,74407788
0,93083078
0,86847867
1,04794958
1,10468848
1,02731725
0,91004674
0,83995752
0,85179076
0,78898353
0,94812552
1,04719103
1,18949341
1,29538579
1,38231464
1,46863665
1,45543803
1,36547502
1,28446279
1,31298395
1,37563947
1,31495616
1,09482744
1,10468848
1,36213744
1,50944618
1,62064836
1,72563049
1,66949842
1,62049665
1,51369401
1,48987581
1,44891458
1,44497016
1,48244211
1,59516136
1,91632780
1,74034619
1,42009000
1,90965264
1,93741526
1,72547878
1,51308718
1,36593014
1,23621956
0,97421935
1,09118644
0,69537952
0,80445778
0,85285272
0,63378596
0,62377321
0,50028266
0,43474468
0,42731098
0,47752642
0,69537952
0,57416460
0,60086526
0,79277624
0,87955338
1,00531955
1,12532080
1,42813054
1,39703034
1,43723304
1,30888783
1,20329886
1,28931746
0,91672191
0,75211842
0,77411612
0,68218090
0,63135862
0,62316638
0,48587038
0,53229311
0,51408812
0,46675513
0,34902950
0,36404862
0,40804403
0,43565493
0,75864188
0,88182900
1,29508237
1,52158284
1,39126543
1,36274427
1,27414663
1,26625780
1,22817902
1,28051838
1,01791134
0,74453300
0,86043813
0,93871961
1,04643249
1,26034118
1,15338683
1,14883559
1,15171804
1,05826574
1,05068033
0,89184175
0,98256331
1,20542278
1,43253008
1,56588166
1,58954816
1,67951117
1,84335612
1,92163759
1,91966539
1,96532958
1,92967813
2,06439509
2,17590068
2,15830252
2,11825153
2,10277729
1,78828601
1,88462077
1,95395146
1,93498792
2,03086756
1,96168858
1,85503766
1,70454304
1,59865065
1,64401143
1,70454304
1,93665671
1,99991907
1,64203922
1,62626156
1,69726104
1,82879212
1,89918477
1,83759120
1,97261158
2,00477373
2,13387749
2,20351159
2,27709011
2,17544556
2,17726606
1,88780665
2,16421914
2,18500318
2,07440784
2,05332039
2,00674594
1,97018425
2,00659423
1,99354732
1,91101801
1,98914778
1,95683392
1,89357156
1,98747899
1,84108049
1,77599764
1,82029646
1,74656623
1,75051065
1,53963613
1,28931746
1,36759893
1,40082305
1,27672567
1,20876036
1,22969610
1,14989754
0,96693735
1,08193223
0,86468597
0,82417985
1,05128716
1,10226114
1,28036667
1,26853342
1,58226616
1,82333063
2,15041369
2,02161335
1,93453280
1,89872964
1,76128194
1,28309742
1,39475472
1,44148087
1,44390820
1,36744723
1,29007600
1,29553750
1,18236312
0,99257605
0,93720253
0,92688636
0,61618779
0,60784384
0,72587289
0,94281573
1,11515635
1,22681365
1,04992178
1,14564971
1,22620681
1,30615708
1,27278126
1,17508112
1,21452527
1,28067009
1,17128841
1,25123868
1,21983506
1,21968336
1,13245109
0,92718978
0,96329635
0,75196671
0,88243584
0,95480069
0,81644273
0,85179076
0,91247408
1,03960562
1,10392993
1,10377823
1,03717829
1,72244462
1,63308843
1,60092628
1,50550177
1,60532582
1,74489744
1,37230189
1,10256456
1,03035142
1,19207245
1,24577718
1,36183402
1,31146687
1,21604236
1,07025069
0,95267677
0,96511685
0,93962986
1,11561147
1,14003651
1,41948317
1,51475597
1,67207746
1,76750198
1,75324140
1,83834975
1,82788187
1,82044817
1,86262307
2,04376276
1,99764345
1,65432759
1,63232989
1,66024422
1,75506190
1,69984008
1,66737451
1,62019323
1,58560374
1,52840972
1,33589190
1,25457626
1,36031694
1,48107673
1,85731328
2,03435685
1,99536782
1,85261032
1,52476872
1,55571721
1,61473173
1,66949842
1,58135591
1,70044691
1,65007976
1,90221893
1,91147314
1,86004403
1,88704811
1,87658023
1,88704811
1,94682117
1,90722531
1,83713608
1,57286025
1,57483245
1,49700610
1,53387122
1,61913127
1,54631130
1,55071084
1,46924349
1,65007976
1,74004278
1,84472149
1,83850145
1,84077708
1,86383674
2,00962840
2,00295324
1,94454555
1,81589692
1,91359706
1,92285126
1,82788187
1,84062537
2,02525435
1,83713608
1,76750198
1,73139540
1,77387372
1,72168607
1,77675618
1,63096452
1,53690538
1,63536406
1,63217818
1,45953416
1,17659820
1,05068033
1,05189399
0,95707631
0,63545475
0,35479442
0,18639822
0,37193745
0,60223063
0,48784259
0,52319062
0,55504936
0,37694383
0,13572765
0,06002522
0,12677686
0,24268200
0,21689159
0,51439154
0,73679588
1,03475096
1,14322238
1,18509387
1,25002501
1,12562422
0,95586265
0,76910975
1,03186850
1,08830398
0,81841494
0,92476245
1,16006200
1,52446530
1,52658922
1,51475597
1,39778888
1,10741922
0,80476119
0,76379996
0,97786035
1,04840470
1,07298144
1,32314841
1,33225090
1,53781563
1,55981333
1,62656498
1,79587143
1,82575796
1,63854993
1,64037043
1,47804257
1,31465274
1,15945517
1,10635727
1,17857041
1,33285774
1,36972285
1,37488093
1,39672693
1,30782587
1,10984656
1,06296870
1,09543427
0,94281573
0,98969359
1,12167980
1,30585366
1,27429834
1,13108572
1,21118769
1,28067009
1,24774939
1,22013848
1,24896305
1,26883684
1,45119020
1,44876287
1,46620932
1,58029395
1,67799409
1,71228016
1,72183778
1,72760270
1,66100276
1,57665295
1,48957240
1,46681615
1,46590590
1,53569172
1,65796859
1,66752622
1,53447805
1,48229040
1,57650124
1,66115447
1,62064836
1,56254408
1,57832174
1,61700736
1,70393620
1,67010526
1,67283601
1,73109199
1,81043542
1,82606137
1,83379850
1,81513838
1,82773017
1,83895658
1,73973936
1,72472024
1,68072484
1,69164783
1,74580769
1,78616210
1,85352057
1,93225717
2,24841724
2,23658400
2,16057814
2,02055140
2,02601289
2,11931349
2,05498918
1,88462077
1,86292649
1,89311644
1,80087780
1,69528883
1,73776715
1,73807057
1,68724829
1,55025571
1,40006451
1,33725728
1,40840846
1,57543929
1,90070185
2,03769443
2,04527985
2,05362380
2,44624485
2,43350135
2,43001206
2,44412093
2,45565076
2,49403296
2,44821705
2,47597967
2,19501593
1,78616210
1,88780665
1,87020849
1,68042142
1,63111623
1,64158410
1,41599388
1,13472672
0,96253781
0,90761941
1,03232362
0,96815102
1,01062934
1,06903703
1,18752120
1,38170781
1,40127817
1,14974584
1,02443479
1,08466298
1,16082054
0,80612657
0,63287571
0,78913524
0,97892231
1,11090851
1,13411988
1,17250208
1,10696410
1,13624380
1,02185575
0,80051336
0,87045088
0,90003400
0,82569694
0,87242309
0,95176652
1,05629353
1,22362777
1,23591614
1,26807830
1,19601686
1,08966935
1,07631903
0,96102073
0,78488741
0,58645297
0,68931119
0,74422959
0,73922321
0,65790757
0,68870436
0,60693359
0,69037315
0,55717327
0,55626302
0,39530053
0,51697058
0,66670665
0,73452026
0,96132415
0,94069182
1,05523157
1,32648599
1,50610860
1,36957114
1,07465023
1,07874636
1,22408290
1,14640825
1,07237461
1,16233762
1,10013723
1,16673716
1,06463749
1,08223565
1,02458650
1,07753269
0,96238610
1,15960687
1,26716805
1,20693986
1,21498040
1,33513336
1,46256832
1,54585617
1,50428810
1,68891708
1,75369652
1,63506064
1,42752371
1,27960813
1,49791635
1,43344033
1,17978408
1,14625655
1,20087153
1,19601686
1,26003776
1,30797758
1,40977384
1,40461576
1,20117494
1,13503013
1,31753520
1,34180853
1,23288198
1,61260782
1,69589566
1,73973936
1,69968837
1,90677018
1,99855370
1,95379975
1,70029521
1,60244336
1,70454304
1,68800683
1,53554001
1,49928173
1,52795459
1,53660196
1,55344158
1,51536280
1,53007851
1,45907903
1,21164282
1,10711581
1,18160458
1,18736949
1,30084729
1,52552726
1,39232739
1,53902930
1,61321465
1,78874114
1,68315217
1,77827326
1,68740000
1,62019323
1,65447930
1,71182504
1,71106649
1,58469349
1,60244336
1,75551702
1,71531433
1,77432885
1,71379724
1,62444106
1,45088678
1,22802731
1,17432258
1,20420911
1,41022896
1,62610985
1,58469349
1,58878962
1,60047115
1,67480821
1,73458128
1,62201373
1,23045464
1,25305918
1,18069433
1,36426135
1,45392095
1,63460552
1,45513462
1,85670645
1,71850020
1,71819678
1,60274678
1,64886610
1,34651148
1,28613158
1,23136489
1,37366727
1,41629729
1,61184927
1,49412364
1,51202522
1,49518560
1,67799409
1,66722280
1,68178679
1,45027995
1,44754920
1,65068660
1,70530158
1,49533731
1,56937095
1,54798009
1,64643876
1,58165933
1,69088929
1,75491019
1,76128194
1,76856393
1,70606012
1,63384698
1,64552851
1,91541755
1,77705960
1,95956467
1,97488720
1,94560750
1,98489995
1,94924850
1,99142341
2,09170258
1,96775691
1,86156111
1,75142090
1,54798009
1,51323889
1,61427661
1,71698312
1,76992931
2,05256184
1,99627807
1,84259758
1,73746374
1,61549027
1,57012950
1,58666570
1,66707109
1,57058462
1,64841097
1,74565598
2,06242288
2,12310620
2,47688992
2,42879839
2,39436061
2,29059215
2,33155338
1,90798385
1,96138517
2,06864292
2,03238464
2,11582420
2,09170258
2,08866842
2,04876914
1,85594791
1,74611111
1,57968712
1,36046865
0,99500338
1,09634452
1,18721778
1,18691437
1,42752371
1,64568022
1,54433909
1,74611111
1,81817254
1,47349132
1,06918874
1,10939143
1,55541379
1,54039467
1,57028120
1,48502115
1,49806806
1,61366977
1,78995480
1,91738976
1,82621308
1,77053614
1,68906879
1,67769067
1,76795710
1,79738851
1,94909679
1,94211821
1,70954941
1,68133167
1,95167583
2,05559601
2,10914904
1,99840199
1,87218069
1,75718581
1,68284875
1,65933397
1,68997904
1,52613409
1,41371825
1,38155610
1,37457752
1,34074657
1,17690162
1,12683788
1,02397967
0,80339582
0,75940042
0,97194373
1,30585366
1,35349006
1,45680341
1,83440533
2,39026449
2,38328591
2,36189504
2,42045444
2,42060615
2,44897560
2,46035372
2,35810233
2,45838151
2,39845674
2,39284353
2,36932875
2,23324641
2,35537158
2,10930074
2,01402794
1,78737576
1,83577070
1,86110599
1,90085356
2,00886986
1,87278753
1,89994331
1,91101801
2,05316868
2,05332039
2,20548380
2,16679818
1,98338287
1,90403943
2,16968064
1,99673320
2,07198051
2,25767145
2,37767270
2,37827953
2,29514339
2,19061639
2,06181605
1,83425362
1,39096201
1,03293046
1,11834222
1,21133940
1,20451253
1,05341107
0,93568544
0,92021120
0,88076705
0,78685962
0,76379996
0,55140836
0,34902950
0,21734671
0,34371971
0,18791530
0,27514757
0,57143385
0,96117244
1,05052862
1,14822875
1,09664794
0,97088177
0,78003274
0,71904601
1,05826574
1,20709157
1,33103724
1,43025446
1,62186202
1,71804507
1,81756571
1,93984259
1,87749048
1,65675493
1,49457877
1,45574145
1,58347983
1,59136866
1,64431485
1,68967563
1,77675618
1,99127170
1,99506440
1,95319292
1,82788187
1,58378324
1,15004925
0,81917348
0,79838945
0,89745496
0,93796107
1,07647073
1,04628079
1,19192074
1,47182253
1,50413639
1,59349257
1,51885210
1,42100025
1,21058086
1,28021496
1,36062035
1,38883809
1,54221517
1,57619783
1,55207621
1,60578094
1,65190026
1,56345433
1,58772766
1,49579244
1,32815478
1,46894007
1,65887884
1,71728653
1,82059988
1,83698437
1,62004152
1,60927023
1,91541755
1,96654325
1,92558201
1,88477248
1,76264731
1,76401269
1,81331788
1,93817380
1,87202898
1,78267280
1,75475848
1,73609836
1,66054763
1,64704560
1,64932122
1,50246760
1,11060510
0,86271376
0,73694759
0,89411737
1,26170655
1,16901279
1,25108697
1,45634828
1,91541755
1,96654325
1,92558201
1,88477248
1,76264731
1,76401269
1,81331788
1,93817380
1,87202898
1,78267280
1,75475848
1,73609836
1,66054763
1,64704560
1,64932122
1,50246760
1,11060510
0,86271376
0,73694759
0,89411737
1,26170655
1,16901279
1,25108697
1,45634828
