0
0
0
0
0
0
0
0
0,001461794
0,021283274
0,058271332
0,092613846
0,115572539
0,096363581
0,062738749
0,020523472
0,001370948
0
0
0
0
0
0
0
0
0
0
0
0
0
0
0
0,001046655
0,006947787
0,018355558
0,034747742
0,047515174
0,052281006
0,037224808
0,014206376
0,001244314
0
0
0
0
0
0
0
0
0
0
0
0
0
0
0
0,002030269
0,016734921
0,035198118
0,046796665
0,044529096
0,031788367
0,016149929
0,005357707
0,000590499
0
0
0
0
0
0
0
0
0
0
0
0
0
0
0
0,00159999
0,02681469
0,076277546
0,114269038
0,126061115
0,109908433
0,066658338
0,026206298
0,00230556
0
0
0
0
0
0
0
0
0
0
0
0
0
0
0
0,002563507
0,029109238
0,082207858
0,131312285
0,1615838
0,155992096
0,112730714
0,049209038
0,005435615
0
0
0
0
0
0
0
0
0
0
0
0
0
0
0
0,00503369
0,056579946
0,129220076
0,183295977
0,200204607
0,174826659
0,108965563
0,042770539
0,004483109
0
0
0
0
0
0
0
0
0
0
0
0
0
0
0
0,001386915
0,01675777
0,049895062
0,084247211
0,103983352
0,10226719
0,07709103
0,031840122
0,003682839
0
0
0
0
0
0
0
0
0
0
0
0
0
0
0
0,001566404
0,012285398
0,029801594
0,047853781
0,056758059
0,046863561
0,028594444
0,011390152
0,001587601
0
0
0
0
0
0
0
0
0
0
0
0
0
0
0
0,001492076
0,011583407
0,026804229
0,038499404
0,040561882
0,033992344
0,02394974
0,009675917
0,001269641
0
0
0
0
0
0
0
0
0
0
0
0
0
0
0
0,001489323
0,015120341
0,055534392
0,116478246
0,145286041
0,124983902
0,075927101
0,026460942
0,002347679
0
0
0
0
0
0
0
0
0
0
0
0
0
0
0
0,003412228
0,029575305
0,067959637
0,093874127
0,113443992
0,109591849
0,083260294
0,039213783
0,004944221
0,000117824
0
0
0
0
0
0
0
0
0
0
0
0
0
0
0,002249125
0,015313595
0,039027136
0,058166997
0,06469937
0,061620518
0,040902691
0,017619155
0,003851317
5,97381E-05
0
0
0
0
0
0
0
0
0
0
0
0
0
0
0,014184904
0,094452237
0,190689735
0,262714039
0,292444058
0,259689145
0,181377201
0,079793834
0,008816184
8,72672E-05
0
0
0
0
0
0
0
0
0
0
0
0
0
0
0,004544223
0,036908774
0,083326364
0,102198367
0,095863102
0,086717945
0,060413369
0,024628056
0,003754414
7,84578E-05
0
0
0
0
0
0
0
0
0
0
0
0
0
0
0,0042849
0,026566103
0,065092485
0,095505224
0,098799077
0,087933904
0,061419281
0,027791146
0,004719859
0,000148657
0
0
0
0
0
0
0
0
0
0
0
0
0
0
0,008046747
0,047829005
0,096037086
0,129110785
0,129956478
0,106044728
0,072733729
0,033441763
0,004835481
0,000119751
0
0
0
0
0
0
0
0
0
0
0
0
0
0
0,002513404
0,025231769
0,068667134
0,110481864
0,129244852
0,119523787
0,085819121
0,040689341
0,006975866
0,000125257
0
0
0
0
0
0
0
0
0
0
0
0
0
0
0,006860244
0,052034621
0,11333773
0,161324476
0,181615603
0,164649988
0,11828608
0,054689249
0,007580955
0,000157466
0
0
0
0
0
0
0
0
0
0
0
0
0
0
0,008063264
0,042723739
0,087494265
0,123134224
0,134179437
0,123515502
0,086598194
0,039541379
0,006554671
0,000150033
0
0
0
0
0
0
0
0
0
0
0
0
0
0
0,002571766
0,017285503
0,033846991
0,049005873
0,060861267
0,060089902
0,045520142
0,023200123
0,004505132
0,00015141
0
0
0
0
0
0
0
0
0
0
0
0
0
0
0,004883657
0,035928189
0,073273574
0,108386076
0,129945467
0,120297078
0,084817063
0,04299435
0,008258721
0,000162422
0
0
0
0
0
0
0
0
0
0
0
0
0
0
0,00417203
0,023558552
0,048130449
0,067004379
0,068049107
0,058436506
0,041841433
0,018802354
0,003448016
0,000176737
0
0
0
0
0
0
0
0
0
0
0
0
0
0
0,00128836
0,009633247
0,022527863
0,035093507
0,040866904
0,038565473
0,028179306
0,013979812
0,002741345
0,000195456
0
0
0
0
0
0
0
0
0
0
0
0
0
1,37645E-06
0,004309676
0,020288924
0,033597853
0,047632998
0,055529437
0,052853611
0,036441606
0,017468571
0,00248092
0,000110942
0
0
0
0
0
0
0
0
0
0
0
0
0
0
0,003464533
0,020004549
0,038187499
0,055491722
0,063787607
0,061727056
0,046590197
0,024145747
0,004878702
0,000241705
0
0
0
0
0
0
0
0
0
0
0
0
0
1,5141E-05
0,003876644
0,014925436
0,030353552
0,048782337
0,061953345
0,061904068
0,043602743
0,021758426
0,004323991
0,000180315
0
0
0
0
0
0
0
0
0
0
0
0
0
0
0,003836176
0,028439731
0,061201251
0,091123973
0,102487422
0,08834161
0,064367094
0,035617936
0,008050876
0,000338057
0
0
0
0
0
0
0
0
0
0
0
0
0
8,25872E-06
0,003933353
0,024762398
0,052185481
0,078387098
0,094839571
0,090891352
0,067113944
0,035761638
0,008237523
0,000328972
0
0
0
0
0
0
0
0
0
0
0
0
0
2,75291E-05
0,010325328
0,064432613
0,115484446
0,145401663
0,151453929
0,12986343
0,091330441
0,046554409
0,009604892
0,000346866
0
0
0
0
0
0
0
0
0
0
0
0
0
2,06468E-05
0,003760471
0,020357747
0,042649411
0,061556926
0,074296003
0,071772413
0,057841878
0,030654995
0,007353565
0,000334478
0
0
0
0
0
0
0
0
0
0
0
0
0
3,57878E-05
0,004182492
0,020950998
0,05083573
0,087212092
0,108346159
0,115721196
0,098131497
0,055972104
0,014433491
0,000572605
0
0
0
0
0
0
0
0
0
0
0
0
0
6,46791E-05
0,009443156
0,047713396
0,093121462
0,119756886
0,129640411
0,120972029
0,092658249
0,052951581
0,012487204
0,00045413
0
0
0
0
0
0
0
0
0
0
0
0
0
6,46791E-05
0,007337643
0,036274544
0,070896055
0,092590267
0,107232526
0,104458203
0,078493791
0,045476323
0,014422074
0,000566149
6,88076E-06
0
0
0
0
0
0
0
0
0
0
0
0
9,30279E-05
0,008676089
0,037578586
0,074922676
0,115459714
0,141841926
0,142167524
0,122581301
0,082227842
0,030401402
0,001727621
6,88076E-06
0
0
0
0
0
0
0
0
0
0
0
0
0,000178074
0,011616651
0,048532757
0,09748524
0,142261102
0,166841381
0,165791377
0,135973463
0,08309812
0,026507442
0,001090463
0
0
0
0
0
0
0
0
0
0
0
0
0
0,000198166
0,012487204
0,046057059
0,093152563
0,133137213
0,158370339
0,154272983
0,114034295
0,066372643
0,020058793
0,001103674
0
0
0
0
0
0
0
0
0
0
0
0
0
0,000260093
0,014461157
0,063732908
0,131678492
0,199354351
0,239616984
0,24290241
0,205941165
0,131805924
0,043652922
0,002060925
0
0
0
0
0
0
0
0
0
0
0
0
0
0,000672938
0,027657905
0,113884019
0,199092882
0,266967182
0,292024985
0,265486717
0,20534887
0,123347267
0,04230154
0,002384046
0
0
0
0
0
0
0
0
0
0
0
0
0
0,00038257
0,025186887
0,089129245
0,168287717
0,224130594
0,256199617
0,257859257
0,221841227
0,145865795
0,050686985
0,003426619
0
0
0
0
0
0
0
0
0
0
0
0
0
0,000185781
0,006942687
0,026112487
0,050862583
0,07119523
0,079348931
0,073569093
0,058335089
0,034156096
0,012117019
0,00135551
0
0
0
0
0
0
0
0
0
0
0
0
0
0,000412846
0,011002336
0,042523101
0,078385625
0,107030231
0,123722957
0,116456874
0,094376513
0,062243361
0,025534503
0,002387624
0
0
0
0
0
0
0
0
0
0
0
0
0
0,000626149
0,013073445
0,042812093
0,076286993
0,105619676
0,12736976
0,138812465
0,128567012
0,093124214
0,040472634
0,004128456
0
0
0
0
0
0
0
0
0
0
0
0
0
0,000928903
0,018928972
0,069509444
0,129028023
0,174496089
0,198764532
0,1970237
0,16753964
0,113298604
0,043981822
0,00361928
0
0
0
0
0
0
0
0
0
0
0
0
0
0,00154129
0,030591862
0,112569244
0,206711811
0,276407035
0,312262678
0,313576904
0,268886364
0,178369958
0,069062194
0,006123877
0
0
0
0
0
0
0
0
0
0
0
0
0
0,002133036
0,046025408
0,135881261
0,229404559
0,296994271
0,31870307
0,305822287
0,264035427
0,17504655
0,068580541
0,006522961
0
0
0
0
0
0
0
0
0
0
0
0
0
0,002311936
0,044332741
0,12538122
0,202459501
0,260306055
0,288235062
0,287361206
0,245216547
0,158319421
0,058548392
0,004775248
0
0
0
0
0
0
0
0
0
0
0
0
0
0,002628451
0,035993259
0,110862815
0,193872311
0,249172984
0,28459514
0,29400114
0,255365669
0,172184154
0,069619536
0,006818834
0
0
0
0
0
0
0
0
0
0
0
0
0
0,003653684
0,043004754
0,107422435
0,161704755
0,191120007
0,191890652
0,171475435
0,132124365
0,078179202
0,026518451
0,002373862
0
0
0
0
0
0
0
0
0
0
0
0
0
0,001520648
0,016135384
0,050202029
0,098766438
0,15351665
0,195324152
0,209622372
0,188037426
0,128677104
0,054708928
0,006688099
6,88076E-06
0
0
0
0
0
0
0
0
0
0
0
0
0,003137627
0,037307484
0,110250427
0,183757593
0,242216535
0,285998815
0,304755769
0,276799238
0,194092496
0,082926927
0,010864721
0,000103211
0
0
0
0
0
0
0
0
0
0
0
0
0,004575706
0,063199786
0,172631403
0,276510246
0,34692107
0,379006057
0,358831666
0,294214443
0,201324175
0,086181527
0,011387659
6,88076E-05
0
0
0
0
0
0
0
0
0
0
0
0
0,004871579
0,04966533
0,120523403
0,18209933
0,220762324
0,232769251
0,217872404
0,172555715
0,10891556
0,048275417
0,007217918
0,000123854
0
0
0
0
0
0
0
0
0
0
0
0
0,003605519
0,039571254
0,109300882
0,191986983
0,24180369
0,240406895
0,220968747
0,184927322
0,130342248
0,062546114
0,009639946
0,000130734
0
0
0
0
0
0
0
0
0
0
0
0
0,005511489
0,040685938
0,077394795
0,10511738
0,129833072
0,132908772
0,101993515
0,081020956
0,059380964
0,032140033
0,005766077
0,000137615
0
0
0
0
0
0
0
0
0
0
0
0
0,006144519
0,057186002
0,137477597
0,193122308
0,226975651
0,229555936
0,206402176
0,169493776
0,111605937
0,050456618
0,00977068
0,000158257
0
0
0
0
0
0
0
0
0
0
0
0
0,007197276
0,06042684
0,161690994
0,255200531
0,306221371
0,325556308
0,307686973
0,264173043
0,19123698
0,092332927
0,016596395
0,000151377
0
0
0
0
0
0
0
0
0
0
0
0
0,014717947
0,107319223
0,245305997
0,360290388
0,448618712
0,489710614
0,46579309
0,386437278
0,264943688
0,123138092
0,018227135
0,000185781
0
0
0
0
0
0
0
0
0
0
0
0
0,015970245
0,093839813
0,17667041
0,243035346
0,282813023
0,290608925
0,265707452
0,218188919
0,146422586
0,066832828
0,011917477
0,000206423
0
0
0
0
0
0
0
0
0
0
0
0
0,008800493
0,068422284
0,178259865
0,288895615
0,347677953
0,357111476
0,348180249
0,303131909
0,230071993
0,118300917
0,024130827
0,000220184
0
0
0
0
0
0
0
0
0
0
0
6,88604E-06
0,005302253
0,024528084
0,053704247
0,094022027
0,141852479
0,167606279
0,172357648
0,159549609
0,11719356
0,060514543
0,013434669
0,000482023
0
0
0
0
0
0
0
0
0
0
0
2,06581E-05
0,008993172
0,061175603
0,148297815
0,227900468
0,275056089
0,294130427
0,273527387
0,239276211
0,175979707
0,083355547
0,018764466
0,000440707
0
0
0
0
0
0
0
0
0
0
0
4,82023E-05
0,025836432
0,140743826
0,29494298
0,388765311
0,426728065
0,435549085
0,397806686
0,323595804
0,227129232
0,104798684
0,019638994
0,000413163
0
0
0
0
0
0
0
0
0
0
0
6,88604E-05
0,019873119
0,101555357
0,207187252
0,276144083
0,297828232
0,293001116
0,263143235
0,214224788
0,158654423
0,086178824
0,022358981
0,0005922
0
0
0
0
0
0
0
0
0
0
0
6,19744E-05
0,012925102
0,06875025
0,146769114
0,216380119
0,275662061
0,310753334
0,305120551
0,254528796
0,180586469
0,095488754
0,023302368
0,00062663
0
0
0
0
0
0
0
0
0
0
0
0,000130835
0,022090425
0,092396921
0,176503046
0,243125509
0,277844936
0,281570285
0,249150796
0,20618189
0,151052232
0,083699849
0,022317664
0,000647288
0
0
0
0
0
0
0
0
0
0
0
0,000275442
0,039140267
0,159990316
0,29692616
0,391864031
0,448095455
0,483179843
0,464291428
0,397675851
0,289441032
0,150280995
0,033411079
0,000764351
0
0
0
0
0
0
0
0
0
0
0
0,000447593
0,044573354
0,19194844
0,356290734
0,476576128
0,550222354
0,572147514
0,540595667
0,4595194
0,324732001
0,161732484
0,03777683
0,001005362
0
0
0
0
0
0
0
0
0
0
0
0,000495795
0,03034679
0,134511958
0,285695025
0,398433315
0,470234082
0,494273257
0,48346217
0,429200154
0,320710552
0,177597927
0,04639127
0,00121883
0
0
0
0
0
0
0
0
0
0
0
0,001149969
0,050495351
0,165616212
0,277624583
0,36494649
0,402007172
0,391850259
0,360064286
0,303750229
0,215581338
0,109880583
0,028563305
0,001046678
0
0
0
0
0
0
0
0
0
0
0
0,000667946
0,030105779
0,118563883
0,234428437
0,342704572
0,423519169
0,479964061
0,49851506
0,449169678
0,335735897
0,189359288
0,053566526
0,001700853
0
0
0
0
0
0
0
0
0
0
0
0,001060451
0,032798221
0,137004705
0,271351398
0,369980187
0,416770847
0,430901007
0,410056955
0,349590615
0,260092718
0,153400373
0,047961287
0,00198318
0
0
0
0
0
0
0
0
0
0
0
0,001315234
0,038720218
0,137693309
0,247408627
0,331129134
0,375929728
0,339351069
0,297236032
0,249254087
0,183141191
0,106031285
0,033920646
0,001570018
0
0
0
0
0
0
0
0
0
0
0
0,000833211
0,018922845
0,059178651
0,104605874
0,144682643
0,174574954
0,182652282
0,16328873
0,134773627
0,094910326
0,049310952
0,014102615
0,000785009
0
0
0
0
0
0
0
0
0
0
0
0,001315234
0,023295482
0,070471761
0,131365036
0,192320286
0,234359577
0,259094242
0,261270231
0,241658782
0,187444968
0,109384788
0,03229554
0,00128769
0
0
0
0
0
0
0
0
0
0
0
0,00287148
0,052244406
0,158062224
0,289895511
0,400988037
0,465042006
0,483696296
0,463079484
0,39978298
0,290329331
0,16883888
0,052767745
0,002699329
0
0
0
0
0
0
0
0
0
0
0
0,003801096
0,066546716
0,188409014
0,326329563
0,435617946
0,505917556
0,528758559
0,509649791
0,449968459
0,343041988
0,193690608
0,062910886
0,006280071
0
0
0
0
0
0
0
0
0
0
0
0,006493538
0,090117641
0,237905888
0,39172631
0,509346805
0,576582126
0,59665494
0,571651719
0,495767529
0,371687926
0,210003644
0,065534468
0,003628944
0
0
0
0
0
0
0
0
0
0
0
0,006975561
0,083872
0,209308153
0,33367697
0,435363162
0,507790559
0,542496214
0,528207676
0,463224091
0,353928822
0,206980671
0,066718868
0,00422803
0
0
0
0
0
0
0
0
0
0
0
0,008311454
0,09093708
0,220146784
0,332836873
0,201437406
0,409209972
0,536939178
0,51152968
0,453817757
0,349652589
0,208771042
0,069135868
0,004172942
0
0
0
0
0
0
0
0
0
0
0
0,006658803
0,064343183
0,151720178
0,236328985
0,292525979
0,318018109
0,315015794
0,265408743
0,196789328
0,131757541
0,070382242
0,023316141
0,002017611
0
0
0
0
0
0
0
0
0
0
0
0,005233392
0,048629233
0,109859925
0,184745639
0,252862373
0,303509217
0,327575936
0,333146745
0,319526152
0,272370532
0,174451005
0,061010338
0,005612125
0
0
0
0
0
0
0
0
0
0
0
0,008263251
0,070623254
0,169940647
0,265202162
0,350898963
0,413417344
0,437814593
0,434743418
0,397730939
0,31211677
0,183086103
0,067483218
0,006355817
0
0
0
0
0
0
0
0
0
0
0
0,009853927
0,074245312
0,180930771
0,305602574
0,414443365
0,47798088
0,47728539
0,435101493
0,3600574
0,265305452
0,156326941
0,059819053
0,005901339
0
0
0
0
0
0
0
0
0
0
0
0,013675681
0,095488754
0,223796387
0,350237903
0,440906427
0,483882219
0,47173524
0,416894796
0,325448149
0,21876269
0,116814828
0,038651358
0,00382864
0
0
0
0
0
0
0
0
0
0
0
0,003243326
0,02380505
0,052141115
0,088334155
0,120553949
0,14773316
0,167454786
0,160589401
0,133134749
0,092603502
0,050474693
0,018399506
0,002306824
0
0
0
0
0
0
0
0
0
0
6,88604E-06
0,005591467
0,043492246
0,111154501
0,200032654
0,277362913
0,328691475
0,304060101
0,275235126
0,23564038
0,170395126
0,10233348
0,041109675
0,005006153
0
0
0
0
0
0
0
0
0
0
1,37721E-05
0,012064347
0,08258431
0,193015776
0,321867407
0,409574932
0,442565963
0,450601975
0,437972972
0,367680249
0,264506671
0,143560218
0,047761592
0,005357341
0
0
0
0
0
0
0
0
0
0
1,37721E-05
0,004778914
0,030188411
0,072998938
0,111560777
0,146321521
0,153689587
0,150246565
0,128355836
0,106134576
0,080442751
0,041212965
0,015052889
0,002072699
0
0
0
0
0
0
0
0
0
0
6,19744E-05
0,007870747
0,051631548
0,125133168
0,19488878
0,255850916
0,308584231
0,348358013
0,364099507
0,324732001
0,259596923
0,169355334
0,070058598
0,009812611
0
0
0
0
0
0
0
0
0
0
1,37721E-05
0,003353503
0,023061357
0,077667675
0,136026887
0,200982928
0,263225867
0,292112816
0,275035431
0,241011494
0,192616386
0,136419392
0,062132763
0,008221935
0,000151493
0
0
0
0
0
0
0
0
0
7,06924E-05
0,013855705
0,071314468
0,147478432
0,229248302
0,304500335
0,357540824
0,386340897
0,393982743
0,357265123
0,272773597
0,171471424
0,075803433
0,009508124
0,000148454
0
0
0
0
0
0
0
0
0
7,77616E-05
0,007366145
0,032497285
0,076983996
0,14017591
0,205849126
0,27144458
0,317147201
0,339698068
0,336304834
0,287350365
0,192474129
0,088775484
0,013509313
0,000219146
0
0
0
0
0
0
0
0
0
0,000169662
0,023703153
0,121498984
0,255362065
0,378020405
0,442081834
0,495631308
0,538895042
0,531705627
0,478672208
0,367600348
0,227148738
0,091751633
0,012851874
0,000205008
0
0
0
0
0
0
0
0
0
0,000346393
0,021334959
0,081409339
0,167095566
0,255637765
0,319169003
0,346053313
0,346519882
0,338531644
0,32003145
0,262127325
0,182676165
0,08325441
0,01418796
0,000233285
0
0
0
0
0
0
0
0
0
0,000487777
0,043595987
0,183383089
0,35247925
0,498925573
0,561467117
0,549230267
0,518252868
0,48477296
0,422818162
0,332225884
0,215491566
0,100326618
0,017142901
0,000247423
0
0
0
0
0
0
0
0
0
0,000523124
0,027244841
0,113418846
0,211737801
0,276711162
0,326393763
0,351277479
0,378041612
0,399447263
0,376776219
0,327418803
0,234903692
0,110060958
0,020550273
0,000332254
0
0
0
0
0
0
0
0
0
0,000989693
0,047130606
0,18504436
0,339768761
0,459189389
0,528701201
0,579380565
0,58507837
0,555451196
0,488335855
0,383725279
0,242404153
0,104257114
0,018747618
0,000282769
0
0
0
0
0
0
0
0
0
0,000622093
0,029252505
0,111291005
0,209270637
0,303772203
0,373319362
0,434652066
0,470514308
0,464144925
0,431711263
0,353942582
0,239788535
0,113779377
0,02141272
0,000438293
0
0
0
0
0
0
0
0
0
0,001427986
0,046642829
0,162882301
0,315782838
0,45918232
0,569377594
0,640996038
0,664402284
0,634633725
0,564061527
0,447645324
0,294136833
0,133530827
0,02595824
0,000494847
0
0
0
0
0
0
0
0
0
0,001979386
0,05516126
0,19209239
0,360276618
0,507988335
0,605162074
0,657262354
0,673648846
0,64190797
0,561361078
0,43173954
0,274555045
0,12237557
0,024763539
0,000480708
0
0
0
0
0
0
0
0
0
0,002205602
0,04672059
0,139603302
0,251961762
0,357519616
0,431668848
0,452204983
0,41422197
0,370951167
0,301184862
0,222377003
0,131049524
0,056624592
0,01223685
0,000452431
0
0
0
0
0
0
0
0
0
0,002495441
0,046155051
0,138988278
0,278549164
0,426960736
0,536046139
0,578171725
0,570416771
0,547427611
0,499116442
0,419538036
0,286162733
0,1376734
0,031196545
0,000911932
0
0
0
0
0
0
0
0
0
0,002848903
0,048714115
0,155600986
0,297812836
0,416236702
0,493531745
0,514513242
0,514633419
0,488484309
0,430665016
0,348110461
0,239124027
0,119929614
0,027704342
0,001046247
0
0
0
0
0
0
0
0
0
0,003372026
0,056115607
0,178682046
0,333328685
0,478721692
0,58053285
0,629360074
0,628624873
0,582703106
0,500926167
0,380848099
0,248907851
0,122015039
0,030680491
0,001138147
0
0
0
0
0
0
0
0
0
0,004587935
0,066394278
0,202413476
0,375920841
0,532136851
0,638239036
0,693244773
0,706662185
0,677614689
0,607664584
0,483549981
0,316793739
0,142438066
0,030418929
0,001131078
0
0
0
0
0
0
0
0
0
0,005351413
0,066677048
0,194969569
0,324039707
0,423836133
0,496253401
0,533550698
0,53270239
0,493248975
0,425659996
0,327482426
0,213794949
0,102864474
0,024254554
0,001131078
0
0
0
0
0
0
0
0
0
0,003845665
0,045122943
0,123407679
0,216693336
0,293945963
0,341861255
0,38464428
0,385231027
0,347877176
0,296816074
0,236805317
0,159877875
0,087029382
0,025484601
0,001526955
0
0
0
0
0
0
0
0
0
0,007288384
0,077888858
0,224483636
0,385768289
0,495680793
0,523936535
0,52315185
0,546756034
0,552376077
0,519143592
0,434906558
0,30769563
0,160450483
0,04227404
0,00195111
0
0
0
0
0
0
0
0
0
0,008652747
0,083014056
0,232768782
0,392165949
0,532766013
0,634322678
0,693888073
0,711695482
0,681778469
0,605515536
0,493616576
0,339203222
0,166706758
0,045405712
0,002240948
0
0
0
0
0
0
0
0
0
0,009904002
0,09047917
0,243924039
0,418619035
0,565044151
0,663504491
0,715463386
0,728286983
0,698256862
0,625846663
0,503881108
0,335965511
0,164168902
0,045031043
0,002424748
0
0
0
0
0
0
0
0
0
0,011275434
0,095872999
0,255461034
0,426939528
0,569080686
0,665745439
0,716276348
0,72988463
0,699197071
0,624446953
0,50340747
0,339203222
0,167378336
0,046013667
0,00287718
0
0
0
0
0
0
0
0
0
0,008787062
0,068380734
0,177763045
0,296540373
0,408446403
0,493305529
0,539849389
0,558476829
0,546289464
0,505309094
0,422549531
0,299226684
0,152723806
0,04616919
0,003202365
0
0
0
0
0
0
0
0
1,41385E-05
0,010837141
0,081989016
0,20562998
0,333434724
0,446259754
0,536647024
0,598453367
0,624376261
0,606250736
0,552863855
0,448755195
0,314361921
0,163405424
0,04829703
0,003357888
0
0
0
0
0
0
0
0
2,82769E-05
0,01251255
0,091532487
0,23371606
0,394046366
0,543511254
0,647294729
0,697783223
0,711603582
0,681792608
0,604992412
0,487240123
0,332628831
0,155388909
0,045872282
0,003237711
0
0
0
0
0
0
0
0
4,24154E-05
0,013127574
0,075287379
0,157078457
0,234380568
0,293832855
0,331511891
0,345070689
0,33810749
0,301368663
0,235469231
0,162776262
0,105564923
0,056249923
0,018860726
0,001788517
0
0
0
0
0
0
0
0
4,24154E-05
0,008511362
0,056935639
0,146531154
0,255807427
0,355052452
0,416872934
0,448012925
0,457202933
0,433810827
0,398146524
0,311392841
0,206937788
0,110110443
0,03439891
0,002841833
0
0
0
0
0
0
0
0
4,24154E-05
0,009988833
0,060385426
0,142593589
0,227629447
0,317585493
0,382990078
0,413592807
0,410560105
0,38909083
0,333901293
0,269585371
0,183941559
0,091772841
0,026693441
0,002636826
0
0
0
0
0
0
0
0
4,94847E-05
0,007521669
0,04496035
0,110633566
0,191958074
0,272639282
0,334756671
0,367840703
0,3656351
0,340560515
0,311816996
0,275509392
0,210762246
0,130731409
0,04811323
0,00519589
0
0
0
0
0
0
0
0
0,000148454
0,020465442
0,117533142
0,269755033
0,428325098
0,559636184
0,639165106
0,656258522
0,646488836
0,605791236
0,522381303
0,411825498
0,270370056
0,137708746
0,04635299
0,004177919
0
0
0
0
0
0
0
0
0,000141385
0,013657767
0,073293854
0,159750628
0,26894914
0,372888138
0,443594651
0,454141954
0,448027063
0,433902727
0,403031367
0,311944242
0,202427615
0,101895989
0,030998606
0,003209434
0
0
0
0
0
0
0
0
0,000197659
0,012749007
0,06642049
0,150926781
0,229559776
0,279602804
0,30527024
0,320977073
0,336380358
0,336698025
0,303223058
0,25430245
0,178719052
0,098984814
0,037322259
0,005019127
0
0
0
0
0
0
0
0
0,00028237
0,017916378
0,087555887
0,196910741
0,311602388
0,405645727
0,456077014
0,483495144
0,477403011
0,450168422
0,40137488
0,329236397
0,236781389
0,142088599
0,05229493
0,005943889
0
0
0
0
0
0
0
0
0,000367081
0,015375048
0,070027768
0,148985487
0,224646537
0,280139307
0,334234346
0,34418083
0,316783878
0,267813856
0,209815051
0,139060181
0,086991147
0,045263916
0,015770366
0,002216605
0
0
0
0
0
0
0
0
0,000310607
0,017598712
0,082593234
0,17986265
0,277943881
0,375050934
0,445975227
0,48098911
0,479054876
0,426964664
0,393327334
0,327633947
0,238397958
0,130327888
0,047346395
0,004673224
0
0
0
0
0
0
0
0
0,000247074
0,015177389
0,070119538
0,136215303
0,201019225
0,265477244
0,341343012
0,399595949
0,397788781
0,331622423
0,277513266
0,232856446
0,192456354
0,114592818
0,045179205
0,006233318
0
0
0
0
0
0
0
0
0,000550622
0,01997062
0,080863718
0,169930285
0,268293885
0,355073254
0,432308517
0,46845894
0,476908863
0,488634279
0,45366981
0,379053529
0,28567376
0,154230511
0,060667201
0,008351094
0
0
0
0
0
0
0
0
0,000762399
0,026655731
0,109361913
0,226580772
0,347802226
0,421119605
0,460771416
0,494994664
0,512070991
0,516490082
0,490250847
0,427296449
0,311665921
0,179573221
0,067119356
0,008901715
0
0
0
0
0
0
0
0
0,000762399
0,027735796
0,108578336
0,228959739
0,369587074
0,488761345
0,57050041
0,605471938
0,606912026
0,577178461
0,511252118
0,406259882
0,267425597
0,144121664
0,053156158
0,006628636
7,05925E-06
0
0
0
0
0
0
0
0,000578859
0,017676364
0,069703042
0,14321102
0,217841419
0,271039933
0,323250152
0,359944137
0,377324013
0,376963991
0,352588398
0,286647937
0,20567833
0,138093064
0,060250705
0,009219382
7,05925E-06
0
0
0
0
0
0
0
0,000917703
0,02703693
0,101632033
0,200856862
0,319861712
0,442883275
0,531568642
0,585903695
0,611571131
0,608698016
0,570578062
0,483241011
0,353950834
0,197659022
0,074136252
0,011718356
2,11778E-05
0
0
0
0
0
0
0
0,001517739
0,037562273
0,137987175
0,273291834
0,404156225
0,521826876
0,595087781
0,627277964
0,62627555
0,585494259
0,523224608
0,428411811
0,310141123
0,179530866
0,074658636
0,011457164
2,8237E-05
0
0
0
0
0
0
0
0,001538917
0,035211543
0,122492119
0,231945803
0,342846632
0,43821711
0,516412431
0,558577336
0,557716107
0,514019345
0,443363304
0,348197544
0,241814635
0,135982348
0,054920971
0,009007604
4,23555E-05
0
0
0
0
0
0
0
0,001934235
0,033418493
0,125280523
0,258523882
0,402292583
0,512247473
0,583016462
0,617020873
0,602090557
0,566229563
0,47016022
0,355249736
0,255121323
0,154392874
0,065121588
0,010045314
0,000155304
0
0
0
0
0
0
0
0,00169422
0,030121823
0,10449103
0,204492376
0,305926751
0,376858102
0,438513598
0,470407293
0,489389619
0,476217057
0,421317264
0,33476379
0,241892287
0,142187429
0,057956449
0,009678233
0,000162363
0
0
0
0
0
0
0
0,002089538
0,027446367
0,086638185
0,162849856
0,240459259
0,320313504
0,389988309
0,452780344
0,497458342
0,506762435
0,472207402
0,401812554
0,294900201
0,17365051
0,074065659
0,015255041
0,0001906
0
0
0
0
0
0
0
0,003084893
0,041698994
0,134302246
0,247193784
0,352743702
0,427522345
0,469207221
0,484518736
0,463263332
0,40683874
0,32581266
0,242400553
0,162405123
0,09318211
0,04051304
0,006967481
0,000155304
0
0
0
0
0
0
0
0,002350731
0,030545378
0,0983636
0,195689491
0,310063472
0,393080261
0,426964664
0,446066997
0,470266108
0,469976679
0,44471868
0,382187837
0,28247592
0,173968176
0,078696528
0,0150715
0,000268252
0
0
0
0
0
0
0
0,003035478
0,04107778
0,130991457
0,250455158
0,382237251
0,496957136
0,552513439
0,58548014
0,60045987
0,583143528
0,530206207
0,432477939
0,303590139
0,16865256
0,067797044
0,012607822
0,000183541
0
0
0
0
0
0
0
0,002266019
0,028604084
0,082388516
0,150192619
0,236160175
0,314870821
0,371083635
0,40674697
0,424155082
0,419806584
0,372276649
0,299079277
0,215935422
0,133913987
0,060829564
0,013800835
0,000338844
0
0
0
0
0
0
0
0,002195427
0,024933274
0,076663463
0,142829821
0,214770645
0,260211043
0,297286228
0,317369796
0,331685957
0,330845906
0,308651621
0,259773369
0,200532137
0,132417426
0,06397799
0,014196153
0,000430614
0
0
0
0
0
0
0
0,003720225
0,038148191
0,120254337
0,227110216
0,327090384
0,389825946
0,421754937
0,42643522
0,416340492
0,405582194
0,378411137
0,32807162
0,241412258
0,150672648
0,070747811
0,016229218
0,00037414
0
0
0
0
0
0
0
0,004870883
0,046576937
0,146070017
0,279398086
0,416227544
0,524304673
0,578343238
0,581738737
0,563864714
0,514668796
0,446928225
0,369121163
0,272557672
0,165299416
0,071990239
0,015417404
0,000317666
0
0
0
0
0
0
0
0,003466092
0,033856167
0,089377174
0,157287166
0,245224253
0,337001572
0,407819976
0,428298863
0,411314305
0,367292817
0,312449498
0,248400916
0,177053069
0,105451088
0,047374632
0,010617113
0,000458851
0
0
0
0
0
0
0
0,003896706
0,034477381
0,102592091
0,18928675
0,291667064
0,382018415
0,447768276
0,482231539
0,475426421
0,445551672
0,390383627
0,3263774
0,242139361
0,14801837
0,067500556
0,01563624
0,000522385
0
0
0
0
0
0
0
0,003219018
0,02949355
0,081364924
0,14717126
0,227392586
0,310381138
0,373822624
0,410791921
0,392861424
0,349143484
0,30206534
0,237084937
0,170770335
0,106255843
0,049005319
0,010638291
0,000508266
0
0
0
0
0
0
1,41185E-05
0,004341439
0,03627749
0,10552168
0,194630603
0,292902433
0,366763374
0,393630882
0,384757404
0,357558111
0,329801137
0,289386926
0,231190463
0,167516021
0,110406682
0,0550198
0,013412576
0,00066357
0
0
0
0
0
0
7,05925E-06
0,004637928
0,037534036
0,101526145
0,181225086
0,265364296
0,310748219
0,313557801
0,323278389
0,340340598
0,361588943
0,337418068
0,282963008
0,222239333
0,153517526
0,074729229
0,01809286
0,000741221
0
0
0
0
0
0
7,05925E-06
0,004659106
0,044734472
0,126812381
0,230173931
0,336528603
0,428651825
0,496625351
0,54138806
0,546908394
0,526662463
0,470668486
0,386988127
0,277548562
0,165144112
0,074545688
0,018438763
0,000889466
0
0
0
0
0
0
1,41185E-05
0,006049778
0,048546468
0,140415557
0,259568651
0,369565896
0,433522708
0,443786859
0,444690443
0,438739495
0,432548532
0,392854365
0,313120127
0,222458169
0,141488563
0,065728684
0,013927902
0,000543562
0
0
0
0
0
0
7,05925E-06
0,004221432
0,033439671
0,095906981
0,193275227
0,289033963
0,345056178
0,381841933
0,423180906
0,445558731
0,437080571
0,417738223
0,355179143
0,269331595
0,172358667
0,085494586
0,024319119
0,001433028
0
0
0
0
0
0
2,11778E-05
0,006882769
0,054073861
0,147432452
0,259709836
0,374719149
0,45178499
0,488655457
0,500274983
0,485641157
0,444775154
0,392360217
0,319748764
0,234183585
0,14651475
0,067888815
0,014965612
0,000444733
0
0
0
0
0
0
7,07538E-06
0,003495236
0,03285805
0,095920885
0,179849005
0,275182634
0,35602589
0,399454554
0,416902433
0,410513368
0,399235217
0,355374956
0,305267136
0,240223197
0,163448282
0,079449407
0,023320442
0,001273568
0
0
0
0
0
0
1,41508E-05
0,005490492
0,047355498
0,12896997
0,227728081
0,317160845
0,400360202
0,441418614
0,461470232
0,467498453
0,482186936
0,457706132
0,383570332
0,282583478
0,168790191
0,07517588
0,020122372
0,000891497
0
0
0
0
0
0
2,83015E-05
0,006530573
0,049746975
0,138054754
0,259645106
0,37422376
0,455640122
0,509285629
0,540098896
0,553662393
0,546877107
0,509073368
0,431095639
0,32766778
0,204605749
0,095185045
0,026171819
0,001662714
0
0
0
0
0
0
3,53769E-05
0,008115457
0,056305849
0,168514252
0,320500423
0,464880564
0,57884366
0,644906454
0,680651258
0,691405831
0,672776363
0,617857288
0,522608564
0,384327398
0,231591237
0,103498613
0,029589226
0,001747618
0
0
0
0
0
0
3,53769E-05
0,008568281
0,056496885
0,169115659
0,315639639
0,459602333
0,574506454
0,651826172
0,695728886
0,699259499
0,669917911
0,605956504
0,504545127
0,371719076
0,221770614
0,0933879
0,025584563
0,001351397
0
0
0
0
0
0
4,24523E-05
0,0074999
0,049725749
0,128050171
0,227551196
0,341273729
0,455286353
0,535825368
0,578525268
0,604017851
0,583853026
0,530242896
0,446562413
0,324519237
0,192542232
0,08879598
0,026242573
0,002292422
0
0
0
0
0
0
2,83015E-05
0,005929166
0,042254151
0,122092704
0,239048684
0,364205026
0,469040885
0,543289891
0,600975438
0,614744122
0,596043901
0,542207358
0,456100021
0,341535518
0,210810855
0,098850091
0,03125194
0,002370251
0
0
0
0
0
0
4,95276E-05
0,007471598
0,04487204
0,108019779
0,184964503
0,247503759
0,315689167
0,374818091
0,391140986
0,370134192
0,353379699
0,318130172
0,257678151
0,189117749
0,122807317
0,061902472
0,019443136
0,001754693
0
0
0
0
0
0
4,95276E-05
0,004853709
0,029405266
0,078430553
0,144493347
0,209572664
0,256475337
0,282031599
0,296104523
0,302033689
0,29246778
0,265043619
0,230310593
0,180478714
0,116729568
0,060791638
0,019061065
0,00169809
0
0
0
0
0
0
6,36784E-05
0,007301789
0,043612623
0,11282396
0,207924101
0,306519478
0,390730614
0,434888041
0,447460986
0,441637951
0,425916463
0,388240081
0,328375317
0,249194774
0,162740744
0,082633327
0,026108141
0,002278271
0
0
0
0
0
0
6,36784E-05
0,007528201
0,046916824
0,127052543
0,239338774
0,367042252
0,455817006
0,501736202
0,526153328
0,535782916
0,520606232
0,479278956
0,411157227
0,317189146
0,205957146
0,100866573
0,031605709
0,002773548
0
0
0
0
0
0
4,24523E-05
0,008122533
0,05152997
0,145328242
0,284147136
0,431513086
0,54515779
0,620984604
0,664314212
0,663401489
0,6293477
0,55876374
0,444482252
0,314776443
0,183471598
0,083383317
0,02430392
0,002009407
0
0
0
0
0
0
7,78291E-05
0,008398472
0,05218798
0,127703478
0,208391076
0,291328644
0,365811136
0,405440322
0,425378735
0,419124101
0,413541629
0,403275257
0,357773508
0,27830995
0,179134392
0,090656804
0,028188302
0,002129688
0
0
0
0
0
0
6,36784E-05
0,008051779
0,048459256
0,129146855
0,23813596
0,352785368
0,444906775
0,509816283
0,542405469
0,546120041
0,506179539
0,437859699
0,368577609
0,275458573
0,177132061
0,088272402
0,026794452
0,002051859
0
0
0
0
0
0
6,36784E-05
0,006679156
0,038093829
0,092135558
0,164254875
0,238390674
0,31715377
0,383598634
0,425024966
0,432722976
0,418742031
0,386641046
0,330738493
0,253270192
0,162450654
0,084508302
0,029461869
0,002858452
0
0
0
0
0
0
6,36784E-05
0,007627256
0,048098412
0,125191719
0,221678634
0,321802292
0,394869709
0,416711398
0,410541669
0,396249408
0,379983116
0,356351358
0,304304885
0,235220905
0,161269066
0,090189829
0,030197709
0,002957508
0
0
0
0
0
0
7,07538E-05
0,008914975
0,054268141
0,152898895
0,286170694
0,415232644
0,523584966
0,591161891
0,622760524
0,632206152
0,606381026
0,536129609
0,429638111
0,303066694
0,181058895
0,086616764
0,02638408
0,001740543
0
0
0
0
0
0
1,41508E-05
0,003509387
0,024714292
0,066048643
0,119934714
0,177358473
0,225669146
0,2538999
0,267951599
0,275776965
0,272621347
0,251777287
0,206891096
0,156861106
0,104602372
0,054268141
0,018608241
0,001853749
0
0
0
0
0
0
4,95276E-05
0,005674452
0,03417407
0,081826734
0,14219385
0,209247196
0,280446714
0,334835136
0,356733428
0,355813629
0,321922574
0,272960965
0,226603096
0,169787819
0,104347659
0,049973387
0,014143678
0,001478754
0
0
0
0
0
0
4,24523E-05
0,00459192
0,028195377
0,069133508
0,125411056
0,19392193
0,252265488
0,291003177
0,332047438
0,344061428
0,344026051
0,329266815
0,281557548
0,212119799
0,140934432
0,07255799
0,021509146
0,001634412
0
0
0
0
0
0
4,95276E-05
0,005900864
0,033565588
0,082371538
0,149000362
0,225287076
0,288144724
0,308804825
0,305422795
0,300696443
0,304418091
0,296564423
0,265581347
0,224501709
0,151278633
0,079477709
0,023037427
0,002200442
0
0
0
0
0
0
2,83015E-05
0,005688603
0,039523055
0,097357186
0,169044905
0,239650091
0,284684865
0,303569046
0,299196463
0,27286191
0,233098292
0,198867619
0,165790232
0,124264844
0,08138806
0,043987618
0,014518673
0,001514131
0
0
0
0
0
0
2,12261E-05
0,004436261
0,032688241
0,093083658
0,176969327
0,262248845
0,321844744
0,357929167
0,381999599
0,3951598
0,395605549
0,363851257
0,309972262
0,224862553
0,154462553
0,079704121
0,02402798
0,0018679
0
0
0
0
0
0
2,12261E-05
0,00385608
0,029978372
0,084090854
0,151780985
0,224572463
0,278267498
0,318788182
0,354745247
0,398492302
0,432496564
0,432850333
0,389216483
0,311833086
0,208992483
0,104361809
0,032483055
0,002568362
0
0
0
0
0
0
4,24523E-05
0,007768764
0,053914372
0,140340101
0,252265488
0,365195579
0,458710835
0,523082614
0,556435941
0,555402936
0,522360926
0,477778976
0,403303559
0,313559478
0,204690654
0,106519799
0,035320281
0,003120241
0
0
0
0
0
0
4,24523E-05
0,006693307
0,04805596
0,126896885
0,229787016
0,348441086
0,444878473
0,498276343
0,518554373
0,5082597
0,492983961
0,436204061
0,338585086
0,238185488
0,142802332
0,068567478
0,019959638
0,001938653
0
0
0
0
0
0
2,12261E-05
0,003962211
0,027664724
0,06955803
0,124010131
0,180719277
0,232638392
0,274701508
0,313835418
0,352000001
0,377230795
0,37178983
0,331913006
0,236246835
0,161021427
0,092284141
0,031209488
0,00318392
0
0
0
0
0
0
2,12261E-05
0,006884342
0,048338975
0,138599558
0,261265367
0,396390915
0,503979097
0,573706936
0,609947016
0,61358376
0,582664363
0,522686393
0,415119438
0,295411136
0,18481592
0,088088442
0,024622312
0,001853749
0
0
0
0
0
0
1,41508E-05
0,004294754
0,035539618
0,100392523
0,199808644
0,328672483
0,461081086
0,567855599
0,61124181
0,607902232
0,584242172
0,526613227
0,44246577
0,331729046
0,211794332
0,105805186
0,032921729
0,002865528
0
0
0
0
0
0
2,83015E-05
0,007761688
0,051515819
0,144231558
0,28046794
0,429616885
0,548653026
0,624699177
0,656241207
0,655186976
0,635460825
0,585098293
0,500929609
0,380945368
0,236331739
0,109696643
0,035610372
0,003792402
0
0
0
0
0
0
3,53967E-05
0,008219104
0,054475458
0,159419471
0,305897923
0,449070328
0,566346537
0,644828008
0,689257894
0,69713719
0,672543592
0,615059418
0,520429991
0,392832117
0,242544984
0,111825124
0,035163041
0,003256493
0
0
0
0
0
0
2,83173E-05
0,007900534
0,05243661
0,15476835
0,296694792
0,440553892
0,555748777
0,634385994
0,676132813
0,685031533
0,659977778
0,602373256
0,508027002
0,379898178
0,233653343
0,106997019
0,033173748
0,002711384
0
0
0
0
0
0
2,83173E-05
0,00763152
0,049272149
0,138294745
0,255167432
0,371565804
0,474626715
0,551196767
0,605997874
0,627667708
0,610344583
0,549993281
0,45328253
0,335185119
0,203559104
0,096555005
0,031949024
0,002895447
0
0
0
0
0
0
2,1238E-05
0,007121808
0,050220779
0,145522743
0,274005534
0,406757162
0,517081467
0,596561125
0,639426478
0,640382188
0,614585103
0,555324017
0,459965419
0,328381881
0,198476144
0,091571156
0,029400465
0,002760939
0
0
0
0
0
0
1,41587E-05
0,005776735
0,043544969
0,127406733
0,245935984
0,363282986
0,466067803
0,533413486
0,565709397
0,571889654
0,548067702
0,487404909
0,398573455
0,294712579
0,182745869
0,084088302
0,023538778
0,001791071
0
0
0
0
0
0
7,07933E-06
0,00518915
0,034936502
0,101645045
0,210072089
0,351956055
0,477741621
0,559444188
0,609013669
0,624028932
0,611640101
0,56790399
0,488792458
0,373335637
0,234502863
0,109552658
0,035651514
0,003157382
0
0
0
0
0
0
1,41587E-05
0,006420954
0,048465105
0,147066037
0,284525421
0,419252183
0,527941162
0,595980619
0,630570234
0,615540813
0,553794882
0,477444289
0,38537758
0,279668999
0,159964579
0,070906586
0,017988582
0,001769833
0
0
0
0
0
0
7,07933E-06
0,003235255
0,029534972
0,083359131
0,148715521
0,226927978
0,308304896
0,358214185
0,375877117
0,401978613
0,410077369
0,391989676
0,331447231
0,258593829
0,167312926
0,081808757
0,022859162
0,001599929
0
0
0
0
0
0
7,07933E-06
0,003263572
0,030370333
0,088704026
0,161479556
0,250204821
0,333634745
0,398155774
0,422452041
0,427308462
0,417992062
0,397419524
0,358624786
0,285367861
0,191198591
0,097935475
0,032444577
0,00254148
0
0
0
0
0
0
0
0,005075881
0,044649345
0,141239747
0,280058362
0,408109314
0,503779403
0,574268309
0,615739034
0,629784428
0,620043268
0,582862618
0,504402384
0,387650046
0,24321752
0,110834017
0,036055036
0,003150303
0
0
0
0
0
0
0
0,005670545
0,0468227
0,143759989
0,274309945
0,402828133
0,507878336
0,578310607
0,602047607
0,62245732
0,60921189
0,552336539
0,462648486
0,342448513
0,208712857
0,097907158
0,032118928
0,002683067
0
0
0
0
0
0
0
0,004183885
0,040302635
0,120072545
0,229788028
0,337280601
0,424023652
0,480969796
0,485897011
0,464248415
0,421687473
0,352763099
0,277417772
0,18993847
0,100292892
0,049604877
0,011751691
0,000757488
0
0
0
0
0
0
0
0,00191142
0,016225828
0,050192462
0,102834372
0,166010329
0,220967181
0,255471843
0,269750856
0,24968095
0,222970632
0,182859138
0,151469381
0,123541418
0,07944426
0,039700892
0,009613732
0,00053095
0
0
0
0
0
0
0
0,001401708
0,017882392
0,061753011
0,115704597
0,173224168
0,230729579
0,278345164
0,314463915
0,350681776
0,370149938
0,353690492
0,307448297
0,245185574
0,155922281
0,076067419
0,020912346
0,001245962
0
0
0
0
0
0
0
0,002973319
0,032678195
0,104512174
0,212160492
0,332487893
0,435867374
0,488233191
0,509230489
0,522553791
0,514143545
0,471235715
0,392810879
0,291788815
0,182229078
0,086403244
0,024529884
0,00116809
0
0
0
0
0
0
0
0,002350338
0,031340201
0,106508546
0,221243275
0,347857122
0,456602737
0,541335258
0,587931419
0,602274145
0,581135261
0,541788335
0,464800603
0,354207283
0,222694538
0,102395454
0,030108398
0,002053006
0
0
0
0
0
0
0
0,003249413
0,038171757
0,110926049
0,217045231
0,33813012
0,436200103
0,512140094
0,559040667
0,55974152
0,525697014
0,477663749
0,407458016
0,297154949
0,179043378
0,084605093
0,023085701
0,001408787
0
0
0
0
0
0
0
0,002513163
0,031630454
0,102020249
0,202921964
0,313019731
0,403090068
0,461869759
0,476764673
0,449700388
0,43569747
0,400137987
0,349718987
0,272504716
0,189110188
0,090558811
0,025096231
0,001571612
0
0
0
0
0
0
0
0,002038848
0,023524619
0,079231881
0,148085461
0,193074614
0,25741158
0,324835136
0,367516426
0,356132861
0,315292196
0,297105393
0,272724175
0,222390126
0,136808085
0,065115693
0,018179724
0,000891996
0
0
0
0
0
0
0
0,002293703
0,030356174
0,098848709
0,203927229
0,317982342
0,402212231
0,443633401
0,455986835
0,450457877
0,425354567
0,399961004
0,350518951
0,268342068
0,170406594
0,080024766
0,019977874
0,000821202
0
0
0
0
0
0
0
0,001437104
0,025379404
0,090863223
0,1966072
0,323107779
0,42711732
0,500940591
0,546956247
0,564640418
0,55614522
0,522645822
0,45179587
0,346037734
0,214015277
0,095478947
0,025804164
0,001238883
0
0
0
0
0
0
0
0,001833547
0,033074638
0,112426867
0,230701262
0,351892341
0,455009887
0,533498438
0,576179729
0,572710856
0,529491536
0,458861043
0,360833537
0,243132568
0,141260985
0,069306657
0,018158486
0,000984027
0
0
0
0
0
0
0
0,001253042
0,021259233
0,07531701
0,160049531
0,250417201
0,336678857
0,407698713
0,428936708
0,413886049
0,406523544
0,38771376
0,346030655
0,264611261
0,164176782
0,078778803
0,019921239
0,000934472
0
0
0
0
0
0
0
0,001507898
0,028819959
0,103556464
0,214709051
0,345464308
0,467108465
0,543466137
0,579365428
0,570898547
0,526935897
0,466343897
0,386205862
0,284369675
0,175716092
0,078906231
0,016643509
0,000523871
0
0
0
0
0
0
0
0,000821202
0,019100037
0,076237323
0,168714633
0,270104822
0,361357408
0,43166933
0,453799321
0,465756313
0,456687689
0,393766588
0,315879781
0,221845018
0,128546505
0,060995522
0,013932125
0,000361046
0
0
0
0
0
0
0
0,001040662
0,027637711
0,106218293
0,241688385
0,382673276
0,4980947
0,576540775
0,616567316
0,613225871
0,580965357
0,509244647
0,39703016
0,268136768
0,140843304
0,052408293
0,009302242
0,000368125
0
0
0
0
0
0
0
0,000488474
0,011284455
0,049803099
0,1165258
0,194986033
0,272518874
0,325840401
0,365626245
0,373264844
0,372917957
0,353039193
0,299937126
0,239791124
0,158923918
0,074332983
0,015532054
0,000417681
0
0
0
0
0
0
0
0,000715013
0,019432766
0,078743407
0,158293857
0,242275969
0,311702975
0,355106358
0,382439658
0,414424078
0,421227316
0,393787826
0,315971812
0,214454196
0,115180727
0,050334048
0,009684526
0,000311491
0
0
0
0
0
0
0
0,000757488
0,018285914
0,077320461
0,164757287
0,260122964
0,325252816
0,359169894
0,350780886
0,332955129
0,337691202
0,33337281
0,30773147
0,243705994
0,158293857
0,074332983
0,017096586
0,000325649
0
0
0
0
0
0
0
0,000715013
0,024820137
0,103018435
0,218496494
0,337174411
0,427938523
0,469416327
0,473543577
0,480063642
0,467844715
0,412484341
0,358886721
0,264582943
0,162329076
0,073235687
0,01557453
0,000304411
0
0
0
0
0
0
0
0,00074333
0,02499712
0,112950737
0,255620509
0,407040335
0,508586269
0,556761122
0,587634087
0,595506304
0,586720854
0,546219997
0,474053289
0,354971851
0,211495035
0,087436826
0,020204413
0,000375205
0
0
0
0
0
0
0
0,000581028
0,023765449
0,100333559
0,210636702
0,321308302
0,421004147
0,493597177
0,529684664
0,55362017
0,541227275
0,459890487
0,351691797
0,244584306
0,140927553
0,061900704
0,014575292
0,0002976
0
0
0
0
0
0
0
0,000588113
0,020137569
0,092107057
0,216043093
0,349941629
0,459529116
0,540986361
0,612268536
0,646775911
0,626404514
0,563037069
0,462873568
0,334048396
0,190846333
0,077248337
0,017225345
0,000325942
0
0
0
0
0
0
0
0,000559771
0,024048877
0,109325316
0,254369663
0,408164853
0,540150248
0,629210452
0,679065461
0,68978613
0,664348455
0,601115639
0,501363108
0,363744579
0,206030995
0,078807192
0,014901234
0,0001984
0
0
0
0
0
0
0
0,000467656
0,023156078
0,106958691
0,229881472
0,352811338
0,449623303
0,49916654
0,496573173
0,456666492
0,397649669
0,326771379
0,257636172
0,19162576
0,115199364
0,051300492
0,009537357
0,000127543
0
0
0
0
0
0
0
0,000283428
0,019421913
0,092702256
0,211494072
0,354752821
0,498776826
0,606004774
0,658545264
0,670569703
0,657163552
0,598798614
0,498174541
0,363106865
0,203905284
0,07450617
0,013030608
0,0001984
0
0
0
0
0
0
0
0,000347199
0,021675166
0,10664692
0,237229346
0,382741349
0,508030755
0,599996098
0,649241736
0,657843779
0,626439942
0,557021307
0,459564544
0,32703355
0,185142341
0,071105033
0,011981924
0,0001488
0
0
0
0
0
0
0
0,000255085
0,019358141
0,093205341
0,198470549
0,323611155
0,439086862
0,539200764
0,588205488
0,615570474
0,600747182
0,545811725
0,452145813
0,321882244
0,181025548
0,069007664
0,011060783
1,41714E-05
0
0
0
0
0
0
0
0,000184228
0,016417575
0,080550275
0,182166346
0,305152898
0,422633859
0,506691557
0,546506124
0,543778128
0,516200571
0,465636992
0,376612216
0,269164611
0,153320448
0,058669623
0,008467415
2,12571E-05
0
0
0
0
0
0
0
0,0001488
0,016601803
0,088004435
0,200915117
0,33539468
0,45412981
0,541028875
0,591365711
0,60873277
0,585321606
0,523080789
0,416781068
0,285305843
0,160477008
0,054574087
0,007347874
7,0857E-06
0
0
0
0
0
0
0
0,000134628
0,015163405
0,079657476
0,175073557
0,284880701
0,391903163
0,472488867
0,5247105
0,534396657
0,512749833
0,451628557
0,356006991
0,244414249
0,134075678
0,0461917
0,004959992
0
0
0
0
0
0
0
0
0,000113371
0,013618722
0,079352791
0,182492288
0,308972092
0,431384702
0,52566707
0,579915215
0,591549939
0,561067244
0,503382533
0,416880268
0,293992915
0,164097803
0,060136364
0,006639304
0
0
0
0
0
0
0
0
9,21141E-05
0,013229008
0,078601707
0,1840228
0,302814616
0,41362793
0,499889282
0,551033888
0,547816979
0,519771765
0,457502605
0,371248338
0,255035719
0,138015329
0,051456377
0,006759761
0
0
0
0
0
0
0
0
6,37713E-05
0,012910151
0,083944327
0,204429626
0,347688375
0,4883325
0,591606625
0,647824595
0,657163552
0,623152176
0,55528531
0,441729829
0,304593127
0,164034031
0,053922202
0,005611877
0
0
0
0
0
0
0
0
6,37713E-05
0,012612552
0,076546853
0,175427842
0,293008003
0,407952281
0,49176198
0,541269789
0,54974429
0,521252677
0,440737831
0,316971851
0,193085415
0,097435506
0,030808638
0,003457823
0
0
0
0
0
0
0
0
3,54285E-05
0,008942158
0,059030994
0,14281235
0,249792298
0,346965633
0,412480046
0,442317942
0,434459897
0,398811724
0,347730889
0,277433627
0,186148511
0,101906585
0,034039719
0,003309023
0
0
0
0
0
0
0
0
2,83428E-05
0,004889135
0,026571387
0,056480141
0,08936489
0,130745397
0,170588307
0,201744144
0,210275331
0,198874434
0,183725201
0,14648983
0,103564639
0,055721971
0,017501687
0,001594283
0
0
0
0
0
0
0
0
1,41714E-05
0,003309023
0,020824882
0,04962118
0,086502266
0,124687121
0,153178734
0,170552878
0,177376411
0,1749035
0,154716331
0,128130773
0,094827967
0,054822086
0,017487516
0,001239998
0
0
0
0
0
0
0
0
7,0857E-06
0,00433645
0,036753543
0,095352309
0,171615734
0,24558339
0,302687073
0,338391932
0,34914803
0,327968863
0,2851783
0,227316447
0,161476092
0,094027283
0,031311723
0,002317025
0
0
0
0
0
0
0
0
1,41714E-05
0,006844789
0,051916948
0,130341512
0,229449244
0,309999519
0,352095682
0,36667806
0,364899548
0,338909189
0,290520921
0,233473924
0,164445002
0,089371976
0,030815724
0,002756339
0
0
0
0
0
0
0
0
0
0,006391304
0,053121518
0,128343344
0,238511859
0,345343007
0,414867928
0,444394053
0,442665142
0,406542226
0,358387787
0,297174396
0,209892703
0,114944279
0,037447942
0,003089367
0
0
0
0
0
0
0
0
0
0,007326617
0,067144124
0,184398343
0,331922685
0,476471032
0,587000918
0,639002894
0,628133426
0,582650296
0,51402526
0,416462211
0,286198642
0,148410055
0,044469874
0,002961824
0
0
0
0
0
0
0
0
0
0,008283187
0,081088788
0,224439652
0,385561459
0,52238639
0,616597901
0,661393717
0,65865155
0,621309893
0,549708862
0,445038852
0,306229925
0,155240673
0,043109419
0,00252251
0
0
0
0
0
0
0
0
0
0,007475417
0,077049938
0,216517836
0,378645813
0,518326282
0,613813219
0,654910298
0,644586429
0,591514511
0,483294565
0,344145523
0,208085849
0,092539285
0,023333221
0,001395884
0
0
0
0
0
0
0
0
0
0,003117709
0,040062566
0,130709969
0,254015377
0,351372941
0,399095152
0,417744723
0,445704909
0,447518849
0,384165575
0,268328498
0,162801119
0,077297937
0,020286369
0,001310855
0
0
0
0
0
0
0
0
0
0,00306811
0,033713776
0,098661333
0,19152656
0,295672227
0,380296781
0,447341706
0,475734119
0,468003617
0,435855781
0,363312351
0,251202353
0,128669286
0,033812976
0,001282512
0
0
0
0
0
0
0
0
0
0,005378049
0,06291396
0,185461198
0,34355741
0,490075583
0,594710163
0,651941389
0,666353709
0,640405864
0,563887354
0,43715955
0,289025837
0,142557265
0,033975947
0,00115497
0
0
0
0
0
0
0
0
0
0,00488205
0,053886774
0,143032007
0,252251037
0,348311917
0,418106094
0,44637805
0,445775766
0,412196618
0,344995808
0,262844164
0,165961343
0,076901138
0,017813458
0,000375542
0
0
0
0
0
0
0
0
0
0,002515425
0,030029211
0,081967416
0,162886147
0,267301071
0,349750315
0,381671408
0,394057217
0,387354142
0,352945967
0,292398632
0,204911454
0,102657669
0,024870819
0,000999084
0
0
0
0
0
0
0
0
0
0,00428685
0,059300251
0,173826473
0,324865325
0,47025687
0,576202306
0,628480625
0,637812496
0,605197004
0,534361228
0,425723225
0,281677963
0,129845513
0,0278043
0,00080777
0
0
0
0
0
0
0
0
0
0,003606623
0,056798998
0,170396993
0,30587564
0,428883449
0,525100214
0,588418059
0,610525453
0,587666974
0,519339537
0,406294227
0,261065652
0,114710451
0,023368649
0,000694399
0
0
0
0
0
0
0
0
0
0,003514509
0,054864601
0,170056879
0,322739614
0,459047288
0,55427914
0,611687508
0,626723371
0,59483062
0,522783189
0,408667937
0,259329655
0,114271137
0,021944423
0,000495999
0
0
0
0
0
0
0
0
0
0,002822564
0,04492699
0,139965126
0,24425106
0,321899933
0,370777095
0,37869162
0,347459029
0,298198907
0,228024864
0,15686505
0,093399915
0,043494433
0,012318576
0,00034041
0
0
0
0
0
0
0
0
0
0,002482154
0,044302906
0,142730955
0,266576263
0,375819413
0,435313102
0,451035776
0,438724291
0,403711734
0,333580242
0,251619512
0,165758254
0,079237452
0,015914154
0,000283675
0
0
0
0
0
0
0
0
0
0,001489292
0,030409934
0,098725908
0,182757464
0,268675457
0,327218835
0,338402713
0,327899655
0,308290637
0,27403691
0,216500577
0,140468649
0,067053621
0,014509964
0,00022694
0
0
0
0
0
0
0
0
0
0,001716232
0,042756878
0,138333997
0,256952597
0,378124271
0,438107299
0,450461334
0,433462125
0,411236207
0,363919257
0,291291427
0,190728725
0,083910994
0,013701491
0,00019148
0
0
0
0
0
0
0
0
0
0,000999954
0,028566048
0,102491691
0,208337835
0,303404339
0,354522531
0,366855291
0,355252993
0,322594937
0,263704057
0,206727981
0,131880396
0,058288071
0,009432186
0,000156021
0
0
0
0
0
0
0
0
0
0,000581533
0,024303835
0,097463556
0,189466372
0,268590354
0,335034075
0,350785116
0,341820993
0,338948786
0,309843756
0,255094528
0,169637506
0,075932641
0,010971121
0,000177297
0
0
0
0
0
0
0
0
0
0,00075883
0,022623062
0,083840075
0,161907369
0,245548872
0,307801298
0,338700571
0,341494767
0,326027401
0,274526249
0,213975871
0,140383547
0,059734813
0,008184017
0,000163113
0
0
0
0
0
0
0
0
0
0,000992862
0,034232452
0,120724886
0,23051411
0,350444706
0,434178403
0,449156431
0,429433943
0,399250949
0,349763887
0,278582798
0,183268078
0,075691518
0,010034995
0
0
0
0
0
0
0
0
0
0
0,000815565
0,039097474
0,157099082
0,307382878
0,429745985
0,489367328
0,496629402
0,496189706
0,478587687
0,447872802
0,359380461
0,227719913
0,095023953
0,011999442
0
0
0
0
0
0
0
0
0
0
0,000737554
0,039054923
0,15003558
0,284639254
0,418980528
0,509706808
0,548740455
0,535216261
0,489899218
0,420916608
0,325460052
0,201543825
0,081747974
0,009928617
0
0
0
0
0
0
0
0
0
0
0,000411328
0,029849677
0,133617904
0,265831617
0,391052748
0,487565993
0,544350588
0,541946444
0,497515885
0,419122365
0,319949669
0,197451816
0,077868722
0,008772642
0
0
0
0
0
0
0
0
0
0
0,00045388
0,03039575
0,103271796
0,204338021
0,338423988
0,457929073
0,534507074
0,560200915
0,535499936
0,441014965
0,303290869
0,162460535
0,052848608
0,003964355
0
0
0
0
0
0
0
0
0
0
0,000248215
0,022523776
0,096612531
0,209387432
0,308822527
0,377003755
0,39735742
0,378181006
0,339097716
0,264654367
0,190593979
0,111257241
0,044870255
0,004985584
0
0
0
0
0
0
0
0
0
0
0,000255307
0,0151766
0,056706584
0,116164814
0,167439027
0,207238596
0,254690291
0,271320724
0,267228715
0,247456585
0,193409451
0,140142423
0,063365849
0,005893343
0
0
0
0
0
0
0
0
0
0
0,000241124
0,021977702
0,102491691
0,194664712
0,286993754
0,340345885
0,353784976
0,360394598
0,352146755
0,301907955
0,215096386
0,120717794
0,040544215
0,003687772
0
0
0
0
0
0
0
0
0
0
0,00011347
0,01354547
0,056167602
0,117788852
0,200004889
0,258902861
0,303829851
0,297163494
0,239251292
0,205770579
0,156553008
0,111505456
0,032721884
0,001574395
0
0
0
0
0
0
0
0
0
0
0,000106378
0,02197061
0,102498783
0,202175001
0,277802692
0,336360254
0,349565314
0,307524715
0,244747491
0,158531639
0,091584396
0,04549434
0,018892739
0,001680773
0
0
0
0
0
0
0
0
0
0
0,000120562
0,020311113
0,110158001
0,237322304
0,34977807
0,419696807
0,45382288
0,438703016
0,385783489
0,321155287
0,238421544
0,137227665
0,04841619
0,002879299
0
0
0
0
0
0
0
0
0
0
0,00011347
0,022637246
0,115760578
0,232216158
0,32587138
0,393435616
0,419150733
0,407364047
0,360203118
0,30879416
0,231733911
0,136561029
0,043983771
0,002198479
0
0
0
0
0
0
0
0
0
0
4,96431E-05
0,013956798
0,077088616
0,162907323
0,246194232
0,322034679
0,370514695
0,356550805
0,328587566
0,294723891
0,225727098
0,136915623
0,043785199
0,0017446
0
0
0
0
0
0
0
0
0
0
2,83675E-05
0,020424583
0,119157583
0,264519621
0,401470704
0,506770774
0,551555927
0,535868713
0,483254137
0,401094834
0,295993336
0,164978148
0,044707142
0,001233985
0
0
0
0
0
0
0
0
0
0
2,12756E-05
0,01396389
0,085322276
0,161850634
0,223365506
0,270058371
0,278802646
0,255803714
0,216614046
0,164545544
0,123519082
0,07061374
0,020304021
0,000907759
0
0
0
0
0
0
0
0
0
0
7,09187E-06
0,005375637
0,039168392
0,091357456
0,150468184
0,203976336
0,249945831
0,276370135
0,284043537
0,23484015
0,161886093
0,096094825
0,026885275
0,000957402
0
0
0
0
0
0
0
0
0
0
7,09187E-06
0,013197968
0,09008092
0,19887019
0,305538992
0,372372765
0,390506674
0,388074163
0,373472005
0,319970945
0,222422287
0,12199433
0,032771527
0,000999954
0
0
0
0
0
0
0
0
0
0
7,09187E-06
0,0125597
0,0861733
0,203380619
0,331665437
0,433625238
0,476871455
0,440866036
0,368131827
0,286064719
0,200004889
0,101718677
0,025183227
0,000659544
0
0
0
0
0
0
0
0
0
0
0
0,010538517
0,070826496
0,179282448
0,302808622
0,398187168
0,439901542
0,403711734
0,331254109
0,257243364
0,178020095
0,096286305
0,022240101
0,000595717
0
0
0
0
0
0
0
0
0
0
0
0,01449578
0,112228827
0,276916208
0,438433525
0,545705135
0,552187103
0,493757195
0,438206585
0,368436778
0,272533433
0,146312349
0,033211222
0,000574441
0
0
0
0
0
0
0
0
0
0
0
0,013779501
0,112484134
0,26341329
0,410434826
0,51210386
0,542783285
0,501423505
0,457936164
0,397492165
0,297518088
0,163495948
0,036707514
0,000503523
0
0
0
0
0
0
0
0
0
0
0
0,015112773
0,137319859
0,319985129
0,489303501
0,587731551
0,577434157
0,532485891
0,480984739
0,405938581
0,297113851
0,153120543
0,031204224
0,00041842
0
0
0
0
0
0
0
0
0
0
1,41837E-05
0,015389356
0,138007771
0,326303984
0,493282039
0,606425717
0,658536771
0,643934612
0,597738178
0,497296037
0,353579312
0,169793527
0,031700654
0,000255307
0
0
0
0
0
0
0
0
0
0
1,42152E-05
0,015032535
0,141917078
0,334767085
0,514453851
0,634728344
0,692669347
0,701795482
0,654245762
0,545762747
0,37859954
0,181776395
0,031706921
0,000227443
0
0
0
0
0
0
0
0
0
0
7,10758E-06
0,012793647
0,130196676
0,318931393
0,487160738
0,604400294
0,670045916
0,676712827
0,609603043
0,49735301
0,362252102
0,171200314
0,026219868
0,000191905
0
0
0
0
0
0
0
0
0
0
1,42152E-05
0,009737387
0,099719367
0,255254572
0,415047217
0,524411572
0,581769754
0,584378237
0,513330853
0,411507641
0,270990757
0,127474473
0,019034103
0,000156367
0
0
0
0
0
0
0
0
0
0
7,10758E-06
0,005074813
0,052411305
0,130409904
0,204001802
0,252575013
0,295092565
0,316123899
0,285106414
0,240406834
0,167291144
0,086314469
0,015110718
0,000120829
0
0
0
0
0
0
0
0
0
0
2,13227E-05
0,004669681
0,060869327
0,193319107
0,307210992
0,382231514
0,430698111
0,448175654
0,411756407
0,336053557
0,21585014
0,087707555
0,008500667
0,000113721
0
0
0
0
0
0
0
0
0
0
7,10758E-06
0,002651128
0,038110852
0,114538675
0,190916745
0,243185898
0,264146156
0,252034837
0,205238521
0,152884076
0,092618893
0,035850641
0,004229011
0,000135044
0
0
0
0
0
0
0
0
0
0
0
0,001329118
0,018202516
0,060087493
0,109435431
0,149593266
0,16844968
0,164753737
0,147560498
0,121539642
0,080479144
0,037641751
0,005885077
0
0
0
0
0
0
0
0
0
0
0
7,10758E-06
0,001364656
0,023412373
0,071338795
0,131810097
0,183105513
0,213014215
0,202907234
0,177895655
0,138320642
0,089036672
0,035715597
0,003184196
0
0
0
0
0
0
0
0
0
0
0
0
0,001727142
0,026809797
0,085944875
0,161384744
0,230704985
0,277110384
0,286065937
0,258396123
0,20233152
0,130445442
0,052660071
0,004655466
0
0
0
0
0
0
0
0
0
0
0
0
0,001791111
0,033625968
0,107566137
0,199545348
0,281815603
0,327297017
0,332791177
0,308511679
0,251935331
0,157745662
0,05786282
0,005273825
0
0
0
0
0
0
0
0
0
0
0
0
0,002004338
0,054813668
0,182686165
0,318497831
0,421664375
0,481495996
0,503252302
0,471190003
0,380994794
0,244045916
0,092135578
0,006837493
0
0
0
0
0
0
0
0
0
0
0
7,10758E-06
0,003141551
0,084850307
0,251771857
0,399261279
0,506173518
0,547845268
0,531476508
0,465503938
0,350453517
0,198962527
0,064145922
0,004342732
0
0
0
0
0
0
0
0
0
0
0
7,10758E-06
0,001599206
0,0355308
0,102114622
0,161846737
0,203077816
0,21776208
0,200831821
0,15869097
0,104950547
0,055737653
0,016510912
0,001101675
0
0
0
0
0
0
0
0
0
0
0
7,10758E-06
0,000454885
0,010526328
0,033846303
0,072859817
0,100252436
0,108866825
0,10494344
0,092455419
0,072525761
0,041088928
0,013099273
0,000923986
0
0
0
0
0
0
0
0
0
0
0
0
0,000220335
0,005529698
0,023988087
0,045296616
0,06153744
0,065873065
0,063790543
0,054252169
0,041209757
0,021344067
0,005629204
0,000326949
0
0
0
0
0
0
0
0
0
0
0
0
0,000270088
0,006944107
0,024876535
0,048132541
0,068801388
0,081595035
0,083258209
0,072611052
0,050243493
0,027556093
0,008564636
0,00061836
0
0
0
0
0
0
0
0
0
0
0
0
0,000284303
0,012367192
0,04499099
0,089505773
0,124560364
0,147688434
0,136067539
0,099676722
0,066391918
0,037307695
0,010362854
0,000639682
0
0
0
0
0
0
0
0
0
0
0
0
0,000326949
0,011450314
0,04361212
0,091652262
0,134027663
0,153303424
0,14050267
0,115995729
0,080692372
0,04469958
0,01393086
0,000703651
0
0
0
0
0
0
0
0
0
0
0
0
0,000227443
0,011791478
0,049852576
0,098781167
0,142883709
0,17564966
0,184399092
0,168542078
0,127417612
0,072753203
0,023455019
0,001300687
0
0
0
0
0
0
0
0
0
0
0
0
0,000142152
0,012679925
0,055872698
0,11199416
0,155115857
0,182145989
0,178179959
0,142947678
0,095945242
0,052247831
0,012836292
0,000561499
0
0
0
0
0
0
0
0
0
0
0
0
0,000291411
0,013177456
0,057279999
0,117829485
0,165919381
0,19513154
0,211642452
0,186716164
0,142414609
0,083677556
0,023398158
0,000838695
0
0
0
0
0
0
0
0
0
0
0
0
0,000142152
0,014094334
0,064515517
0,127119094
0,184349339
0,205053724
0,171200314
0,135498932
0,087430359
0,044685364
0,011009644
0,000369594
0
0
0
0
0
0
0
0
0
0
0
0
9,23986E-05
0,017911105
0,092846336
0,194761946
0,286073045
0,321710458
0,300494327
0,248367325
0,181797718
0,096762613
0,023931227
0,000724973
0
0
0
0
0
0
0
0
0
0
0
0
9,95061E-05
0,022765583
0,093727676
0,176602076
0,265269154
0,328711426
0,326330386
0,288098705
0,218650527
0,113856347
0,02136539
0,000554391
0
0
0
0
0
0
0
0
0
0
0
0
0,000220335
0,014001935
0,057542979
0,115867792
0,165706153
0,199986018
0,202701115
0,174505339
0,128199446
0,070819941
0,017704985
0,00064679
0
0
0
0
0
0
0
0
0
0
0
0
0,000199012
0,021955319
0,09580309
0,195664609
0,29222821
0,362955753
0,388763381
0,366267886
0,286812233
0,160283069
0,036177589
0,000682328
0
0
0
0
0
0
0
0
0
0
0
0
0,000142152
0,019211793
0,087842599
0,177995162
0,254579351
0,30465937
0,317254004
0,294587927
0,22825287
0,122442305
0,024727276
0,000561499
0
0
0
0
0
0
0
0
0
0
0
0
0,000120829
0,014691371
0,064707421
0,135221737
0,199858082
0,241430326
0,256079051
0,235872197
0,174910471
0,094864889
0,020050487
0,000383809
0
0
0
0
0
0
0
0
0
0
0
0
5,68607E-05
0,008273225
0,039276495
0,088681293
0,129784437
0,152365223
0,150638081
0,132591931
0,097210391
0,051366491
0,011293947
0,000262981
0
0
0
0
0
0
0
0
0
0
0
0
5,68607E-05
0,007000968
0,040335525
0,088787907
0,133558562
0,168343066
0,182650627
0,168961426
0,122982481
0,060186999
0,011414776
0,000710758
0
0
0
0
0
0
0
0
0
0
0
0
4,26455E-05
0,01437153
0,076989322
0,170958656
0,273222537
0,351292212
0,379203684
0,353083322
0,267195308
0,137211859
0,024044948
0,000262981
0
0
0
0
0
0
0
0
0
0
0
0
4,25863E-05
0,023273417
0,126240012
0,252955571
0,353154055
0,411255974
0,421412809
0,38694629
0,299651457
0,165078724
0,032081685
0,000553622
0
0
0
0
0
0
0
0
0
0
0
0
2,12932E-05
0,020228496
0,115962516
0,241095284
0,335494933
0,384774389
0,400510029
0,362402382
0,273276337
0,141272978
0,022719795
0,000120661
0
0
0
0
0
0
0
0
0
0
0
0
1,41954E-05
0,017623634
0,112711761
0,242969081
0,353054687
0,404378286
0,403498169
0,345729842
0,244253768
0,117332376
0,015075553
8,51726E-05
0
0
0
0
0
0
0
0
0
0
0
0
2,12932E-05
0,009510942
0,068606542
0,159734143
0,251514734
0,331442136
0,345807917
0,276207695
0,17828048
0,081048841
0,01269072
9,22703E-05
0
0
0
0
0
0
0
0
0
0
0
0
3,54886E-05
0,008077203
0,062623166
0,161529865
0,29071543
0,364375547
0,366937823
0,316771153
0,22477763
0,107714968
0,013443078
9,93681E-05
0
0
0
0
0
0
0
0
0
0
0
0
4,25863E-05
0,004925816
0,037064283
0,101014722
0,175476881
0,220313166
0,222463774
0,197451416
0,132826694
0,049442703
0,005316191
7,80749E-05
0
0
0
0
0
0
0
0
0
0
0
0
2,12932E-05
0,001845407
0,018454067
0,058343242
0,110908941
0,154446343
0,165632346
0,142848672
0,105614043
0,051898514
0,006984154
7,80749E-05
0
0
0
0
0
0
0
0
0
0
0
0
2,83909E-05
0,006849298
0,076811504
0,195336296
0,307189234
0,362068789
0,368825816
0,310049614
0,210248602
0,087536156
0,010163932
7,09772E-05
0
0
0
0
0
0
0
0
0
0
0
0
2,83909E-05
0,005202627
0,039683341
0,098892504
0,160805898
0,187975963
0,180523359
0,144062382
0,091517975
0,03744756
0,006175015
9,93681E-05
0
0
0
0
0
0
0
0
0
0
0
0
2,12932E-05
0,004123774
0,040939637
0,104485506
0,155951059
0,178337262
0,172112563
0,146809198
0,101227654
0,044389128
0,004876132
0,000120661
0
0
0
0
0
0
0
0
0
0
0
0
1,41954E-05
0,003598543
0,041947513
0,110625032
0,172162247
0,213726483
0,232301211
0,227567033
0,178301773
0,082177379
0,008744389
0
0
0
0
0
0
0
0
0
0
0
0
0
1,41954E-05
0,003208169
0,039186501
0,112292996
0,190467262
0,245048713
0,260031995
0,237454155
0,166292434
0,074369889
0,008538555
0
0
0
0
0
0
0
0
0
0
0
0
0
1,41954E-05
0,003889549
0,046362294
0,117233008
0,174099924
0,205493131
0,201724242
0,160351644
0,092305822
0,035275658
0,003193973
0
0
0
0
0
0
0
0
0
0
0
0
0
7,09772E-06
0,003797279
0,055475764
0,152906138
0,22266251
0,222605729
0,215266688
0,163346881
0,097948508
0,038072159
0,003030726
0
0
0
0
0
0
0
0
0
0
0
0
0
7,09772E-06
0,000958192
0,013755377
0,035694424
0,063006442
0,087876846
0,120689596
0,123840983
0,10226392
0,050407993
0,005614295
0
0
0
0
0
0
0
0
0
0
0
0
0
7,09772E-06
0,003775986
0,059109795
0,141684646
0,20686299
0,24372144
0,242926495
0,206068046
0,135985179
0,055383493
0,004436074
0
0
0
0
0
0
0
0
0
0
0
0
0
7,09772E-06
0,000958192
0,013286928
0,035694424
0,05984086
0,0811766
0,085946267
0,083334307
0,054595647
0,016906764
0,001788625
0
0
0
0
0
0
0
0
0
0
0
0
0
0
0,001760234
0,034132926
0,093484043
0,158392674
0,221732709
0,245765582
0,22306708
0,15849914
0,069479561
0,00643763
0
0
0
0
0
0
0
0
0
0
0
0
0
0
0,00171055
0,032266226
0,095308157
0,152011826
0,169947759
0,166917033
0,138270644
0,081971545
0,025381439
0,001667964
0
0
0
0
0
0
0
0
0
0
0
0
0
0
0,000383277
0,010717554
0,036922329
0,064823458
0,073390404
0,069806056
0,048555489
0,027233944
0,008403698
0,001014974
0
0
0
0
0
0
0
0
0
0
0
0
0
0
0,000667185
0,027162967
0,093150451
0,151557572
0,165887864
0,148846243
0,117211714
0,070274506
0,02286175
0,001064658
0
0
0
0
0
0
0
0
0
0
0
0
0
0
0,000418765
0,021364131
0,061310088
0,103257601
0,125395383
0,123308654
0,100851475
0,069642809
0,026183482
0,001760234
0
0
0
0
0
0
0
0
0
0
0
0
0
0
0,000298104
0,015096846
0,059762785
0,110156583
0,142124705
0,153289415
0,139377888
0,099616472
0,037554026
0,003499175
0
0
0
0
0
0
0
0
0
0
0
0
0
0
0,000617501
0,028192136
0,101433487
0,174440614
0,210929983
0,214677578
0,17803206
0,112938888
0,036624225
0,001845407
0
0
0
0
0
0
0
0
0
0
0
0
0
0
0,000134857
0,006203406
0,02335859
0,045879649
0,066448836
0,069273727
0,060855834
0,038796126
0,013073996
0,001455032
0
0
0
0
0
0
0
0
0
0
0
0
0
0
0,000212932
0,009816144
0,049385922
0,094853903
0,130157952
0,142351832
0,124430094
0,081673441
0,028504435
0,001909286
0
0
0
0
0
0
0
0
0
0
0
0
0
0
0,000170345
0,017140989
0,069209848
0,127460819
0,175036823
0,198934839
0,175150386
0,110043019
0,036311925
0,001951872
0
0
0
0
0
0
0
0
0
0
0
0
0
0
0,000170345
0,016502194
0,046852036
0,068237461
0,089771937
0,104045448
0,095095225
0,064638918
0,023571521
0,001703452
0
0
0
0
0
0
0
0
0
0
0
0
0
0
8,51726E-05
0,005727858
0,019071568
0,034502007
0,047512124
0,049023938
0,036134482
0,019121252
0,005969181
0,00056072
0
0
0
0
0
0
0
0
0
0
0
0
0
0
4,25863E-05
0,011065342
0,035183388
0,069074991
0,078820158
0,063503283
0,045617033
0,025856987
0,008765682
0,00071687
0
0
0
0
0
0
0
0
0
0
0
0
0
0
2,13684E-05
0,008326541
0,035229316
0,067253377
0,09409917
0,087795502
0,063635
0,037572714
0,010684184
0,000776384
0
0
0
0
0
0
0
0
0
0
0
0
0
0
4,27367E-05
0,007621385
0,026190496
0,047117252
0,063392825
0,066441379
0,056391123
0,037202329
0,014117369
0,001011436
0
0
0
0
0
0
0
0
0
0
0
0
0
0
0,000313403
0,010577342
0,057573506
0,124406639
0,177998506
0,201574939
0,178817627
0,118993319
0,041504494
0,001680978
0
0
0
0
0
0
0
0
0
0
0
0
0
0
0,000149579
0,017272764
0,062189074
0,097283057
0,11248309
0,098778843
0,072396031
0,046618656
0,015435085
0,000505718
0
0
0
0
0
0
0
0
0
0
0
0
0
0
0,000284912
0,022807172
0,098444072
0,170982559
0,222473203
0,220493068
0,177364578
0,109569869
0,034096793
0,00130347
0
0
0
0
0
0
0
0
0
0
0
0
0
0
0,000192315
0,026446917
0,104099567
0,176901597
0,223919129
0,233577632
0,193148679
0,117575884
0,036084051
0,00109691
0
0
0
0
0
0
0
0
0
0
0
0
0
0
1,42456E-05
0,015620277
0,078136999
0,15408018
0,214189399
0,233527772
0,201482343
0,133673388
0,045699817
0,001880416
0
0
0
0
0
0
0
0
0
0
0
0
0
0
0
0,016873888
0,097510986
0,185605645
0,247232019
0,266584638
0,225215477
0,137469835
0,039004395
0,00122512
0
0
0
0
0
0
0
0
0
0
0
0
0
0
0
0,005121286
0,031981324
0,077332124
0,115474661
0,136109382
0,126308424
0,088714342
0,032793322
0,001709469
0
0
0
0
0
0
0
0
0
0
0
0
0
0
0
0,013868071
0,08314432
0,162250019
0,221575732
0,242929854
0,208220501
0,130111993
0,037423135
0,001189506
0
0
0
0
0
0
0
0
0
0
0
0
0
0
0
0,014829647
0,068884496
0,101058135
0,124043377
0,133801598
0,101670695
0,056505088
0,014345298
0,000591192
0
0
0
0
0
0
0
0
0
0
0
0
0
0
0
0,007664121
0,0480076
0,101927116
0,151273801
0,165198854
0,138858779
0,078920506
0,02111907
0,000733647
0
0
0
0
0
0
0
0
0
0
0
0
0
0
0
0,009751099
0,050393735
0,090530653
0,130012274
0,149614191
0,126949475
0,080081521
0,025114955
0,000990068
0
0
0
0
0
0
0
0
0
0
0
0
0
0
0
0,008946223
0,056334141
0,116607185
0,161395284
0,172912835
0,146800689
0,090203005
0,026867161
0,000854735
0
0
0
0
0
0
0
0
0
0
0
0
0
0
0
0,007194017
0,03661826
0,075359111
0,10990464
0,121828189
0,103052517
0,062053741
0,020976615
0,001246488
0
0
0
0
0
0
0
0
0
0
0
0
0
0
0
0,004359147
0,024644851
0,055707336
0,077510194
0,077745246
0,05931859
0,031518343
0,007963279
0,000377508
0
0
0
0
0
0
0
0
0
0
0
0
0
0
0
0,002849116
0,018120376
0,045315186
0,077218159
0,094797204
0,09328005
0,067317482
0,024409799
0,001061296
0
0
0
0
0
0
0
0
0
0
0
0
0
0
0
0,007478929
0,022415418
0,042893438
0,066669308
0,079597171
0,082154253
0,054425234
0,014808279
0,000498595
0
0
0
0
0
0
0
0
0
0
0
0
0
0
0
0,008305172
0,049766929
0,103600971
0,15507737
0,186018767
0,167506637
0,105866018
0,034160898
0,001438803
0
0
0
0
0
0
0
0
0
0
0
0
0
0
0
0,009580152
0,069781967
0,141294773
0,188312305
0,200228732
0,165804291
0,100053822
0,029246173
0,000833366
0
0
0
0
0
0
0
0
0
0
0
0
0
0
0
0,002792133
0,017764237
0,048093074
0,073571291
0,081491833
0,084056037
0,063143528
0,022194612
0,001146769
0
0
0
0
0
0
0
0
0
0
0
0
0
0
0
0,006916228
0,046796726
0,103422902
0,154094425
0,17379606
0,149464612
0,09008904
0,030378697
0,001146769
0
0
0
0
0
0
0
0
0
0
0
0
0
0
0
0,009394959
0,059411186
0,115246732
0,156573156
0,160519181
0,129335609
0,077702509
0,027657791
0,001859048
0
0
0
0
0
0
0
0
0
0
0
0
0
0
0
0,01108306
0,07734637
0,156501928
0,211432879
0,223790919
0,194031905
0,130468133
0,044139926
0,001666733
0
0
0
0
0
0
0
0
0
0
0
0
0
0
0
0,010142852
0,067196395
0,136657837
0,186495994
0,202643357
0,168674775
0,104811845
0,034980019
0,001666733
0
0
0
0
0
0
0
0
0
0
0
0
0
0
0
0,01205176
0,084939263
0,176794755
0,243912799
0,273686059
0,240444001
0,158133047
0,056554948
0,002435994
0
0
0
0
0
0
0
0
0
0
0
0
0
0
0
0,012806775
0,086185751
0,168731757
0,224318005
0,23852797
0,198967998
0,122398012
0,046070202
0,002443117
0
0
0
0
0
0
0
0
0
0
0
0
0
0
0
0,010819517
0,081114325
0,16825453
0,23574296
0,26253177
0,227893646
0,146508654
0,052445098
0,002663923
0
0
0
0
0
0
0
0
0
0
0
0
0
0
0
0,007877805
0,06276602
0,137412852
0,194103133
0,210692109
0,17629616
0,105673703
0,033320409
0,001324839
0
0
0
0
0
0
0
0
0
0
0
0
0
0
0
0,005377706
0,0411626
0,09471173
0,154422073
0,18418821
0,160497813
0,102582412
0,032522656
0,001495786
0
0
0
0
0
0
0
0
0
0
0
0
0
0
0
0,008362155
0,052965062
0,091385388
0,117939146
0,114185436
0,099882875
0,066306046
0,023505205
0,001680978
0
0
0
0
0
0
0
0
0
0
0
0
0
0
0
0,008362155
0,052965062
0,091385388
0,117939146
0,114185436
0,099882875
0,066306046
0,023505205
0,001680978
0
0
0
0
0
0
0
