0
0
0
0
0
0
0
0
0
0
0
0
0
0
0
0
0
0
0
0
0
0
0
0
0
0
0
0
0
0
0
0
0
0
0
0
0
0
0
0
0
0
0
0
0
0
0
0
0
0
0
0
0
0
0
0
0
0
0
0
0
0
0
0
0
0
0
0
0
0
0
0
0
0
0
0
0
0
0
0
0
0
0
0
0
0
0
0
0
0
0
0
0
0
0
0
0
0
0
0
0
0
0
0
0
0
0
0
0
0
0
0
0
0
0
0
0
0
0
0
0
0
0
0
0
0
0
0
0
0
0
0
0
0
0
0
0
0
0
0
0
0
0
0
0
0
0
0
0
0
0
0
0
0
0
0
0
0
0
0
0
0
0
0
0
0
0
0
0
0
0
0
0
0
0
0
0
0
0
0
0
0
0
0
0
0
0
0
0
0
0
0
0
0
0
0
0
0
0
0
0
0
0
0
0
0
0
0
0
0
0
0
0
0
0
0
0
0
0
0
0
0
0
0
0
0
0
0
0
0
0
0
0
0
0
0
0
0
0
0
0
0
0
0
0
0
0
0
0
0
0
0
0
0
0
0
0
0
0
0
0
0
0
0
0
0
0
0
0
0
0
0
0
0
0
0
0
0
0
0
0
0
0
0
0
0
0
0
0
0
0
0
0
0
0
0
0
0
0
0
0
0
0
0
0
0
0
0
0
0
0
0
0
0
0
0
0
0
0
0
0
0
0
0,001522532
0,021315445
0,022837977
0,022076711
0,022076711
0,021315445
0,022076711
0,011418988
0
0
0
0
0
0
0
0
0
0
0
0
0
0
0
0
0,005328861
0
0
0,016747849
0,022076711
0,038139421
0,043392155
0,043316029
0,043392155
0,04194575
0,040575472
0,023523116
0,00669914
0,010581596
0,001294152
0,000989646
0,011647368
0,029841623
0,03281056
0,03524661
0,036464636
0,041412864
0,041793497
0,043468282
0,042707016
0,043392155
0,043392155
0,043316029
0,043392155
0,043392155
0,042859269
0,038900687
0,040270965
0,041717371
0,041717371
0,042783143
0,021163192
0,043392155
0,043392155
0,043239902
0,043239902
0,043468282
0,043468282
0,043392155
0,04263089
0,043392155
0,043392155
0,04240251
0,04263089
0,043392155
0,043239902
0,043468282
0,043392155
0,043468282
0,043468282
0,041108358
0,043392155
0,043316029
0,037454282
0,041565117
0,021163192
0,02946099
0,035627243
0,039890332
0,030907395
0,034104712
0,036007876
0,016138837
0,013017647
0,010277089
0,011495115
0,002968937
0,002588304
0,001141899
0,002816684
0,002664431
0,001141899
0,000152253
0,003045064
0,002816684
0,001370279
0,001294152
0,000989646
0
0
0
0
0
0
0
0
0
0
0
0
0,000989646
0,004034709
0,001598658
0,004491469
0,004415342
0,003882456
0,004567595
0,005861747
0,007079773
0,004339216
0,004643722
0,004186962
0,005709494
0,00334957
0,010277089
0,009135191
0,007003646
0,004491469
0,004567595
0,004643722
0,005633368
0,011418988
0,01004871
0,002512177
0,002588304
0,001370279
0
0
0,000761266
0,002816684
0,003045064
0,002436051
0,002512177
0,005937874
0,007460406
0,008450051
0,005785621
0,002512177
0,00312119
0,004567595
0,004339216
0,00312119
0,00289281
0,005709494
0,004491469
0,001218025
0,001218025
0,004034709
0,002968937
0,00289281
0,00289281
0,00289281
0,00289281
0,00289281
0,00289281
0,00289281
0,00289281
0,00289281
0,00289281
0,00289281
0,00289281
0,00289281
0,00289281
0,00289281
0,00289281
0,00289281
0,00289281
0,00289281
0,00289281
0,00289281
0,00289281
0,00289281
0,00289281
0,00289281
0,00289281
0,00289281
0,00289281
0,00289281
0,00289281
0,00289281
0,00289281
0,00289281
0,00289281
0,00289281
0,00289281
0,00289281
0,00289281
0,00289281
0,00289281
0,00289281
0,00289281
0,00289281
0,00289281
0,000989646
0,002664431
0,006014
0,01294152
0,019336153
0,028166838
0,042783143
0,057932334
0,060749018
0,068361676
0,07452793
0,074832437
0,076431095
0,07764912
0,07764912
0,074680183
0,037530408
0,074832437
0,077725247
0,07764912
0,07764912
0,07764912
0,07764912
0,075365323
0,068742309
0,039205193
0,057247195
0,077192361
0,07117836
0,076659475
0,077496867
0,077268487
0,074604057
0,072548639
0,071558993
0,068742309
0,07429955
0,080085171
0,079476158
0,080161298
0,039966459
0,077725247
0,079019399
0,080313551
0,080237424
0,080237424
0,080161298
0,077572994
0,072853145
0,068666183
0,052755726
0,055648536
0,0515377
0,046665599
0,025274027
0,019792913
0,01986904
0,013474406
0,014844685
0,01339828
0,020630305
0,029993876
0,043468282
0,046513346
0,021696078
0,057247195
0,071254487
0,077116234
0,079019399
0,080313551
0,079171652
0,076278842
0,067981044
0,037682661
0,038672307
0,035551117
0,063108942
0,069503575
0,078867146
0,078714893
0,078943272
0,075898209
0,079247779
0,07475631
0,079400032
0,080161298
0,079323905
0,079932918
0,039814206
0,079095525
0,080161298
0,079019399
0,080085171
0,080085171
0,080009045
0,07764912
0,07764912
0,07764912
0,079019399
0,077572994
0,076583348
0,068590056
0,057475574
0,056257549
0,053212485
0,034865978
0,024208255
0,031288028
0,021696078
0,037454282
0,035094357
0,054506637
0,034865978
0,07117836
0,077496867
0,079019399
0,078943272
0,078562639
0,07764912
0,074604057
0,07764912
0,07764912
0,077496867
0,076659475
0,07452793
0,07475631
0,077496867
0,075136943
0,076126589
0,076887854
0,07764912
0,073081525
0,074147297
0,073233778
0,073157652
0,073995044
0,037302028
0,072700892
0,072320259
0,071939626
0,073766664
0,075517576
0,07475631
0,061129651
0,042250257
0,029765496
0,042478636
0,060596764
0,058389093
0,033267319
0,051309321
0,067448157
0,069731955
0,063870208
0,04575208
0,028547471
0,018042001
0,007384279
0,002816684
0,001218025
0,000532886
0,001294152
7,61266E-05
0
0
0
0
0
0
0
0
0
0
7,61266E-05
0,002512177
0,004034709
0,004719848
0,007460406
0,013778913
0,021467698
0,027329445
0,024436635
0,019792913
0,013702786
0,002968937
0,005481114
0,013550533
0,002588304
0,008602305
0,012028001
0,011647368
0,007460406
0,007308152
0,010429343
0,010353216
0,006318507
0,005633368
0,006090127
0,007612659
0,003197317
0,001218025
0,001065772
7,61266E-05
0,000685139
0,001446405
0,002588304
0,003045064
0,004415342
0,001294152
0,001141899
0,001674785
0,001218025
0,001370279
0,002740557
0
0
0
0,004034709
0,015225318
0,044838561
0,078562639
0,067600411
0,089524868
0,087621703
0,083586994
0,081683829
0,080846437
0,080846437
0,080922564
0,081683829
0,081607703
0,080922564
0,017585242
0
0
0
0
0
0
0
0
0
0
0
0,003501823
0,018194255
0,018118128
0,023599242
0,014920811
0,023903749
0,039585826
0,035018231
0,02299023
0,012180254
0,014235672
0,008602305
0,017204609
0,018422634
0,011875748
0,030222256
0,015453697
0,013474406
0,017052356
0,008297798
0,010124836
0,01606271
0,020173546
0,046741725
0,08077031
0,080618057
0,079323905
0,075060816
0,076050462
0,071330613
0,075822082
0,080846437
0,077496867
0,070036461
0,059378739
0,0455237
0,020934812
0,020782559
0,020782559
0,020782559
0,020782559
0,020782559
0,020782559
0,020782559
0,020782559
0,02230509
0,00669914
0,007384279
0,003654076
0
0,003654076
0,003654076
0,005785621
0,014159545
0,031592534
0,049862915
0,048112004
0,040575472
0,048492637
0,054658891
0,025959167
0,066534638
0,052527346
0,040956105
0,042707016
0,050243548
0,066382385
0,065088233
0,048112004
0,037606535
0,02588304
0,029917749
0,02565466
0,018118128
0,01629109
0,013322153
0,014844685
0,0131699
0,016595596
0,015301444
0,009135191
0,008754558
0,005861747
0,004491469
0,000913519
0,001294152
0,001370279
0,002740557
0,001522532
0
0
0
0,000152253
0
0
0
0,001370279
0,001674785
0,004643722
0,00624238
0,009135191
0,018194255
0,028319091
0,033267319
0,043392155
0,049634536
0,050015169
0,041793497
0,024817268
0,055496283
0,052603473
0,06204317
0,067448157
0,078486513
0,091732539
0,098355552
0,095614995
0,101857375
0,107186237
0,104141173
0,099878084
0,099878084
0,099878084
0,099116818
0,100334844
0,104750186
0,104065046
0,101172236
0,095005982
0,096147881
0,090438387
0,090514514
0,038443927
0,04864489
0,084652766
0,086251425
0,082368969
0,085337906
0,089905501
0,088687476
0,088687476
0,090133881
0,090971273
0,09127578
0,099345198
0,102009629
0,101933502
0,09728978
0,092722185
0,0910474
0,090971273
0,088991982
0,098660059
0,100943856
0,101933502
0,096376261
0,048188131
0,0970614
0,096985274
0,096985274
0,096985274
0,096985274
0,096985274
0,096985274
0,096071755
0,096300134
0,093559577
0,092646058
0,094929856
0,09416859
0,096985274
0,10041097
0,101552869
0,100791603
0,101324489
0,10041097
0,101400616
0,099421325
0,098279426
0,099954211
0,049634536
0,099954211
0,100030337
0,099878084
0,099878084
0,099954211
0,09774654
0,100030337
0,099649704
0,099801958
0,099954211
0,097670413
0,098051046
0,098507806
0,094929856
0,089524868
0,075289196
0,068970689
0,061662537
0,052755726
0,044001168
0,033038939
0,02253347
0,013702786
0,004872102
0,007308152
0,009059064
0,007764912
0,007232026
0,007612659
0,007764912
0,004186962
0,007308152
0,005937874
0,007688785
0,011951874
0,013550533
0,013322153
0,012332507
0,011951874
0,009211317
0,016443343
0,010277089
0
0
0
0
0
0
0
0,007308152
0,007612659
0,007536532
0,007232026
0,007079773
0,007384279
0,007155899
0,005937874
0,004491469
0,003273443
0,002512177
0,001674785
0,001370279
0,003045064
0,005861747
0,008906811
0,007155899
0
0
0
0
0
0
0
0,004263089
0,028242964
0,036312383
0,048264257
0,043696662
0,069199069
0,069808082
0,065316613
0,07833426
0,088991982
0,078638766
0,073766664
0,00936357
0
0
0
0
0
0
0
0
0
0
0
0,063489575
0,085946918
0,083054108
0,083586994
0,083358614
0,079019399
0,065468866
0,063794081
0,063870208
0,069199069
0,083358614
0,072548639
0,066458512
0,062271549
0,053060232
0,069122942
0,092189299
0,106348844
0,10063935
0,10398892
0,103456034
0,105587578
0,052298966
0,103075401
0,102770894
0,101933502
0,102770894
0,102770894
0,100487097
0,102009629
0,102770894
0,102770894
0,102770894
0,102009629
0,104293426
0,105054692
0,10353216
0,10353216
0,102770894
0,102770894
0,102770894
0,102770894
0,098964565
0,102770894
0,102770894
0,102009629
0,051004814
0,102770894
0,102770894
0,102770894
0,102770894
0,102770894
0,102009629
0,101248363
0,101248363
0,101248363
0,099649704
0,099878084
0,099878084
0,099878084
0,099801958
0,098507806
0,098127173
0,096680767
0,098888438
0,098660059
0,100106464
0,099649704
0,089753248
0,075517576
0,027481698
0,038139421
0,025197901
0,016214963
0,013474406
0,009135191
0,007460406
0,007155899
0,007764912
0,004415342
0,014920811
0,025426281
0,018042001
0,030907395
0,041488991
0,040347092
0,053288612
0,062728309
0,074223424
0,078258133
0,087393324
0,095005982
0,092722185
0,094244717
0,034104712
0,091960919
0,091199653
0,092722185
0,091960919
0,091199653
0,088915855
0,091960919
0,091960919
0,092722185
0,090438387
0,091199653
0,091199653
0,092722185
0,092722185
0,092722185
0,092722185
0,092722185
0,092722185
0,093483451
0,095767248
0,096528514
0,095767248
0,108404262
0,060140005
0,120736769
0,120736769
0,120736769
0,119138111
0,117843959
0,117843959
0,117843959
0,117311073
0,114189883
0,113885376
0,117463326
0,117539453
0,117463326
0,117463326
0,117463326
0,117463326
0,11670206
0,11670206
0,117463326
0,113200237
0,119594871
0,118833605
0,119214238
0,058084587
0,11670206
0,117463326
0,117463326
0,11670206
0,11670206
0,117311073
0,114570516
0,114570516
0,114570516
0,112210591
0,110992566
0,10733849
0,102770894
0,085870792
0,060063878
0,082749602
0,080009045
0,047959751
0,032886686
0,014768558
0,014996938
0,019564533
0,012332507
0,00357795
0,002968937
0,001065772
0
0
0
0
0
0
0
0
0,004491469
0,003045064
0,014464052
0,007079773
0,009896457
0,018955521
0,032506053
0,050548055
0,033115066
0,042021877
0,039205193
0,051309321
0,046970105
0,027101066
0,04841651
0,070873854
0,076583348
0,098127173
0,105587578
0,111449326
0,110840313
0,116321427
0,095310489
0,051613827
0,028623597
0,029765496
0,031211901
0,049025523
0,068818436
0,076431095
0,076431095
0,08724107
0,108861022
0,110079047
0,103227654
0,103836667
0,102694768
0,04864489
0,095995628
0,068970689
0,088078463
0,096756894
0,095386615
0,09774654
0,105359199
0,107414616
0,108861022
0,105359199
0,081379323
0,067372031
0,107490743
0,108708768
0,105892085
0,105815958
0,107642996
0,108023629
0,108937148
0,108708768
0,104978566
0,108708768
0,108099756
0,054049878
0,108861022
0,108861022
0,108861022
0,107795249
0,105283072
0,104445679
0,105511452
0,105968211
0,106044338
0,105206945
0,105892085
0,104826312
0,104826312
0,104826312
0,104065046
0,1042173
0,102694768
0,101933502
0,101248363
0,10398892
0,101705122
0,104826312
0,104750186
0,05222284
0,104293426
0,102770894
0,098660059
0,093787957
0,080009045
0,072624765
0,089220362
0,093407324
0,08145545
0,060063878
0,051689954
0,031668661
0,063032815
0,060292258
0,032049294
0,016214963
0,010657722
0,004263089
0,004567595
0,006014
0,004186962
0,002664431
0,002968937
0,000913519
0,008602305
0,018118128
0,024360508
0,034333091
0,04841651
0,049634536
0,076583348
0,093635704
0,030526762
0
0
0
0
0
0
0
0
0
0
0
0
0
0
0
0
0
0
0
0
0
0
0
0
0,034561471
0,034409218
0,030602889
0,031364154
0,031440281
0,026872686
0,022076711
0,022000584
0,014920811
0,015149191
0,027101066
0,014996938
0,018042001
0,011799621
0,012104128
0,033571826
0,04217413
0,050091295
0,039433573
0,05534403
0,082901855
0,091123526
0,091732539
0,096528514
0,099192945
0,099878084
0,099878084
0,099878084
0,099878084
0,099878084
0,099878084
0,098355552
0,098355552
0,098355552
0,098355552
0,097594286
0,096680767
0,090971273
0,046284966
0,070112588
0,093331198
0,095158236
0,094701476
0,088611349
0,089144235
0,092341552
0,095462742
0,095462742
0,094701476
0,093787957
0,093407324
0,093407324
0,093407324
0,093407324
0,093407324
0,092646058
0,092646058
0,092569932
0,092569932
0,091580286
0,095538869
0,095462742
0,048264257
0,087317197
0,095310489
0,043239902
0,036616889
0,094092463
0,095386615
0,093559577
0,095538869
0,095462742
0,094701476
0,095234362
0,095386615
0,095538869
0,095462742
0,096224008
0,096300134
0,092950565
0,092569932
0,093255071
0,089220362
0,082597349
0,081607703
0,088839729
0,047274611
0,095234362
0,094777603
0,095462742
0,095462742
0,093559577
0,094701476
0,093331198
0,094777603
0,090286134
0,09371183
0,095462742
0,095386615
0,087621703
0,090133881
0,083130235
0,066534638
0,08411988
0,07117836
0,04194575
0,071330613
0,087393324
0,087850083
0,085642412
0,042783143
0,081607703
0,0910474
0,069960335
0,095386615
0,094473096
0,095462742
0,095462742
0,095462742
0,09394021
0,094701476
0,095462742
0,095538869
0,095462742
0,096604641
0,102694768
0,10398892
0,103227654
0,101552869
0,101248363
0,101248363
0,101172236
0,101172236
0,100943856
0,050319675
0,10086773
0,098355552
0,100030337
0,083282488
0,092417678
0,066306259
0,059302612
0,069122942
0,062271549
0,056562055
0,058160714
0,049177776
0,047046232
0,059454866
0,058998106
0,062271549
0,071330613
0,071558993
0,069199069
0,090057754
0,101933502
0,091351906
0,099269071
0,049634536
0,101324489
0,101019983
0,102923148
0,102314135
0,100791603
0,099801958
0,099421325
0,094929856
0,079247779
0,074147297
0,075745956
0,069579702
0,058389093
0,040042586
0,02923261
0,061053524
0,082825728
0,095005982
0,118985858
0,118529098
0,117767832
0,119061984
0,118985858
0,059987752
0,120203883
0,120203883
0,120203883
0,119442617
0,119442617
0,120203883
0,120203883
0,119442617
0,118681351
0,119442617
0,120203883
0,119366491
0,120203883
0,119442617
0,118300719
0,116169174
0,116093047
0,117234946
0,117234946
0,117843959
0,119442617
0,119518744
0,119518744
0,060140005
0,12028001
0,119518744
0,119518744
0,119518744
0,12028001
0,12028001
0,119518744
0,118757478
0,11647368
0,118757478
0,118757478
0,119518744
0,118757478
0,117996212
0,118757478
0,118757478
0,119518744
0,119518744
0,12028001
0,119518744
0,114951149
0,12028001
0,12028001
0,060140005
0,119518744
0,107186237
0,082064462
0,068666183
0,048949396
0,025959167
0,015377571
0,010581596
0,004567595
0
0
0
0,008830684
0,021315445
0,034789851
0,038139421
0,056257549
0,071254487
0,083663121
0,108175882
0,13032872
0,134135049
0,134135049
0,067219778
0,134135049
0,134135049
0,133982796
0,132612517
0,134135049
0,134135049
0,134135049
0,133373783
0,134439555
0,136951733
0,132231884
0,13322153
0,13276477
0,124010213
0,123477327
0,12362958
0,124999858
0,130785479
0,127892669
0,129567454
0,132917024
0,132536391
0,128197175
0,066763018
0,132612517
0,130633226
0,125989504
0,127435909
0,12028001
0,115407908
0,092722185
0,077344614
0,060977397
0,044305675
0,037911041
0,03616013
0,028166838
0,021315445
0,022076711
0,020554179
0,019792913
0,020554179
0,004795975
0
0
0
0,001294152
0
0,00022838
0
0
0,001065772
0,001750912
0,001141899
0,00022838
0,00022838
0,00022838
0,00022838
7,61266E-05
0,001446405
0
0
0,002588304
0,009135191
0,014920811
0,025730787
0,031820914
0,053669245
0,073538285
0,105283072
0,113504743
0,057703954
0,120965149
0,128806188
0,131013859
0,128501681
0,128958441
0,126826896
0,127055276
0,125075985
0,111525452
0,09127578
0,070264841
0,066991398
0,059454866
0,049330029
0,038976813
0,059607119
0,081150943
0,100943856
0,082749602
0,083206361
0,087773957
0,101248363
0,094929856
0,044686307
0,069960335
0,066763018
0,096909147
0,076202715
0,056562055
0,049558409
0,093331198
0,119366491
0,092037046
0,098355552
0,090742894
0,098051046
0,104369553
0,102694768
0,087317197
0,108404262
0,108784895
0,11403763
0,14616305
0,135733707
0,13322153
0,134515682
0,132840897
0,061738663
0,108480389
0,118909731
0,10688173
0,09439697
0,111068693
0,136647226
0,15263381
0,157201405
0,138322011
0,12697915
0,112743478
0,099725831
0,099725831
0,094777603
0,08480502
0,115864668
0,121878668
0,150350012
0,163672165
0,165499203
0,165499203
0,163976672
0,164433431
0,081912209
0,164585684
0,165651457
0,165651457
0,163367659
0,164966317
0,164966317
0,165727583
0,164205051
0,164128925
0,164128925
0,165727583
0,165727583
0,165727583
0,164966317
0,164890191
0,164585684
0,164661811
0,164814064
0,165727583
0,165727583
0,162834773
0,154460848
0,162834773
0,080618057
0,162834773
0,162834773
0,162073507
0,160474849
0,162073507
0,162758646
0,159789709
0,150121633
0,119747124
0,101172236
0,084957273
0,077040108
0,069122942
0,061738663
0,044686307
0,041488991
0,062499929
0,123248947
0,152709937
0,141747708
0,152100924
0,14304186
0,090742894
0,032429927
0,043848915
0,02253347
0,019716786
0,025426281
0,01629109
0,007232026
0,001522532
0,001674785
0,002436051
0,001522532
0
0
0
0
0
0,000152253
0
0
0,008526178
0,037530408
0,050015169
0,037606535
0,032962813
0,020401926
0,052527346
0,058845853
0,054126004
0,037834914
0,046284966
0,067904917
0,067524284
0,057018815
0,034485345
0,028928104
0,02276185
0,031516408
0,043468282
0,025959167
0,017965875
0,032962813
0,048340384
0,063489575
0,055420156
0,064326967
0,060444511
0,058617473
0,056790435
0,024056002
0,046284966
0,037530408
0,028547471
0,022609597
0,014996938
0,009211317
0,005709494
0,01964066
0,013626659
0,013702786
0,015225318
0,014692432
0,02230509
0,017737495
0,03258218
0,076278842
0,088459096
0,133069277
0,169533913
0,176994318
0,176004673
0,172883483
0,168239761
0,066154005
0,061890916
0,073842791
0,055648536
0,056942688
0,069122942
0,070721601
0,057551701
0,053745371
0,071787373
0,118605225
0,175852419
0,180724521
0,180724521
0,157962671
0,180724521
0,180724521
0,180800648
0,180724521
0,180648395
0,179963255
0,180724521
0,180648395
0,1749389
0,065316613
0,083130235
0,060444511
0,043392155
0,023751496
0,025426281
0,013322153
0,008982937
0,011875748
0,019792913
0,049786789
0,049634536
0,046589472
0,031288028
0,021087065
0,013626659
0,013474406
0,014692432
0,021010938
0,026720433
0,034409218
0,040575472
0,054126004
0,101857375
0,07498469
0,163672165
0,17897361
0,180572268
0,180648395
0,180572268
0,180267762
0,179354243
0,177374951
0,173035736
0,180039382
0,180343888
0,180343888
0,180572268
0,180343888
0,197091738
0,195340826
0,192600269
0,178897483
0,151263531
0,110764186
0,11715882
0,141290948
0,093407324
0,030070002
0,042098003
0,030374509
0,016671723
0,009211317
0,004643722
0,003045064
0,003045064
0,007232026
0,005937874
0,005937874
0,002664431
0
0
0
0
0
0
0
0,001446405
0,004186962
0,000989646
7,61266E-05
0,001065772
0,000304506
0
0
0,001141899
0,007764912
0,013855039
0,016367217
0,010277089
0,01629109
0,021239318
0,031440281
0,038976813
0,031897041
0,072015753
0,121421909
0,174558267
0,195797586
0,204476017
0,205998549
0,202877358
0,197624624
0,138017505
0,081759956
0,040803851
0,021391571
0,068894563
0,140986442
0,138474265
0,135429201
0,130861606
0,091656413
0,070645474
0,082445095
0,072396386
0,059607119
0,05534403
0,0718635
0,055953043
0,052298966
0,069046816
0,074908563
0,067676537
0,058769726
0,04506694
0,130937732
0,144183759
0,180648395
0,202725105
0,10018259
0,204247637
0,192143509
0,16268252
0,121954795
0,057627828
0,043163776
0,047807498
0,037149775
0,03882456
0,044762434
0,03905294
0,031059648
0,026720433
0,018955521
0,041336738
0,030983522
0,038443927
0,035627243
0,028319091
0,028928104
0,019564533
0,02968937
0,064098588
0,037302028
0,067295904
0,040575472
0,055724663
0,035855623
0,025578534
0,024056002
0,0263398
0,036997522
0,050700308
0,065925626
0,07810588
0,098660059
0,115407908
0,120736769
0,159865836
0,212240929
0,210566144
0,21087065
0,212240929
0,213002195
0,210337764
0,201202573
0,210109384
0,10353216
0,208586853
0,20082194
0,18521599
0,190925484
0,196634978
0,143879252
0,143194113
0,143879252
0,198766523
0,207216574
0,210033258
0,209957131
0,208662979
0,208891359
0,20417151
0,178897483
0,091732539
0,048264257
0,055800789
0,026720433
0,054126004
0,151187405
0,090362261
0,209119739
0,209271992
0,209195865
0,207673333
0,191001611
0,20150708
0,181714167
0,20797784
0,204552143
0,209348118
0,204552143
0,196634978
0,183997964
0,198918776
0,205313409
0,199603915
0,199984548
0,203410245
0,206455308
0,207216574
0,207064321
0,200745814
0,196711105
0,102161882
0,206531435
0,206303055
0,207140447
0,207292701
0,207292701
0,206303055
0,191077737
0,207292701
0,206226928
0,206455308
0,206455308
0,206455308
0,199984548
0,091428033
0,006394633
0,155069861
0,198994902
0,176004673
0,194960193
0,199071029
0,201430953
0,2012787
0,199756168
0,099497451
0,200745814
0,200745814
0,20150708
0,201430953
0,20150708
0,195797586
0,140377429
0,171741584
0,128653935
0,16511857
0,189707459
0,180191635
0,189402952
0,196482725
0,195797586
0,195797586
0,195721459
0,194960193
0,194655687
0,193361535
0,201202573
0,199756168
0,195949839
0,094320843
0,169077153
0,133754416
0,09439697
0,106805604
0,136190467
0,144412138
0,08480502
0,104902439
0,167173988
0,196711105
0,19838589
0,198614269
0,197320117
0,198614269
0,198690396
0,198614269
0,198081383
0,184530851
0,174101508
0,177603331
0,187195281
0,195721459
0,189935838
0,097670413
0,196254345
0,198233636
0,196558852
0,188032674
0,175700166
0,153395076
0,165423077
0,157582038
0,129262947
0,113047984
0,090057754
0,082977981
0,073918917
0,066458512
0,048112004
0,049330029
0,053973751
0,052755726
0,049482283
0,059987752
0,077801373
0,058617473
0,049862915
0,020554179
0,052679599
0,060216132
0,078258133
0,092798311
0,095005982
0,065849499
0,072091879
0,057932334
0,037987168
0,028471344
0,032506053
0,040347092
0,044686307
0,044990814
0,047502991
0,043925042
0,037454282
0,048035877
0,043392155
0,037682661
0,04240251
0,036388509
0,030070002
0,011951874
0,021087065
0,0131699
0,004719848
0,001065772
0
0
0
0
0
0
0
0
0,000913519
0,011723495
0,0191839
0,020706432
0,013474406
0,017661369
0,012180254
0,011647368
0,017889748
0,014844685
0,025426281
0,014464052
0,011951874
0,007460406
0,001218025
0,001446405
0,00289281
0,007308152
0,010657722
0,021315445
0,027024939
0,010429343
0,004719848
0,001750912
0,001598658
0
0
0
0
0
0
0
0
0
0,000913519
0,002512177
0,013626659
0,032658306
0,044838561
0,058617473
0,05557241
0,082901855
0,129034568
0,136951733
0,114722769
0,088915855
0,090286134
0,102466388
0,109774541
0,093102818
0,066610765
0,033115066
0,032886686
0,061129651
0,061281904
0,049330029
0,06181479
0,094320843
0,125913377
0,066991398
0,138550391
0,162378013
0,153242823
0,168011381
0,169077153
0,149817126
0,132003504
0,133906669
0,108175882
0,073309905
0,094549223
0,087012691
0,05846522
0,047807498
0,059683245
0,054354384
0,050700308
0,034485345
0,02230509
0,025502407
0,02276185
0,016595596
0,015301444
0,005252735
0,013093773
0,011799621
0,007460406
0,004491469
0,001065772
0
0
0
7,61266E-05
0,004263089
0,004110836
0,004795975
0
0,002512177
0
0
0
0,001446405
0,007384279
0,007688785
0,012028001
0,007308152
0,00312119
0,002131544
0,003045064
0
7,61266E-05
0,001218025
0,00312119
0,000989646
0
0
0
0
0
0,000152253
0,001446405
0,001522532
0,007079773
0,004186962
0,004719848
0,007764912
0,013626659
0,025502407
0,040270965
0,050015169
0,052527346
0,031744787
0,081150943
0,073918917
0,05892198
0,052679599
0,040499345
0,037378155
0,059530992
0,106348844
0,124923732
0,13679948
0,139768417
0,125684998
0,136875606
0,130937732
0,170675811
0,176080799
0,194655687
0,201887713
0,205694042
0,204780523
0,204323764
0,206988194
0,206226928
0,101933502
0,206303055
0,206226928
0,205465662
0,206226928
0,206074675
0,205998549
0,20439989
0,205237283
0,206988194
0,204932776
0,205770169
0,203029612
0,203105738
0,206150802
0,206226928
0,206226928
0,206226928
0,204932776
0,20462827
0,199908421
0,204019257
0,191534497
0,195721459
0,09371183
0,197243991
0,197243991
0,197243991
0,196482725
0,197243991
0,196482725
0,197167864
0,197167864
0,202344472
0,206150802
0,204704397
0,201963839
0,203029612
0,195416953
0,185901129
0,09774654
0,166945609
0,133830543
0,124390846
0,079552285
0,072320259
0,052603473
0,034333091
0,028014585
0,076431095
0,063413448
0,091123526
0,148370721
0,176918192
0,207444954
0,209119739
0,209119739
0,209119739
0,208358473
0,209119739
0,209119739
0,209119739
0,209119739
0,208282346
0,20797784
0,208053966
0,208130093
0,206683688
0,205389536
0,207673333
0,208739106
0,208815232
0,102618641
0,197243991
0,199603915
0,20485665
0,202801232
0,208358473
0,208130093
0,207825587
0,198081383
0,198538143
0,200060675
0,202344472
0,202344472
0,202344472
0,206683688
0,209119739
0,208358473
0,209119739
0,20820622
0,181561914
0,169990672
0,187652041
0,199680042
0,192676396
0,083358614
0,165042444
0,133373783
0,136418847
0,164966317
0,174253761
0,180496141
0,180343888
0,180343888
0,169610039
0,176004673
0,171208698
0,183617331
0,180724521
0,184683104
0,184454724
0,173873128
0,146772063
0,146695936
0,151339658
0,127359783
0,110840313
0,10376054
0,091656413
0,054506637
0,157734291
0,155831127
0,117311073
0,135048568
0,169533913
0,194122801
0,191991256
0,172807356
0,168392014
0,121650288
0,08411988
0,066382385
0,06135803
0,06135803
0,073386031
0,081303197
0,114342136
0,130024213
0,139083277
0,142889607
0,150502265
0,149741
0,143650873
0,057627828
0,091884792
0,081988336
0,086555931
0,079704538
0,051689954
0,044610181
0,025806914
0,02230509
0,016214963
0,013093773
0,010505469
0,01651947
0,033038939
0,046437219
0,048188131
0,047807498
0,05511565
0,102161882
0,129110694
0,130404846
0,125837251
0,139540037
0,187652041
0,099040692
0,180191635
0,169990672
0,10733849
0,042326383
0,004339216
0,010581596
0,052298966
0,168239761
0,206074675
0,19770075
0,150654519
0,09059064
0,054430511
0,049482283
0,024284382
0,004872102
0
0
0,001065772
0,010277089
0,012104128
0,014692432
0,015225318
0,012256381
0,01964066
0,020934812
0,021163192
0,006166254
0,010809976
0,020706432
0,032734433
0,052375093
0,060140005
0,059911625
0,053897625
0,034409218
0,022228964
0,018194255
0,015225318
0,022837977
0,026948812
0,030222256
0,044914687
0,047731371
0,054278258
0,049406156
0,054202131
0,02588304
0,050700308
0,064555347
0,104674059
0,115636288
0,129110694
0,111449326
0,108328135
0,128653935
0,151415785
0,168848773
0,186814648
0,204704397
0,200365181
0,199147156
0,202116093
0,202039966
0,192676396
0,199299409
0,201963839
0,20173546
0,198918776
0,203410245
0,20439989
0,10086773
0,203562498
0,20439989
0,203638624
0,20439989
0,20439989
0,20439989
0,203638624
0,20439989
0,20462827
0,197091738
0,156516266
0,150045506
0,142737353
0,130252593
0,125152112
0,125913377
0,128958441
0,122107048
0,09774654
0,092417678
0,100791603
0,102314135
0,114494389
0,065773372
0,111449326
0,103836667
0,09774654
0,11068806
0,118300719
0,130480973
0,108404262
0,091656413
0,079476158
0,075669829
0,082521222
0,081759956
0,087088817
0,09394021
0,096224008
0,107642996
0,106120464
0,106120464
0,114266009
0,111449326
0,071026107
0,031744787
0,017965875
0,00936357
0,022685723
0,034409218
0,043848915
0,048112004
0,031288028
0,030298382
0,024056002
0,025730787
0,021315445
0,017585242
0,028242964
0,040347092
0,068970689
0,087393324
0,07498469
0,092037046
0,08122707
0,083891501
0,054430511
0,080922564
0,088459096
0,086708184
0,106196591
0,045904333
0,065544993
0,059759372
0,095919502
0,194275054
0,200060675
0,193513788
0,190011965
0,144183759
0,138093632
0,163063153
0,169229406
0,176613685
0,191534497
0,19792913
0,205389536
0,210490017
0,212164802
0,212621562
0,207292701
0,207444954
0,213306701
0,200136801
0,104750186
0,012332507
0,037834914
0,034485345
0,02276185
0,027101066
0,02968937
0,024360508
0,026720433
0,02877585
0,013246026
0,003273443
0,001294152
7,61266E-05
0,001598658
0,007232026
0,007536532
0,006318507
0,001827038
0,001598658
0,01004871
0,012104128
0
0
0,001218025
0,002131544
0,010505469
0,013626659
0,014996938
0,022152837
0,035855623
0,05222284
0,06158641
0,037834914
0,043316029
0,053897625
0,127816542
0,137027859
0,132003504
0,124543099
0,109774541
0,102009629
0,145630164
0,126141757
0,123325073
0,14593467
0,12629401
0,099116818
0,083967627
0,020554179
0,017432989
0,011114482
0,007993292
0,00289281
0,004110836
0,004719848
0,013702786
0,025197901
0,057856207
0,12362958
0,121117402
0,137180113
0,168315887
0,155222114
0,08724107
0,104293426
0,138245885
0,137865252
0,163824418
0,170142925
0,172198343
0,176309179
0,166184343
0,059150359
0,172959609
0,167250115
0,163215406
0,171056444
0,146010797
0,156059506
0,133069277
0,151568038
0,191534497
0,221909006
0,267280452
0,291793214
0,283190909
0,256546603
0,272989946
0,272228681
0,251750628
0,240179387
0,258678148
0,279917466
0,24056002
0,150502265
0,149817126
0,072472512
0,124314719
0,132688644
0,098279426
0,081683829
0,088382969
0,0718635
0,072396386
0,08724107
0,079704538
0,104902439
0,175928546
0,167935254
0,130557099
0,193133155
0,171665457
0,100334844
0,070417094
0,058541347
0,057627828
0,07429955
0,06447922
0,05222284
0,052451219
0,037225902
0,058998106
0,03882456
0,036616889
0,028851977
0,023294736
0,019260027
0,018651014
0,018118128
0,014768558
0,016747849
0,020782559
0,017509115
0,015986584
0,016747849
0,0191839
0,021543825
0,021772204
0,030298382
0,038443927
0,046970105
0,044001168
0,041565117
0,033343446
0,022609597
0,032734433
0,037987168
0,046208839
0,053821498
0,049253903
0,060368385
0,080846437
0,074147297
0,069199069
0,060444511
0,047350738
0,046893979
0,045371447
0,02946099
0,02946099
0,023218609
0,022000584
0,020249673
0,01986904
0,015910457
0,013246026
0,008297798
0,005481114
0,008373925
0,013474406
0,016595596
0,02565466
0,039129066
0,053288612
0,095691122
0,128882314
0,159713583
0,174253761
0,182551559
0,175700166
0,206531435
0,25662273
0,273218326
0,283038656
0,293163492
0,299862632
0,298720733
0,299786506
0,301232911
0,302679316
0,300776151
0,29544729
0,17897361
0,291260328
0,298949113
0,222213512
0,193894421
0,255100198
0,294762151
0,285322454
0,287682378
0,249619084
0,241473539
0,25038035
0,261723211
0,249390704
0,244518602
0,216351765
0,16846814
0,170142925
0,135353074
0,065621119
0,021087065
0,018194255
0,001674785
0,021010938
0,045599827
0,103151527
0,196330472
0,284865694
0,297578834
0,298720733
0,304963114
0,30168967
0,299862632
0,275654377
0,106729477
0,196025965
0,295371163
0,290955821
0,271924174
0,274969238
0,259211034
0,263778629
0,298720733
0,300471645
0,298416227
0,298949113
0,298263974
0,29902524
0,199451662
0,295371163
0,293772505
0,292021594
0,290194555
0,293011239
0,289585543
0,29186934
0,293087366
0,293011239
0,286464353
0,282125137
0,284789568
0,276491769
0,254415059
0,239798754
0,251522248
0,237514956
0,281211618
0,286844986
0,289890049
0,291564834
0,289966176
0,289966176
0,195569206
0,292935113
0,293087366
0,289509416
0,292249973
0,29499053
0,293620252
0,293163492
0,283723795
0,263245743
0,261723211
0,247183033
0,223050904
0,209500372
0,160779355
0,158723937
0,131394492
0,166564976
0,213306701
0,226628854
0,179430369
0,128882314
0,118757478
0,092265425
0,040879978
0,049786789
0,031364154
0,017889748
0,005785621
0,000152253
0,000152253
0,00045676
0,00669914
0,015073065
0,017509115
0,019564533
0,01583433
0,014844685
0,020097419
0,013550533
0,009287444
0,012256381
0,015910457
0,032886686
0,038367801
0,054354384
0,065925626
0,095234362
0,137865252
0,148675227
0,151720291
0,153395076
0,163748292
0,181485787
0,190544851
0,184530851
0,166184343
0,180724521
0,179201989
0,188946193
0,197015611
0,20105032
0,202953485
0,197091738
0,197091738
0,199527788
0,197243991
0,198081383
0,200441308
0,200517434
0,200745814
0,199071029
0,19792913
0,194503434
0,196102092
0,183312825
0,188261053
0,191610623
0,19168675
0,190544851
0,181942547
0,162987026
0,147609455
0,121650288
0,081836083
0,05176608
0,02968937
0,018270381
0,015605951
0,008069418
0,010886102
0,019488407
0,024056002
0,034561471
0,060520638
0,098279426
0,140910315
0,218331056
0,258221388
0,292402226
0,290575188
0,26286511
0,24345283
0,268041718
0,277785921
0,179811002
0,14616305
0,160779355
0,128653935
0,122030921
0,125532744
0,184454724
0,178060091
0,188717813
0,230206804
0,269183617
0,271848048
0,23051131
0,175700166
0,106044338
0,075213069
0,118376845
0,142204467
0,143726999
0,195645332
0,232186095
0,239494247
0,195645332
0,144868898
0,076507221
0,090133881
0,118224592
0,104826312
0,192448016
0,226324348
0,224954069
0,234622146
0,253349287
0,280450352
0,303897341
0,315925342
0,313565418
0,311890633
0,311129367
0,209957131
0,312119013
0,312728026
0,312880279
0,314326684
0,314707317
0,310368101
0,309302329
0,310139722
0,299634252
0,287910758
0,27291382
0,262027718
0,263854756
0,251446122
0,264463768
0,250684856
0,262560604
0,26910749
0,270173263
0,270021009
0,266595313
0,26020068
0,25662273
0,151111278
0,241625792
0,241930298
0,244594729
0,234393766
0,225410829
0,231196449
0,2336325
0,228075259
0,195873712
0,157810418
0,141138695
0,125380491
0,1102313
0,084881146
0,06828555
0,067448157
0,061662537
0,049862915
0,051842207
0,048568763
0,042935396
0,034561471
0,033419572
0,02253347
0,040270965
0,042707016
0,048188131
0,057094941
0,051842207
0,053973751
0,063185068
0,059607119
0,036845269
0,005481114
0,002512177
0,001827038
0,002968937
0,005024355
0,008145545
0,010733849
0,011875748
0,012332507
0,013017647
0,007841039
0,007917165
0,007917165
0,013474406
0,016747849
0,019107774
0,025426281
0,033115066
0,040803851
0,05222284
0,058084587
0,05846522
0,058160714
0,068818436
0,082673475
0,086175298
0,085337906
0,104369553
0,097974919
0,088839729
0,097365907
0,106501097
0,103075401
0,087621703
0,091808666
0,097594286
0,082749602
0,08145545
0,075745956
0,117539453
0,120660643
0,115940794
0,122563808
0,15864781
0,13611434
0,12028001
0,101781249
0,096224008
0,098812312
0,115864668
0,115027275
0,130861606
0,134287302
0,136875606
0,166793355
0,161236114
0,166869482
0,169533913
0,160170342
0,150959025
0,145477911
0,145097278
0,141747708
0,13010034
0,111753832
0,082521222
0,080313551
0,069503575
0,060444511
0,045675953
0,059378739
0,068742309
0,069351322
0,059302612
0,072853145
0,084500513
0,104521806
0,119594871
0,141367075
0,150045506
0,124010213
0,129110694
0,160703228
0,184454724
0,18475923
0,183693458
0,166717229
0,161464494
0,170066799
0,133145403
0,125152112
0,083891501
0,094777603
0,121650288
0,136038214
0,220234221
0,300014885
0,278242681
0,23005455
0,281135491
0,299862632
0,286616606
0,277253035
0,295523417
0,267280452
0,272152554
0,267052073
0,216808524
0,153395076
0,118072339
0,076887854
0,104674059
0,1294152
0,095158236
0,07764912
0,095005982
0,103227654
0,091656413
0,097213654
0,109089401
0,099954211
0,126674643
0,15956133
0,17897361
0,153318949
0,148979734
0,141214822
0,185596623
0,191306117
0,215590499
0,181181281
0,170904191
0,166793355
0,182247053
0,128958441
0,141899961
0,127207529
0,100030337
0,122563808
0,122716061
0,106424971
0,122716061
0,130480973
0,10353216
0,073462158
0,076963981
0,060749018
0,041184484
0,045371447
0,044534054
0,039890332
0,045447573
0,049177776
0,048949396
0,051385447
0,075898209
0,059302612
0,074604057
0,039890332
0,064250841
0,077192361
0,083358614
0,055953043
0,055953043
0,073233778
0,079171652
0,08746945
0,107871376
0,100258717
0,098888438
0,116854313
0,133754416
0,115636288
0,124695352
0,137636872
0,158038798
0,187575914
0,238885235
0,281516124
0,287225618
0,291184201
0,285322454
0,130252593
0,072396386
0,067219778
0,072091879
0,12294444
0,164281178
0,165499203
0,1881088
0,186357889
0,150502265
0,137789125
0,12987196
0,112286718
0,106348844
0,102999274
0,091884792
0,102009629
0,119214238
0,114951149
0,107947503
0,089220362
0,066839145
0,047807498
0,031135775
0,012104128
0,017585242
0,014844685
0,01339828
0,017661369
0,016443343
0,025578534
0,031059648
0,045219194
0,054049878
0,072015753
0,089981628
0,118376845
0,143346366
0,146924316
0,147152696
0,146619809
0,133830543
0,137865252
0,135048568
0,138245885
0,162834773
0,179658749
0,190164218
0,123096694
0,131318365
0,113885376
0,102161882
0,080846437
0,067143651
0,079323905
0,087773957
0,062195423
0,031820914
0,021848331
0,012484761
0,015225318
0,02968937
0,033038939
0,049482283
0,062423803
0,054811144
0,054049878
0,072548639
0,088382969
0,097898793
0,140529682
0,162606393
0,116854313
0,185901129
0,176842065
0,187575914
0,143803126
0,162834773
0,175091154
0,195493079
0,211555789
0,1881088
0,16915328
0,171589331
0,164890191
0,211175157
0,270934529
0,30214643
0,334880863
0,337164661
0,344777319
0,349725548
0,267813338
0,273675086
0,282201264
0,330465521
0,271162908
0,358480105
0,372563524
0,382459981
0,366930157
0,353075118
0,326963698
0,326735318
0,278242681
0,21064227
0,16534695
0,09751816
0,051689954
0,024893394
0,019716786
0,015605951
0,013702786
0,01651947
0,023142483
0,027633952
0,036540762
0,047426865
0,070797727
0,132231884
0,10711011
0,190164218
0,209652625
0,241778045
0,207368827
0,330846154
0,336555648
0,333662837
0,325517292
0,333662837
0,331835799
0,358327852
0,44518829
0,428364314
0,411692591
0,427755301
0,431409377
0,428288187
0,424634111
0,391975804
0,344168307
0,290803568
0,274893111
0,307551418
0,233556374
0,342874155
0,364722486
0,352466105
0,36731079
0,312956405
0,274512478
0,263930882
0,24345283
0,168163634
0,110079047
0,083815374
0,14281348
0,210413891
0,189783585
0,150350012
0,216275638
0,241854172
0,21109903
0,17562404
0,241169032
0,252359641
0,231044196
0,242615438
0,240255513
0,273066073
0,37956717
0,408266894
0,407277249
0,405297957
0,382840614
0,371040992
0,316458228
0,225867588
0,228455892
0,205161156
0,199603915
0,199984548
0,236449184
0,335109243
0,332444812
0,350030054
0,368376562
0,365331498
0,384972158
0,403623172
0,416945325
0,413824135
0,30816043
0,402481273
0,400045223
0,381318082
0,345690838
0,347061117
0,310748734
0,307551418
0,293163492
0,283038656
0,284865694
0,289509416
0,268574604
0,293544125
0,339981344
0,356957574
0,385048285
0,399588463
0,452648695
0,451278417
0,460337481
0,441534213
0,396924033
0,354826029
0,264463768
0,384743778
0,410702945
0,403547046
0,403166413
0,391062285
0,391290665
0,395096994
0,387484336
0,383678006
0,38002393
0,351933219
0,33762142
0,309302329
0,295371163
0,286464353
0,267889465
0,272380934
0,257993008
0,163900545
0,141214822
0,141976088
0,146467556
0,17227447
0,143117986
0,255100198
0,263702503
0,340057471
0,394868615
0,432627403
0,44115358
0,453486088
0,445416669
0,44115358
0,450364898
0,449984265
0,455465379
0,45478024
0,450745531
0,437956264
0,429506212
0,421208414
0,407048869
0,40902816
0,424405731
0,418696237
0,410093932
0,416412439
0,33472861
0,433997681
0,432779656
0,433312542
0,434530567
0,432322896
0,424101225
0,435063453
0,434530567
0,431942263
0,404536691
0,38961588
0,407810135
0,330998407
0,385276664
0,375760841
0,328181723
0,243605083
0,168772647
0,167706874
0,181105154
0,152938316
0,106120464
0,075441449
0,053897625
0,088535222
0,076735601
0,066763018
0,050548055
0,038139421
0,028166838
0,026568179
0,028166838
0,029765496
0,0323538
0,03258218
0,020934812
0,016367217
0,016976229
0,023370863
0,021696078
0,017509115
0,008906811
0,00334957
0
0,001827038
0,010124836
0,021315445
0,039585826
0,064403094
0,089981628
0,125304365
0,196102092
0,220234221
0,219396828
0,264463768
0,292249973
0,254415059
0,223279284
0,221528373
0,20485665
0,20173546
0,202192219
0,214981486
0,211860296
0,198994902
0,238656855
0,300243265
0,292782859
0,19480794
0,164052798
0,235459538
0,202496725
0,301004531
0,187423661
0,218559436
0,265072781
0,322852862
0,282581897
0,257916882
0,282125137
0,228151386
0,156059506
0,22091936
0,276339516
0,310139722
0,321634836
0,359317498
0,366092764
0,371040992
0,351095826
0,325745672
0,315773089
0,31798076
0,343939927
0,369518461
0,273979592
0,394183475
0,407657881
0,401415501
0,385124411
0,334195724
0,322776735
0,308997823
0,287301745
0,274055719
0,273446706
0,259591667
0,236905943
0,220538727
0,193057028
0,186662395
0,195416953
0,173568622
0,199756168
0,216047258
0,219625208
0,179811002
0,162758646
0,135124695
0,075822082
0,106120464
0,12385796
0,168392014
0,168620394
0,197548497
0,220005841
0,217645917
0,22716174
0,213611207
0,170295179
0,187652041
0,20774946
0,200441308
0,195340826
0,244137969
0,270706149
0,296969822
0,32155871
0,343483167
0,333206078
0,337012407
0,326354685
0,317676254
0,215438245
0,287682378
0,254567312
0,24657402
0,261799338
0,254947945
0,22693336
0,162987026
0,118529098
0,099345198
0,103227654
0,105892085
0,112591224
0,103227654
0,081912209
0,080085171
0,096528514
0,107642996
0,119518744
0,129186821
0,143650873
0,14616305
0,162530266
0,145021151
0,102694768
0,133678289
0,123781833
0,140225176
0,127435909
0,126141757
0,088991982
0,09127578
0,091123526
0,065621119
0,083434741
0,08457664
0,093178944
0,099954211
0,092113172
0,079247779
0,072091879
0,069731955
0,095843375
0,107795249
0,109622287
0,11670206
0,142052214
0,146315303
0,107033983
0,109546161
0,111297072
0,089905501
0,068209423
0,052070587
0,032734433
0,026644306
0,026035293
0,017204609
0,013322153
0,012180254
0,01941228
0,025959167
0,024893394
0,02877585
0,037302028
0,052679599
0,049253903
0,043163776
0,0323538
0,037225902
0,046208839
0,072929272
0,083282488
0,106424971
0,117691706
0,110992566
0,117311073
0,089372615
0,085337906
0,097137527
0,085946918
0,078410386
0,057780081
0,035170484
0,020706432
0,014235672
0,014464052
0,022457344
0,031059648
0,058389093
0,064098588
0,074832437
0,089372615
0,124543099
0,151720291
0,16603209
0,161692874
0,183541205
0,165194697
0,170447432
0,161769001
0,137484619
0,119366491
0,094473096
0,11000292
0,139844543
0,17897361
0,183845711
0,163748292
0,218483309
0,249619084
0,224801816
0,218940069
0,2659863
0,315468583
0,354826029
0,329704255
0,404765071
0,437804011
0,404079932
0,132155758
0,25639435
0,236677564
0,21109903
0,192143509
0,167630748
0,155678874
0,135505328
0,144716645
0,128958441
0,099192945
0,089144235
0,092646058
0,082673475
0,097137527
0,117234946
0,109546161
0,1294152
0,18140966
0,212469309
0,211403536
0,241549665
0,242234805
0,239646501
0,157201405
0,268955237
0,225943715
0,181942547
0,1881088
0,210337764
0,237058197
0,254643439
0,238428475
0,20820622
0,181181281
0,191610623
0,141138695
0,134896315
0,111449326
0,133754416
0,174101508
0,190697104
0,257764629
0,288900403
0,257383996
0,216504018
0,210185511
0,218711689
0,119518744
0,169381659
0,185292116
0,19480794
0,145249531
0,138322011
0,151187405
0,179811002
0,233937006
0,287073365
0,242463184
0,238276222
0,259211034
0,252588021
0,182323179
0,127740416
0,095614995
0,093787957
0,080009045
0,075441449
0,046284966
0,033419572
0,03905294
0,024817268
0,018194255
0,038367801
0,044229548
0,064555347
0,139996796
0,220386474
0,287377872
0,311129367
0,345157952
0,35345575
0,355130535
0,342798028
0,390833905
0,453638341
0,452877075
0,462697405
0,464067684
0,463991557
0,433008035
0,410246185
0,313641545
0,239570374
0,251979008
0,270477769
0,151872544
0,212545435
0,195188573
0,221832879
0,235687918
0,286692732
0,31196676
0,273066073
0,278851694
0,269031364
0,280069719
0,285550834
0,290346809
0,312651899
0,368985575
0,422274186
0,447243708
0,426689529
0,463763177
0,468406899
0,474801533
0,468254646
0,469092038
0,468406899
0,351933219
0,463078038
0,456835658
0,458053683
0,452039683
0,443589631
0,416716946
0,368148182
0,297731088
0,205389536
0,203714751
0,282581897
0,248324932
0,273979592
0,284789568
0,307627544
0,282886403
0,294914404
0,311205494
0,314783444
0,297122075
0,286388226
0,285703087
0,345614712
0,24969521
0,319274912
0,335109243
0,315240203
0,293544125
0,302298683
0,27603501
0,234546019
0,200745814
0,195949839
0,151339658
0,129719707
0,126446264
0,134820188
0,111525452
0,107414616
0,094092463
0,098583932
0,080085171
0,071026107
0,069960335
0,045447573
0,036693016
0,02253347
0,007688785
0,010429343
0,005709494
0,006090127
0,007384279
0,006318507
0,01964066
0,049939042
0,053973751
0,079476158
0,085718539
0,098507806
0,093407324
0,11358087
0,130024213
0,14281348
0,189174572
0,174101508
0,193057028
0,203486371
0,158952317
0,174482141
0,193894421
0,157125279
0,10376054
0,175852419
0,171056444
0,190849357
0,213839587
0,195416953
0,120736769
0,030983522
0,044610181
0,03570337
0,014616305
0,048188131
0,015453697
0,021924457
0,077116234
0,026796559
0,016443343
0,010505469
0,005252735
0,005937874
0,006318507
0,007993292
0,009211317
0,013702786
0,019945166
0,03524661
0,060444511
0,069351322
0,076202715
0,100487097
0,120432263
0,148675227
0,158343304
0,132003504
0,152557683
0,147228822
0,170599685
0,17874523
0,230663563
0,295751796
0,327877217
0,364265726
0,381546462
0,402861906
0,411616464
0,409180413
0,402100641
0,410017806
0,303745088
0,403699299
0,415879553
0,377511752
0,377283373
0,337773673
0,355130535
0,386190184
0,378501398
0,365407625
0,319503292
0,297883341
0,301004531
0,292782859
0,277557542
0,24634564
0,190240345
0,135581454
0,13634272
0,123096694
0,102770894
0,095158236
0,099954211
0,088078463
0,054582764
0,050167422
0,042783143
0,028014585
0,020021293
0,012028001
0,004567595
0,002740557
0,001141899
0,000380633
0,000685139
0
0
0
0
0
0
0
0
0
0
0
0
0
0
0
0
0,002359924
0,004415342
0,016671723
0,013778913
0,025121774
0,016443343
0,010429343
0,010124836
0,010429343
0,017585242
0,011799621
0,019564533
0,013855039
0,007232026
0,008906811
0,001446405
0,005633368
0,01004871
0,015529824
0,032734433
0,056714308
0,038520054
0,090286134
0,101933502
0,105435325
0,059454866
0,024893394
0,014159545
0,001294152
0
0,005709494
0,023827622
0,016214963
0,018955521
0,044457928
0,103151527
0,127283656
0,132840897
0,039205193
0
0,006166254
0,044762434
0,034333091
0,02230509
0,018727141
0,014768558
0,014007292
0,011799621
0,012789267
0,010505469
0,00692752
0,012484761
0,014844685
0,014844685
0,014844685
0,032277674
0,058312967
0,050700308
0,061129651
0,088078463
0,142052214
0,164509558
0,164281178
0,175776293
0,113961503
0,104902439
0,13344991
0,193894421
0,189402952
0,081836083
0,085566285
0,086555931
0,128349428
0,113885376
0,115407908
0,09462535
0,062119296
0,044990814
0,037302028
0,03570337
0,035779497
0,040347092
0,03593175
0,039205193
0,029841623
0,025730787
0,01629109
0,015453697
0,024817268
0,025806914
0,017052356
0,013474406
0,013550533
0,005100481
0,017661369
0,03570337
0,047122358
0,045371447
0,028699724
0,012408634
0,005937874
0,001141899
0
0
0
0,001370279
0,000989646
0
0
0
0
0
0
0
0
0,000913519
0,002283798
0,00289281
0,005557241
0,015377571
0,052907979
0,080313551
0,106805604
0,125456618
0,127816542
0,109013275
0,112286718
0,16915328
0,199147156
0,194275054
0,200593561
0,208130093
0,220843233
0,223888297
0,219092322
0,205922422
0,215209866
0,250760983
0,273294453
0,2731422
0,272533187
0,173568622
0,271771921
0,271771921
0,271010655
0,274436352
0,275882757
0,27938458
0,278394934
0,259058781
0,257079489
0,257916882
0,260429059
0,253882173
0,249010071
0,245965007
0,242158678
0,240483893
0,258145262
0,271695794
0,27580663
0,272000301
0,268574604
0,218407182
0,086784311
0,044153421
0,15621176
0,115940794
0,030755142
0,008906811
0,037911041
0,076659475
0,080694184
0,078943272
0,055420156
0,054278258
0,054278258
0,062195423
0,017585242
0,011951874
0,012408634
7,61266E-05
0
0
0,000913519
0,003958583
0,010886102
0,020858685
0,02230509
0,011266735
0,023903749
0,020934812
0,018118128
0,030070002
0,049558409
0,062119296
0,059074233
0,059226486
0,053745371
0,066230132
0,061205777
0,044762434
0,023370863
0,144336012
0,005557241
0,00022838
0
0
0,00692752
0,043163776
0,026035293
0,069960335
0,060368385
0,02877585
0,060216132
0,06135803
0,04240251
0,028471344
0,055876916
0,038976813
0,02611142
0,021391571
0,012560887
0,013322153
0,015986584
0,020097419
0,027786205
0,03882456
0,097442033
0,085033399
0,178136217
0,134515682
0,161769001
0,051613827
0,023066356
0,008450051
0,066991398
0,208053966
0,339143952
0,3378498
0,339220078
0,338458813
0,339676838
0,309987468
0,304354101
0,302907696
0,316762735
0,310444228
0,31173838
0,293772505
0,304886987
0,311129367
0,295751796
0,279536833
0,282353517
0,271771921
0,263474123
0,237667209
0,204476017
0,189250699
0,142965733
0,080922564
0,112438971
0,117387199
0,084652766
0,069351322
0,06447922
0,095310489
0,098051046
0,115407908
0,151491911
0,147304949
0,161769001
0,169077153
0,15956133
0,149360367
0,107947503
0,127968795
0,153927962
0,10109611
0,029841623
0,105054692
0,156287886
0,198690396
0,279232327
0,29902524
0,397228539
0,414052515
0,412529983
0,421208414
0,395401501
0,396695653
0,399892969
0,415346667
0,429201706
0,433464795
0,433617048
0,336251141
0,334576357
0,376826613
0,369594587
0,444198644
0,441305834
0,430952618
0,439250416
0,444046391
0,445492796
0,442904492
0,442143226
0,339829091
0,432855782
0,306942405
0,307018531
0,304506354
0,306561772
0,305191493
0,306333392
0,30237481
0,302450936
0,437423378
0,444655404
0,445645049
0,447700467
0,451126164
0,45120229
0,450060391
0,447472087
0,449146872
0,452800948
0,452572569
0,450517151
0,435672466
0,433617048
0,329628128
0,43156163
0,439098163
0,439478795
0,418696237
0,415042161
0,418696237
0,399969096
0,355511168
0,325897925
0,284256682
0,253349287
0,225258575
0,196482725
0,143803126
0,084652766
0,06516436
0,037378155
0,008982937
0,004186962
0,000609013
0
0
0
0
0,001827038
0,006090127
0,011418988
0,011495115
0,018727141
0,01629109
0,024056002
0,036997522
0,053897625
0,060368385
0,078410386
0,086860437
0,057018815
0,04240251
0,049177776
0,034713724
0,050548055
0,055648536
0,049406156
0,069655828
0,089981628
0,102009629
0,080237424
0,056942688
0,085566285
0,064326967
0,073766664
0,089600995
0,105663705
0,101933502
0,102161882
0,105587578
0,080846437
0,025502407
0,023979875
0,067600411
0,090057754
0,160170342
0,190544851
0,164814064
0,176385306
0,227542373
0,254567312
0,24010326
0,205008903
0,168239761
0,102390262
0,052298966
0,055648536
0,043925042
0,027405572
0,024436635
0,017128482
0,025121774
0,012408634
0,011647368
0,012408634
0,011190609
0,011038355
0,013550533
0,016671723
0,025730787
0,009668077
0,003425696
7,61266E-05
0,006014
0,004339216
0,008373925
0,009135191
0,003045064
0,002359924
0,003882456
0
0
0
0
0,003197317
0,004948228
0,01339828
0,02565466
0,002816684
0,000152253
0,001979291
0,004339216
0,002664431
0,002588304
0,000837392
0
0,004110836
0,006623013
0,029080357
0,033724079
0,014692432
0,022152837
0,027253319
0,019564533
0,04240251
0,065849499
0,060063878
0,042098003
0,027024939
0,024132129
0,032962813
0,021696078
0,010429343
0,004643722
0,004339216
0,004872102
0,000989646
0,005557241
0,010505469
0,022076711
0,067904917
0,099345198
0,134439555
0,169457786
0,133906669
0,093331198
0,075745956
0,057171068
0,069655828
0,063108942
0,061281904
0,064783727
0,089448742
0,090895147
0,070188715
0,081988336
0,077116234
0,062652182
0,055876916
0,04263089
0,032506053
0,032886686
0,031973167
0,034104712
0,045675953
0,074604057
0,100487097
0,140377429
0,129339074
0,134744062
0,117006567
0,116397554
0,16222576
0,160931608
0,186662395
0,199375535
0,238504602
0,299558126
0,344016053
0,361449042
0,330313268
0,373629296
0,413062869
0,389006867
0,364570232
0,343178661
0,407277249
0,411997097
0,421589047
0,451354543
0,492539028
0,497258876
0,471299709
0,473888013
0,447700467
0,341732256
0,420447148
0,392889323
0,284637314
0,137636872
0,084196007
0,072168006
0,103379907
0,261875464
0,287225618
0,295142784
0,301537417
0,365788258
0,382612234
0,406515983
0,426385022
0,44450315
0,466732114
0,474649279
0,414357021
0,336251141
0,310520355
0,280145846
0,271619668
0,267432705
0,267052073
0,248781691
0,192980902
0,178060091
0,155374367
0,173035736
0,165651457
0,181561914
0,182856066
0,15956133
0,144031505
0,116245301
0,144183759
0,140377429
0,120432263
0,131394492
0,180039382
0,242919944
0,201430953
0,229826171
0,323081242
0,374238309
0,464219937
0,419381376
0,494975079
0,415346667
0,300776151
0,326126305
0,323309621
0,257688502
0,213839587
0,225410829
0,177374951
0,148599101
0,105054692
0,078182006
0,065468866
0,021848331
0,011342862
0,006090127
0,003045064
0,001370279
0,000913519
0,021239318
0,053973751
0,094853729
0,122716061
0,144564392
0,206379181
0,253958299
0,301232911
0,327724964
0,353988637
0,354217016
0,351628712
0,35056294
0,338915572
0,334119597
0,309911342
0,286312099
0,263930882
0,260885819
0,305343747
0,336175015
0,3186659
0,293696378
0,291793214
0,299481999
0,310291975
0,274588605
0,225334702
0,221680626
0,253958299
0,201126447
0,214829233
0,202496725
0,155069861
0,161083861
0,163976672
0,139083277
0,104826312
0,069046816
0,053897625
0,064555347
0,10711011
0,132308011
0,15887619
0,173644748
0,200212928
0,251369995
0,270325516
0,263930882
0,225715335
0,125913377
0,137712999
0,092417678
0,178897483
0,154232468
0,130480973
0,144336012
0,155755
0,134972441
0,129186821
0,088154589
0,067524284
0,063185068
0,079628412
0,097365907
0,119747124
0,135276948
0,157886545
0,192676396
0,147457202
0,151339658
0,154613101
0,127435909
0,107795249
0,087012691
0,075745956
0,050700308
0,076278842
0,068894563
0,060216132
0,057627828
0,052755726
0,050167422
0,032429927
0,023218609
0,017052356
0,012180254
0,007460406
0,013246026
0,022076711
0,036540762
0,056485929
0,082673475
0,107414616
0,109089401
0,14616305
0,200593561
0,290879695
0,306561772
0,367615296
0,368757195
0,409180413
0,399360083
0,402252894
0,432551276
0,402938033
0,309302329
0,30168967
0,336707901
0,271771921
0,23005455
0,151339658
0,078638766
0,111982212
0,105435325
0,115331782
0,169457786
0,277024656
0,294914404
0,401872261
0,417782718
0,413900262
0,261647085
0,258069135
0,257003363
0,362819321
0,365026992
0,362743194
0,357871093
0,358175599
0,358023346
0,358632358
0,408190768
0,449984265
0,407657881
0,368985575
0,327724964
0,307018531
0,289813922
0,198309763
0,100258717
0,037302028
0,028547471
0,011875748
0,043468282
0,081759956
0,044610181
0,134439555
0,109317781
0,157810418
0,169762292
0,193057028
0,278090428
0,312042886
0,364037346
0,37667436
0,387864968
0,348659775
0,274816985
0,262332224
0,296665315
0,263778629
0,199071029
0,184530851
0,15887619
0,14639143
0,173111862
0,135429201
0,168011381
0,188489433
0,231196449
0,235535665
0,20439989
0,225639208
0,233556374
0,285779213
0,254871818
0,249466831
0,227694626
0,248096552
0,256698856
0,325974052
0,350715193
0,354673776
0,371040992
0,35749046
0,394868615
0,387788842
0,374314436
0,371269372
0,333586711
0,354445396
0,399131704
0,410779072
0,333053825
0,283267036
0,178821356
0,260961945
0,293620252
0,327953343
0,373248663
0,416564692
0,422350313
0,434530567
0,436585985
0,439022036
0,450517151
0,448994619
0,482718698
0,504262522
0,518726574
0,517508549
0,486753407
0,390529399
0,400045223
0,450593277
0,517432422
0,518041435
0,527709512
0,526795993
0,421817427
0,517584675
0,525425714
0,52641536
0,526491486
0,524131562
0,525273461
0,526491486
0,524588321
0,518650448
0,524816701
0,529688803
0,5259586
0,525501841
0,527633385
0,528927537
0,525501841
0,524207688
0,522228397
0,514082852
0,514158979
0,511494548
0,493757053
0,4804349
0,355815675
0,436814365
0,442599986
0,409637173
0,435063453
0,436509859
0,431257124
0,444579277
0,41237773
0,36685403
0,357794966
0,29902524
0,264007009
0,286159846
0,259439414
0,172883483
0,127816542
0,104597933
0,094701476
0,084881146
0,074680183
0,039129066
0,028699724
0,029537116
0,016671723
0,0323538
0,043239902
0,042707016
0,052375093
0,080313551
0,093178944
0,128577808
0,127435909
0,120660643
0,108175882
0,100030337
0,090286134
0,066458512
0,05176608
0,035551117
0,029613243
0,024665015
0,02565466
0,028395218
0,029613243
0,029613243
0,025578534
0,036997522
0,020630305
0,03859618
0,041869624
0,056942688
0,072929272
0,077344614
0,090895147
0,120584516
0,124162466
0,133602163
0,140758062
0,130937732
0,091504159
0,064326967
0,03928132
0,027253319
0,017432989
0,002359924
0,002359924
0,006546887
0,011495115
0,026492053
0,02900423
0,028166838
0,038139421
0,062347676
0,102542515
0,130709352
0,171513204
0,222365765
0,308921696
0,365103119
0,391442918
0,401034868
0,370051347
0,378273018
0,391442918
0,396847906
0,410931325
0,420599402
0,410550692
0,420751655
0,298111721
0,271619668
0,313108659
0,280754858
0,168772647
0,125456618
0,102238008
0,0191839
0,016138837
0,005404988
0,011266735
0,050015169
0,085642412
0,085718539
0,073766664
0,120432263
0,242691564
0,166108216
0,228836525
0,131851251
0,072929272
0,020325799
0,054658891
0,093026691
0,113200237
0,174101508
0,170447432
0,167250115
0,154765354
0,144488265
0,168163634
0,261723211
0,177679458
0,109165528
0,133906669
0,203943131
0,218559436
0,241778045
0,229521664
0,218940069
0,191306117
0,182627686
0,169533913
0,162378013
0,122716061
0,095614995
0,073690538
0,055496283
0,040423219
0,037606535
0,043696662
0,076735601
0,10353216
0,126446264
0,143879252
0,200745814
0,293620252
0,374238309
0,416716946
0,451887429
0,4349112
0,41839173
0,409713299
0,348812029
0,311814507
0,188946193
0,264844401
0,278851694
0,20752108
0,168620394
0,1234012
0,131622872
0,110916439
0,098203299
0,102770894
0,154536975
0,180648395
0,179734875
0,199984548
0,238428475
0,257840755
0,222594145
0,153014443
0,125837251
0,098431679
0,075898209
0,043163776
0,020401926
0,035855623
0,035855623
0,031059648
0,068361676
0,040118712
0,032506053
0,027405572
0,004415342
0,004186962
0,00357795
0,000304506
0,001750912
0,011571241
0,02611142
0,047502991
0,027862331
0,047122358
0,079323905
0,122563808
0,112591224
0,158343304
0,214296347
0,172578976
0,148979734
0,12697915
0,126141757
0,076963981
0,064022461
0,059835499
0,080465804
0,104826312
0,102466388
0,153547329
0,17181771
0,135657581
0,115560161
0,08746945
0,064555347
0,056638182
0,050091295
0,034713724
0,061967043
0,057247195
0,072015753
0,06447922
0,073614411
0,043620535
0,029308737
0,023066356
0,051613827
0,084043754
0,073157652
0,046513346
0,020021293
0,011723495
0,00982033
0,011875748
0,013246026
0,0131699
0,015529824
0,024588888
0,066763018
0,06851393
0,072777019
0,126903023
0,10018259
0,072700892
0,050243548
0,055953043
0,044077295
0,046056586
0,027938458
0,037454282
0,027329445
0,013093773
0,012256381
0,036007876
0,033495699
0,033724079
0,030374509
0,038520054
0,046437219
0,056029169
0,074223424
0,066991398
0,055648536
0,05534403
0,054811144
0,050700308
0,065240486
0,105054692
0,156516266
0,164281178
0,11380925
0,056029169
0,141443201
0,149893253
0,172578976
0,080313551
0,025502407
0,013778913
0,03547499
0,040423219
0,060216132
0,067676537
0,086708184
0,06539274
0,074680183
0,082140589
0,098888438
0,10109611
0,070493221
0,051233194
0,047807498
0,07140674
0,073842791
0,061738663
0,087164944
0,100563223
0,095919502
0,138626518
0,107795249
0,071711246
0,080694184
0,065240486
0,055191777
0,06204317
0,084272133
0,076963981
0,083434741
0,091808666
0,113733123
0,108328135
0,133906669
0,133069277
0,188870066
0,192067383
0,193513788
0,208282346
0,257612376
0,293087366
0,296893695
0,26020068
0,205161156
0,182323179
0,172731229
0,18163804
0,215590499
0,236905943
0,25928716
0,292478353
0,327648837
0,423872845
0,46391543
0,494518319
0,609926227
0,650044939
0,683540638
0,666259903
0,733251301
0,753500973
0,741853605
0,729140465
0,679962689
0,661692307
0,606576657
0,679886562
0,650349446
0,63999623
0,63284033
0,533495132
0,484317356
0,463001911
0,465437962
0,464905076
0,445492796
0,408114641
0,339905218
0,217645917
0,207368827
0,191991256
0,192067383
0,200136801
0,206988194
0,216732397
0,290194555
0,38603793
0,200212928
0,206379181
0,243528957
0,204019257
0,204247637
0,18186642
0,163443786
0,154308595
0,144488265
0,154156342
0,173035736
0,105054692
0,066915271
0,030374509
0,053364739
0,109774541
0,075136943
0,062956689
0,046665599
0,048035877
0,114570516
0,209500372
0,171132571
0,095614995
0,108252009
0,125304365
0,071558993
0,021772204
0,046665599
0,053897625
0,056790435
0,100791603
0,163900545
0,230587437
0,259896173
0,243148324
0,262712857
0,271848048
0,303668962
0,307475291
0,2983401
0,298263974
0,296665315
0,279080073
0,274512478
0,230663563
0,20417151
0,190620978
0,181790293
0,350410687
0,336631774
0,264844401
0,213306701
0,184226344
0,187652041
0,199375535
0,196102092
0,208586853
0,234850526
0,253882173
0,308769443
0,264692148
0,342189015
0,416488566
0,409713299
0,405983097
0,448690113
0,433845428
0,478227229
0,468330773
0,517432422
0,511646801
0,50342513
0,488352065
0,466351481
0,396924033
0,327877217
0,289890049
0,277481415
0,248933944
0,266975946
0,255861464
0,216427891
0,213002195
0,239570374
0,181181281
0,171437077
0,178212344
0,20752108
0,206912068
0,203638624
0,20105032
0,212545435
0,220538727
0,209957131
0,202496725
0,195721459
0,191306117
0,187271408
0,180724521
0,173644748
0,170371305
0,161692874
0,173568622
0,187423661
0,19168675
0,191610623
0,181181281
0,17250285
0,168163634
0,168239761
0,166641102
0,167173988
0,172655103
0,157886545
0,128577808
0,109698414
0,100943856
0,093787957
0,067676537
0,031440281
0,030450635
0,065468866
0,09774654
0,010277089
0,002131544
0,009744203
0,011114482
0,010200963
0,018803267
0,019260027
0,016823976
0,033876332
0,033876332
0,034028585
0,044457928
0,090210007
0,09416859
0,088382969
0,090895147
0,065697246
0,068742309
0,070036461
0,061129651
0,048264257
0,038063294
0,031592534
0,031820914
0,041869624
0,048264257
0,05222284
0,047122358
0,0515377
0,053364739
0,048721017
0,039814206
0,040727725
0,040118712
0,04887327
0,058389093
0,076507221
0,083282488
0,107719123
0,122030921
0,146543683
0,16199738
0,145249531
0,111144819
0,092493805
0,112362845
0,112591224
0,094016337
0,0910474
0,094701476
0,100030337
0,108252009
0,116169174
0,125913377
0,102847021
0,100715477
0,124695352
0,138245885
0,173416369
0,306028886
0,448233353
0,450745531
0,434149934
0,449755885
0,414204768
0,388169475
0,384363145
0,3702036
0,325288913
0,346071471
0,396391146
0,444579277
0,433540922
0,398598817
0,413215122
0,42866882
0,468178519
0,491930015
0,492995787
0,503349003
0,50296837
0,497487256
0,533647385
0,576811161
0,589372048
0,593559011
0,594700909
0,59135134
0,590361694
0,582368402
0,484697989
0,521923891
0,498476902
0,47373576
0,484469609
0,439554922
0,34051423
0,267813338
0,248477185
0,241092906
0,202648979
0,162149634
0,164890191
0,161464494
0,242463184
0,433084162
0,456074392
0,517889182
0,535702803
0,564630907
0,589981061
0,406059223
0,391823551
0,483251584
0,424101225
0,385961804
0,395249248
0,501369712
0,49649761
0,541640677
0,553668678
0,492310648
0,582901288
0,646999876
0,651871977
0,625608304
0,620279443
0,672806789
0,668391447
0,536616322
0,554201564
0,570035895
0,563108375
0,5259586
0,509819763
0,543239336
0,539052373
0,474344773
0,494061559
0,494366066
0,483023204
0,486829534
0,535246044
0,544837994
0,537758221
0,548111437
0,522076144
0,620812329
0,551917767
0,504719282
0,523294169
0,488961078
0,450669404
0,309454582
0,358327852
0,381089702
0,391975804
0,418543984
0,496269231
0,557094375
0,569655262
0,573157085
0,549101083
0,551308754
0,544000602
0,55496283
0,549862349
0,538062728
0,638549824
0,574070604
0,632231318
0,627283089
0,557627261
0,614341569
0,654155775
0,635352508
0,602085189
0,544076728
0,524359942
0,424025098
0,350258434
0,267128199
0,239189741
0,196178219
0,183008319
0,150197759
0,198309763
0,224877942
0,269488123
0,280754858
0,260352933
0,220767107
0,268574604
0,300014885
0,312499646
0,273903465
0,35345575
0,341884509
0,361677422
0,423263832
0,404384438
0,436509859
0,372106765
0,3965434
0,387332082
0,416640819
0,445797302
0,412529983
0,41884849
0,391138412
0,376369854
0,299710379
0,247715919
0,275349871
0,273218326
0,228836525
0,222898651
0,226324348
0,234469893
0,233099614
0,191001611
0,138245885
0,131546745
0,128958441
0,100943856
0,085414032
0,074147297
0,054430511
0,050243548
0,059454866
0,04910165
0,056105296
0,044838561
0,047198485
0,062271549
0,056029169
0,045143067
0,027710078
0,017356862
0,011875748
0,015225318
0,015758204
0,019260027
0,026035293
0,040042586
0,04529532
0,049558409
0,055724663
0,075060816
0,109241655
0,130557099
0,149893253
0,157201405
0,177146571
0,170142925
0,164281178
0,185748876
0,176461432
0,154765354
0,147609455
0,158495557
0,191762876
0,150806772
0,104902439
0,154156342
0,14281348
0,119290364
0,135733707
0,157201405
0,151187405
0,216580144
0,243300577
0,240712273
0,201811586
0,21756979
0,250837109
0,213611207
0,242234805
0,216047258
0,191306117
0,184835357
0,308084304
0,402861906
0,390377146
0,401948387
0,463230291
0,535626677
0,560139438
0,531439714
0,476704697
0,483403837
0,476095685
0,456607278
0,426080516
0,495812471
0,511266168
0,534028018
0,529917183
0,53935688
0,528090145
0,558997539
0,582825162
0,717721476
0,684378031
0,611829392
0,703485804
0,744518036
0,749009504
0,751445555
0,74954239
0,742538744
0,738580162
0,736981503
0,738199529
0,742919377
0,733327427
0,740026567
0,735458972
0,739874314
0,724496743
0,727541806
0,706835374
0,690620411
0,627206963
0,589524301
0,604140606
0,603150961
0,555038957
0,43156163
0,44518829
0,411692591
0,419838136
0,412758363
0,40948492
0,547959184
0,532581613
0,498781408
0,524740575
0,52283741
0,525121208
0,539889766
0,53220098
0,529460423
0,48089166
0,440163935
0,471147456
0,489189458
0,487743053
0,488352065
0,506698573
0,498172395
0,521238752
0,499314294
0,51256032
0,524055435
0,488580445
0,490940369
0,455769885
0,404917324
0,39943621
0,377054993
0,387027576
0,371573879
0,393878969
0,394183475
0,377587879
0,352237725
0,226248221
0,168772647
0,144336012
0,115712415
0,246954653
0,44785272
0,556561489
0,652024231
0,673339675
0,663519345
0,657200839
0,663823852
0,678287904
0,700288488
0,708205653
0,683997398
0,653622889
0,673415802
0,718939502
0,716275071
0,72076654
0,723202591
0,725258009
0,722365198
0,717340844
0,717112464
0,711098463
0,707672767
0,675547346
0,639006584
0,673187422
0,679734309
0,692751955
0,686509575
0,692371323
0,701049754
0,703333551
0,704170944
0,70493221
0,703181298
0,706454741
0,712316489
0,708510159
0,705008336
0,703333551
0,704170944
0,681332967
0,468939785
0,459119455
0,452496442
0,429201706
0,448157227
0,440392315
0,406592109
0,509134624
0,540879411
0,511799055
0,591731973
0,55564797
0,518345941
0,506165687
0,430648111
0,458053683
0,440392315
0,307399164
0,315468583
0,281820631
0,1952647
0,265148908
0,223431537
0,306637899
0,295980176
0,292706733
0,221528373
0,281287745
0,299329746
0,311814507
0,352161598
0,378196892
0,365940511
0,393955096
0,435748593
0,475867305
0,436281479
0,437194998
0,379186537
0,350182307
0,377892385
0,330846154
0,272609313
0,178669103
0,136951733
0,131318365
0,141443201
0,135124695
0,120127757
0,073690538
0,059530992
0,046665599
0,03547499
0,020782559
0,013778913
0,019488407
0,039966459
0,073918917
0,102390262
0,119442617
0,07475631
0,049558409
0,045675953
0,029613243
0,028242964
0,024969521
0,026948812
0,03258218
0,0455237
0,05488727
0,05176608
0,043163776
0,046284966
0,059454866
0,05823684
0,063794081
0,090514514
0,109470034
0,140758062
0,173949255
0,172807356
0,192448016
0,119442617
0,161388368
0,122487681
0,119366491
0,098888438
0,077268487
0,064022461
0,085261779
0,109089401
0,134515682
0,17562404
0,169229406
0,146848189
0,166869482
0,177070445
0,215742752
0,273598959
0,288291391
0,406896616
0,488808825
0,553668678
0,628196608
0,593026125
0,636037647
0,642127774
0,56478316
0,503501256
0,497258876
0,527328879
0,511113915
0,459119455
0,474725406
0,478836242
0,548187564
0,516671156
0,474268646
0,524436068
0,563412882
0,529764929
0,462316772
0,534560905
0,553897058
0,572395819
0,593711264
0,585641845
0,573689971
0,561129084
0,4744209
0,429430086
0,397533045
0,375227955
0,3702036
0,325897925
0,313108659
0,335185369
0,286388226
0,254415059
0,36708241
0,450593277
0,452420316
0,444883783
0,481424546
0,517736928
0,534713158
0,522304524
0,576126022
0,620736203
0,613732557
0,68864112
0,633677723
0,59112296
0,488808825
0,457140164
0,403242539
0,33450023
0,264463768
0,270021009
0,271239035
0,271771921
0,271924174
0,252968654
0,222061259
0,173720875
0,171208698
0,173949255
0,17204609
0,1749389
0,199680042
0,240788399
0,247259159
0,312195139
0,303136075
0,336022762
0,458738822
0,469701051
0,50007556
0,518726574
0,537149209
0,499694927
0,487819179
0,479445254
0,46391543
0,424634111
0,406439856
0,348050763
0,342798028
0,294077011
0,252511894
0,242006425
0,245279868
0,247639792
0,24010326
0,25662273
0,260885819
0,278318808
0,213078321
0,241930298
0,362514814
0,444122517
0,569807515
0,615026709
0,637712432
0,741701352
0,73995044
0,716198945
0,724420616
0,750684289
0,750379783
0,756089277
0,761494265
0,739036921
0,579018832
0,576049895
0,570492654
0,560139438
0,564174147
0,57102554
0,547350171
0,640757496
0,719015629
0,75936272
0,759438847
0,771466848
0,768117278
0,742158111
0,714448033
0,702724539
0,632764204
0,468787532
0,376369854
0,321710963
0,341503876
0,277253035
0,21779817
0,228608145
0,29521891
0,411007451
0,48979847
0,544228981
0,582140022
0,66207294
0,690772664
0,679201423
0,723354844
0,736905377
0,697091171
0,69800469
0,698537576
0,763245176
0,762255531
0,755251885
0,711022337
0,552755159
0,530678449
0,5259586
0,527024372
0,624694785
0,733251301
0,734849959
0,737438263
0,712240362
0,663290966
0,66587927
0,668391447
0,670370738
0,668924333
0,699374969
0,698689829
0,72388773
0,647076002
0,529841056
0,529993309
0,530069436
0,52306579
0,559530426
0,623857393
0,566381819
0,591731973
0,56790435
0,499771054
0,396847906
0,369822967
0,303440582
0,322624482
0,306333392
0,297122075
0,288215264
0,260505186
0,235383412
0,227694626
0,202572852
0,16268252
0,121498035
0,114189883
0,078486513
0,065468866
0,111829959
0,108480389
0,095386615
0,103608287
0,091351906
0,101324489
0,107414616
0,096147881
0,090286134
0,087088817
0,090971273
0,098279426
0,109470034
0,138626518
0,109317781
0,096147881
0,095538869
0,114418263
0,139159404
0,18544437
0,236677564
0,259134907
0,341960636
0,420751655
0,406592109
0,461327126
0,492158395
0,509515257
0,553135792
0,556485362
0,604597366
0,645629597
0,556333109
0,502739991
0,457977556
0,399740716
0,353760257
0,373248663
0,424938617
0,364722486
0,316305975
0,331911926
0,308008177
0,310900987
0,313946051
0,276644023
0,232947361
0,289357163
0,198690396
0,136494973
0,160627102
0,167478495
0,154232468
0,186281762
0,165042444
0,1689249
0,148522974
0,137636872
0,140758062
0,162073507
0,141976088
0,153166696
0,18475923
0,215818878
0,325821799
0,293620252
0,331988053
0,349192662
0,430039099
0,480358774
0,518269815
0,558997539
0,562347109
0,588839162
0,606500531
0,618604658
0,589600428
0,630861039
0,655678307
0,627283089
0,604673493
0,494061559
0,542630323
0,475334419
0,251369995
0,19168675
0,206607561
0,183541205
0,137712999
0,120203883
0,081988336
0,075213069
0,192904775
0,234850526
0,184606977
0,158267178
0,186586268
0,136418847
0,112210591
0,080389677
0,038367801
0,034104712
0,023142483
0,022685723
0,017965875
0,013474406
0,005557241
0,001903165
0,002436051
0,001218025
0,009972583
0,014768558
0,018042001
0,018042001
0,019792913
0,034333091
0,03882456
0,04529532
0,063413448
0,089600995
0,116016921
0,14905586
0,121345782
0,094244717
0,182170926
0,156820772
0,256698856
0,320112305
0,41595568
0,519640093
0,566914705
0,620507823
0,641214255
0,608860455
0,588306276
0,548339817
0,5714823
0,533419006
0,510885536
0,557094375
0,567371464
0,562879995
0,481805179
0,463687051
0,45120229
0,485307002
0,462849658
0,395401501
0,382764487
0,446406315
0,423644465
0,336479521
0,28897653
0,31798076
0,373629296
0,365712131
0,382231601
0,391062285
0,340894863
0,322852862
0,299786506
0,322928988
0,315468583
0,272000301
0,235307285
0,18521599
0,167554621
0,156516266
0,149893253
0,161083861
0,146239177
0,14327024
0,145021151
0,131927378
0,114418263
0,11335249
0,106120464
0,118909731
0,117234946
0,106120464
0,115407908
0,103075401
0,078182006
0,081759956
0,097213654
0,118224592
0,167250115
0,178060091
0,182018673
0,15864781
0,189250699
0,205389536
0,163596039
0,156135633
0,118605225
0,121041276
0,113276364
0,099345198
0,100334844
0,097594286
0,0970614
0,080313551
0,076811728
0,061890916
0,059074233
0,0586936
0,082521222
0,080541931
0,094853729
0,118833605
0,144488265
0,168087507
0,154536975
0,162073507
0,13992067
0,11403763
0,080922564
0,067372031
0,071787373
0,072777019
0,061662537
0,072244132
0,088002336
0,072091879
0,052831852
0,059302612
0,057171068
0,048949396
0,021087065
0,015605951
0,021772204
0,032734433
0,04575208
0,049558409
0,044457928
0,026948812
0,019716786
0,013017647
0,016823976
0,011951874
0,006014
0,004415342
0,003958583
0,001294152
0,002740557
0,001674785
0,004719848
0,011495115
0,017813622
0,022837977
0,018498761
0,021239318
0,022685723
0,014768558
0,011723495
0,021163192
0,024741141
0,03212542
0,034180838
0,036693016
0,036464636
0,046665599
0,065012107
0,057780081
0,054658891
0,048035877
0,038520054
0,028242964
0,022000584
0,016900103
0,008297798
0,006394633
0,002207671
0,001750912
0,003425696
0,007993292
0,01294152
0,014311799
0,016976229
0,018042001
0,021239318
0,032962813
0,047731371
0,070188715
0,084728893
0,083510868
0,08099869
0,053897625
0,044305675
0,057323321
0,067067524
0,067600411
0,054049878
0,074451804
0,081607703
0,105892085
0,110916439
0,125989504
0,144183759
0,152024797
0,156516266
0,131698998
0,152709937
0,129795833
0,125075985
0,130176466
0,107642996
0,099345198
0,104141173
0,103075401
0,095995628
0,117082693
0,188489433
0,194960193
0,159256823
0,194731813
0,2144486
0,21756979
0,227542373
0,178060091
0,124466972
0,095919502
0,089524868
0,092113172
0,099573578
0,166184343
0,17516728
0,128349428
0,114798895
0,136418847
0,101324489
0,068894563
0,055953043
0,066534638
0,0647076
0,066610765
0,05488727
0,036616889
0,036845269
0,046361092
0,024436635
0,019260027
0,010505469
0,015453697
0,042326383
0,059378739
0,077344614
0,092722185
0,091123526
0,089524868
0,079552285
0,082977981
0,121954795
0,12987196
0,128730061
0,119061984
0,094320843
0,073462158
0,056333675
0,054735017
0,049482283
0,040347092
0,02253347
0,029308737
0,021619951
0,024436635
0,041793497
0,062804436
0,055191777
0,055800789
0,06447922
0,073233778
0,080313551
0,071330613
0,070569348
0,082292842
0,112515098
0,144336012
0,106348844
0,067448157
0,065316613
0,067904917
0,091199653
0,080846437
0,048340384
0,056257549
0,057475574
0,047274611
0,054049878
0,078791019
0,090438387
0,083130235
0,082445095
0,107947503
0,135581454
0,170219052
0,149817126
0,149741
0,144031505
0,186586268
0,231957715
0,30526762
0,431409377
0,396695653
0,47419252
0,634286735
0,692447449
0,766442493
0,75646991
0,794761584
0,79217328
0,783799355
0,807626978
0,801003964
0,806485079
0,803363889
0,731043629
0,732185528
0,781743937
0,771999734
0,768650164
0,784789001
0,776567329
0,758829834
0,693513221
0,6756996
0,654612535
0,627968229
0,639843976
0,66922884
0,7008975
0,7464212
0,770781709
0,735154465
0,700592994
0,6756996
0,64981656
0,672882916
0,674481574
0,634438989
0,549101083
0,520325232
0,511037789
0,513930599
0,538291107
0,511113915
0,493909306
0,498400775
0,514691865
0,524512195
0,563945768
0,551461007
0,561814223
0,557018248
0,550014602
0,537149209
0,495279585
0,472441608
0,40925654
0,313489291
0,312195139
0,314555064
0,329095242
0,300319392
0,269411997
0,258830401
0,270934529
0,271924174
0,262256097
0,294381518
0,275502124
0,285094074
0,275349871
0,277557542
0,268117845
0,24033164
0,258373641
0,218711689
0,184226344
0,175928546
0,143574746
0,134363429
0,126446264
0,127968795
0,142965733
0,135353074
0,135809834
0,162530266
0,15910457
0,166717229
0,160398722
0,167402368
0,168392014
0,144107632
0,132384137
0,10688173
0,108480389
0,135505328
0,178060091
0,210413891
0,242234805
0,238428475
0,21132741
0,193361535
0,183769585
0,197320117
0,15956133
0,154232468
0,18833718
0,171284824
0,164509558
0,144183759
0,195721459
0,306181139
0,345234079
0,370964866
0,357566586
0,341123243
0,31196676
0,292478353
0,348203016
0,477846596
0,57437511
0,626750203
0,672426156
0,702724539
0,721603933
0,718787249
0,728683705
0,709119172
0,716122818
0,665041877
0,60094329
0,551156501
0,531591968
0,582596782
0,573157085
0,569274629
0,565544426
0,582825162
0,571786806
0,605967645
0,589067542
0,594700909
0,667630181
0,714448033
0,713610641
0,770933962
0,833053258
0,845005132
0,848354702
0,810976547
0,765300594
0,708890792
0,666716662
0,600182024
0,497335003
0,465285709
0,491625509
0,492539028
0,469624925
0,448461733
0,448766239
0,490102977
0,52618698
0,564935413
0,538291107
0,52618698
0,576202148
0,642356154
0,671360384
0,67904917
0,695720892
0,694807373
0,662986459
0,633982229
0,521619384
0,446634695
0,438793656
0,473811887
0,509058497
0,498476902
0,482261938
0,558464653
0,545447007
0,541183918
0,523522549
0,499238167
0,503120623
0,514920245
0,525577967
0,590742327
0,619061418
0,619061418
0,603150961
0,592873871
0,561281337
0,637560179
0,609469468
0,596299568
0,633982229
0,582140022
0,646999876
0,65940851
0,678059524
0,709804311
0,729597224
0,749237884
0,726932794
0,693893854
0,658875624
0,665041877
0,657429218
0,651110712
0,722974211
0,786920545
0,80222199
0,764310949
0,753729353
0,814554497
0,775044798
0,739417554
0,70736826
0,718939502
0,616244734
0,613123544
0,628120482
0,592264859
0,588534656
0,559149793
0,536235689
0,632307444
0,697091171
0,701049754
0,73370806
0,741549099
0,742538744
0,777480848
0,841807816
0,840056904
0,855434475
0,862590374
0,854368703
0,85756602
0,852237158
0,850333994
0,823613561
0,828485663
0,8242987
0,778394368
0,767508265
0,734012566
0,695949272
0,699831728
0,688945626
0,623096127
0,617615013
0,68506317
0,6493598
0,65872337
0,621116836
0,591046833
0,543924475
0,566001186
0,618680785
0,643650306
0,614265443
0,61365643
0,600562657
0,526263106
0,530602322
0,4936048
0,430571985
0,416184059
0,427983681
0,363580587
0,32422314
0,326735318
0,31820914
0,277633668
0,213002195
0,21756979
0,183236699
0,162834773
0,191153864
0,18475923
0,146239177
0,127283656
0,114418263
0,133526036
0,125913377
0,145858544
0,128044922
0,146695936
0,12362958
0,100030337
0,091351906
0,09059064
0,099269071
0,104369553
0,135733707
0,17181771
0,221071613
0,223050904
0,216275638
0,205922422
0,182703812
0,160474849
0,183845711
0,161540621
0,15217705
0,170904191
0,160322595
0,184226344
0,187804294
0,186586268
0,193361535
0,175091154
0,176689812
0,186357889
0,160703228
0,132079631
0,117539453
0,085185653
0,07452793
0,063489575
0,079323905
0,072396386
0,07429955
0,071558993
0,062576056
0,059759372
0,054049878
0,04263089
0,038976813
0,05892198
0,053288612
0,057247195
0,060825144
0,06828555
0,064022461
0,037834914
0,031973167
0,021391571
0,016900103
0,022685723
0,021924457
0,022457344
0,021619951
0,021848331
0,031668661
0,028014585
0,028623597
0,018651014
0,010353216
0,006775266
0,01941228
0,01583433
0,019107774
0,023218609
0,030222256
0,0455237
0,043696662
0,04887327
0,040651598
0,035855623
0,024893394
0,034942104
0,061281904
0,07429955
0,082749602
0,05800846
0,104141173
0,18140966
0,289281036
0,335718255
0,389692007
0,469092038
0,53532217
0,566077312
0,589981061
0,611677139
0,608784328
0,631317799
0,655221547
0,682094233
0,707063754
0,730739123
0,737666643
0,759286594
0,716122818
0,713306134
0,644411572
0,612362278
0,556028602
0,576735035
0,629414634
0,697700184
0,727161173
0,735611225
0,767356012
0,726171528
0,750836543
0,740559453
0,728759832
0,732261655
0,76583348
0,782505203
0,804277408
0,807322471
0,753653226
0,802145863
0,795218344
0,777176342
0,74375677
0,730967503
0,697319551
0,677831144
0,679582056
0,680191068
0,681561347
0,615559595
0,516975663
0,392889323
0,344244433
0,319579419
0,313337038
0,32445152
0,356044054
0,401872261
0,448918492
0,464524443
0,387332082
0,326887571
0,286312099
0,313793798
0,374390562
0,384134766
0,391214538
0,386342437
0,331911926
0,371040992
0,38360188
0,439098163
0,420980034
0,36731079
0,387103703
0,376522107
0,390757779
0,454856366
0,490940369
0,489417838
0,521086498
0,595842808
0,542782576
0,512331941
0,536083436
0,5127887
0,553211919
0,610382987
0,632079064
0,648446281
0,69800469
0,688793373
0,674100941
0,512179688
0,460109101
0,472441608
0,480967786
0,494137686
0,48401285
0,54247807
0,616320861
0,588915289
0,569350755
0,529384297
0,521391005
0,524512195
0,498629155
0,434302187
0,339676838
0,277862048
0,2528164
0,210413891
0,179354243
0,154384722
0,169381659
0,174406014
0,129110694
0,099269071
0,092798311
0,086479805
0,093864084
0,090286134
0,093787957
0,114342136
0,157201405
0,15864781
0,199908421
0,227923006
0,265529541
0,293544125
0,284408935
0,26979263
0,280983238
0,319351039
0,396010513
0,437499504
0,471375836
0,455922139
0,445036036
0,442143226
0,365483751
0,392584817
0,385276664
0,344168307
0,317295621
0,295142784
0,264463768
0,246117261
0,237667209
0,221756752
0,200136801
0,20462827
0,239037488
0,294762151
0,35391251
0,448157227
0,479293001
0,477846596
0,489493964
0,533647385
0,492006142
0,50342513
0,522000017
0,467112747
0,432475149
0,391899678
0,392584817
0,388321728
0,442447732
0,485307002
0,49337642
0,529917183
0,5846522
0,68864112
0,688336613
0,644639952
0,616701494
0,568741743
0,566914705
0,570188148
0,584347693
0,541945184
0,502816117
0,504186396
0,510809409
0,507840472
0,499694927
0,494898952
0,382764487
0,334424103
0,295142784
0,258297515
0,209652625
0,183921838
0,144792771
0,12652239
0,108099756
0,110079047
0,0910474
0,083434741
0,0970614
0,077268487
0,055267903
0,052907979
0,052298966
0,042935396
0,028090711
0,029765496
0,033038939
0,050624181
0,068894563
0,068666183
0,066915271
0,057171068
0,062347676
0,07833426
0,093026691
0,105359199
0,156059506
0,214524726
0,260961945
0,284332808
0,304582481
0,285322454
0,291564834
0,256470477
0,286464353
0,305952759
0,334652483
0,395096994
0,428592693
0,528242398
0,574679617
0,658114358
0,59378739
0,487514673
0,352389978
0,277481415
0,231729335
0,300395518
0,336936281
0,372411271
0,430495858
0,437575631
0,480587153
0,490635863
0,485078622
0,547959184
0,555571843
0,497639509
0,462849658
0,462316772
0,436281479
0,462469025
0,430267478
0,404993451
0,315620836
0,278014301
0,234469893
0,264768275
0,236601437
0,181790293
0,163519912
0,12050839
0,084196007
0,075060816
0,070188715
0,069199069
0,050852561
0,065240486
0,049406156
0,019260027
0,031288028
0,05557241
0,093635704
0,081074817
0,078182006
0,04529532
0,036084003
0,031135775
0,033038939
0,027633952
0,026187546
0,023142483
0,024588888
0,031973167
0,038976813
0,042326383
0,039509699
0,032201547
0,031059648
0,028699724
0,018118128
0,011190609
0,012789267
0,018574888
0,020097419
0,023142483
0,017965875
0,012484761
0,008982937
0,013093773
0,020325799
0,029156483
0,054202131
0,076735601
0,081379323
0,095462742
0,101324489
0,102238008
0,094777603
0,078638766
0,079856791
0,062347676
0,036845269
0,035855623
0,040194839
0,046970105
0,046741725
0,054506637
0,05800846
0,038139421
0,028471344
0,010200963
0,007308152
0,014920811
0,015225318
0,027710078
0,055953043
0,065468866
0,095234362
0,090895147
0,093331198
0,069960335
0,073614411
0,072244132
0,039966459
0,044534054
0,048188131
0,054278258
0,051613827
0,056942688
0,056562055
0,075669829
0,096833021
0,110155174
0,109698414
0,135124695
0,147076569
0,194960193
0,234926652
0,201202573
0,233099614
0,203790877
0,200365181
0,240179387
0,271010655
0,279689086
0,288215264
0,293087366
0,379034284
0,345919218
0,294457644
0,272380934
0,210261637
0,240940653
0,237743336
0,224116677
0,22693336
0,213611207
0,220386474
0,205237283
0,185292116
0,202344472
0,185748876
0,266366933
0,376293727
0,340438104
0,342112889
0,203257991
0,433997681
0,454247354
0,427298541
0,362819321
0,411388084
0,373400917
0,38984426
0,450517151
0,527861765
0,397304665
0,312956405
0,282353517
0,289357163
0,323614128
0,325517292
0,36015489
0,440087808
0,425166997
0,487743053
0,472137102
0,509819763
0,572167439
0,630556533
0,689250132
0,707292134
0,693513221
0,681256841
0,643193546
0,518954954
0,478531735
0,4217413
0,378196892
0,400197476
0,417249832
0,406820489
0,411083578
0,543467715
0,597898226
0,647608888
0,771162342
0,838382119
0,771542975
0,752054568
0,796284116
0,878576958
0,872486831
0,89559663
0,89559663
0,89559663
0,89559663
0,891213972
0,885732857
0,869061134
0,792477786
0,74999915
0,677526638
0,540803285
0,448157227
0,379338791
0,35726208
0,372106765
0,408952033
0,417782718
0,472822241
0,404079932
0,521391005
0,615787974
0,668315321
0,477846596
0,458662696
0,771771354
0,808312117
0,786007026
0,851932652
0,892051364
0,89559663
0,876369287
0,848887589
0,871040426
0,858403412
0,793543559
0,852084905
0,89281263
0,89559663
0,721071046
0,89559663
0,89559663
0,89559663
0,89559663
0,89559663
0,848506956
0,67166489
0,790650748
0,89559663
0,89559663
0,89559663
0,89559663
0,89559663
0,89559663
0,89559663
0,89559663
0,89559663
0,89559663
0,89559663
0,89559663
0,89559663
0,89559663
0,89559663
0,89559663
0,89559663
0,89559663
0,89559663
0,89559663
0,89559663
0,89559663
0,89559663
0,89559663
0,89559663
0,89559663
0,89559663
0,89559663
0,89559663
0,89559663
0,895400934
0,89559663
0,89559663
0,895553187
0,892051364
0,886189617
0,875608021
0,875227388
0,864721919
0,877511186
0,873248097
0,845614145
0,79575123
0,869517894
0,890300453
0,879109844
0,887712149
0,894259035
0,89559663
0,89559663
0,89559663
0,893802276
0,891822984
0,89559663
0,89559663
0,894335162
0,894182909
0,824831587
0,784712874
0,86023045
0,863275514
0,800394952
0,85086688
0,787148925
0,713230008
0,623400633
0,579399465
0,498857535
0,547426298
0,600334277
0,672730663
0,75936272
0,768878544
0,761342012
0,759134341
0,729140465
0,728150819
0,72076654
0,724801249
0,717264717
0,756013151
0,804277408
0,814326117
0,83076946
0,871573312
0,870659793
0,883601313
0,88634187
0,894259035
0,894411288
0,89559663
0,87050754
0,884895465
0,850181741
0,83480417
0,873780983
0,883296807
0,85041012
0,851552019
0,878653085
0,82498384
0,704399324
0,669913979
0,724268363
0,781591684
0,826506371
0,836707334
0,838077613
0,84058979
0,839980778
0,839371765
0,840133031
0,842721335
0,842264575
0,844548373
0,843101968
0,841122676
0,83724022
0,817675687
0,820644624
0,829779815
0,807931484
0,702724539
0,608708202
0,607109543
0,466732114
0,38002393
0,264083136
0,215818878
0,303745088
0,262332224
0,298872987
0,341047117
0,351171953
0,250608729
0,212088676
0,216884651
0,221832879
0,218787815
0,213306701
0,220767107
0,222061259
0,212317055
0,227846879
0,250456476
0,262332224
0,292706733
0,430571985
0,4804349
0,553668678
0,583738681
0,599344631
0,619746557
0,632002938
0,661387801
0,746801833
0,760732999
0,76986819
0,799785939
0,798796293
0,787681811
0,824374827
0,826582498
0,793467432
0,731348136
0,729368845
0,790193989
0,735611225
0,683464512
0,679886562
0,68529155
0,63931109
0,624542532
0,646619243
0,602770328
0,505328295
0,524283815
0,466199228
0,492995787
0,586859871
0,559225919
0,576963414
0,634895748
0,528394651
0,53867174
0,64311742
0,663367092
0,605663138
0,661235548
0,670675245
0,629262381
0,695492513
0,71140297
0,708966919
0,741625225
0,793848065
0,794000318
0,793771938
0,808083737
0,816990548
0,820035611
0,846070905
0,854064197
0,852161032
0,855891235
0,851552019
0,782200697
0,755404138
0,823461308
0,805190927
0,765605101
0,771771354
0,755708644
0,844852879
0,81516351
0,793239052
0,803896775
0,828409536
0,848354702
0,843863234
0,840970423
0,814782877
0,789508849
0,699831728
0,741549099
0,676613119
0,652633243
0,635504761
0,694198361
0,811737813
0,833738397
0,84439612
0,845766398
0,83076946
0,838915005
0,845233512
0,844548373
0,845842525
0,798035027
0,748857251
0,745279302
0,739189174
0,71383902
0,68506317
0,683540638
0,74398515
0,664128358
0,651871977
0,767965025
0,771390721
0,752054568
0,696406032
0,630023647
0,558921413
0,457140164
0,307094658
0,268498478
0,251217742
0,231196449
0,205161156
0,107033983
0,176842065
0,260961945
0,206683688
0,22426893
0,157886545
0,176842065
0,121421909
0,15956133
0,274588605
0,226095968
0,294838277
0,356424687
0,362286435
0,423720592
0,482109685
0,523979309
0,619518177
0,732642288
0,689554639
0,527633385
0,483479964
0,416107933
0,455236999
0,495127332
0,517280169
0,434378314
0,501141332
0,453714468
0,383754133
0,447928847
0,50608956
0,465437962
0,556256982
0,546436652
0,610459113
0,566305692
0,494061559
0,517127916
0,544305108
0,566914705
0,543087082
0,557551134
0,482261938
0,514235105
0,548644323
0,575897642
0,585946352
0,71140297
0,794989964
0,798035027
0,79887242
0,797349888
0,792477786
0,779536266
0,751217175
0,657885978
0,543543842
0,458738822
0,350258434
0,302450936
0,23005455
0,229902297
0,222061259
0,095310489
0,097822666
0,109546161
0,140072923
0,196863358
0,231729335
0,303440582
0,391747424
0,46414381
0,470157811
0,571330047
0,609317214
0,712849375
0,765452847
0,808997256
0,849801108
0,844091613
0,842264575
0,845538019
0,848126323
0,850181741
0,848735335
0,852617791
0,861524602
0,862971007
0,852161032
0,83168298
0,79575123
0,788138571
0,839371765
0,834499663
0,846603791
0,850943006
0,830693334
0,783951609
0,769106924
0,718558869
0,53532217
0,644487698
0,62994752
0,497944015
0,424634111
0,459576215
0,368833321
0,329932635
0,387484336
0,310900987
0,322700609
0,254034426
0,259134907
0,268193971
0,1952647
0,180267762
0,20173546
0,233784753
0,285017947
0,375760841
0,409637173
0,373933803
0,421208414
0,476247938
0,523750929
0,524892828
0,544228981
0,558388527
0,545979893
0,522456777
0,497563383
0,515300878
0,446482442
0,423263832
0,382307728
0,310063595
0,267280452
0,183388952
0,136190467
0,134744062
0,147228822
0,147228822
0,115636288
0,083739247
0,101324489
0,109013275
0,141595455
0,167859128
0,283952175
0,39966459
0,459195582
0,505937307
0,55854078
0,628348862
0,676993752
0,696938918
0,698537576
0,718025983
0,700364614
0,761570391
0,784332241
0,77900338
0,809834649
0,823309055
0,840665917
0,851628146
0,853835817
0,86358002
0,856119614
0,856804754
0,858479539
0,85733764
0,857794399
0,854520956
0,854901589
0,854673209
0,859316931
0,858631792
0,848735335
0,848811462
0,852084905
0,847212804
0,836478955
0,836174448
0,848202449
0,839371765
0,817904067
0,794609331
0,841883942
0,815696396
0,823461308
0,832901005
0,810976547
0,84439612
0,84127493
0,852922298
0,834271284
0,815620269
0,848963715
0,844776753
0,844700626
0,842949715
0,849801108
0,848506956
0,851171386
0,842721335
0,822319409
0,837392474
0,854520956
0,845994778
0,850943006
0,851399766
0,850562373
0,838382119
0,830084321
0,692675829
0,583281921
0,538138854
0,573689971
0,695416386
0,61677762
0,617006
0,574755743
0,689402386
0,889386934
0,839828524
0,842112322
0,822167156
0,712240362
0,867005717
0,856119614
0,783190343
0,786768292
0,884590959
0,89559663
0,89559663
0,89559663
0,89559663
0,89559663
0,761494265
0,577344047
0,439022036
0,36685403
0,456302772
0,641138128
0,895020301
0,89559663
0,89559663
0,89559663
0,89559663
0,89559663
0,89559663
0,89559663
0,89559663
0,89559663
0,89559663
0,875684148
0,884362579
0,863123261
0,828714043
0,726856667
0,575973769
0,524055435
0,439326542
0,396771779
0,429582339
0,509134624
0,585413466
0,714828666
0,873095844
0,80488642
0,741016213
0,724877376
0,708586286
0,704399324
0,712240362
0,780525912
0,808768876
0,817218928
0,838382119
0,793391305
0,89559663
0,89559663
0,89559663
0,89559663
0,89559663
0,89559663
0,89559663
0,89559663
0,89559663
0,89559663
0,89559663
0,89559663
0,89559663
0,89559663
0,89559663
0,89559663
0,89559663
0,89559663
0,89559663
0,89559663
0,881241389
0,89559663
0,89559663
0,89559663
0,89559663
0,89559663
0,89559663
0,89559663
0,89559663
0,89559663
0,89559663
0,89559663
0,89559663
0,89559663
0,89559663
0,89559663
0,89559663
0,89559663
0,89559663
0,89559663
0,89559663
0,89559663
0,89559663
0,89559663
0,89559663
0,89559663
0,89559663
0,89559663
0,89559663
0,89559663
0,89559663
0,89559663
0,89559663
0,89559663
0,89559663
0,89559663
0,89559663
0,89559663
0,89559663
0,89559663
0,89559663
0,89559663
0,89559663
0,89559663
0,89559663
0,89559663
0,89559663
0,89559663
0,89559663
0,89559663
0,89559663
0,89559663
0,89559663
0,884514832
0,838001486
0,852693918
0,862818754
0,847821816
0,790193989
0,669304966
0,645401217
0,650806205
0,673568055
0,67501446
0,776871836
0,835641562
0,86647283
0,839143385
0,862818754
0,840361411
0,818741459
0,828790169
0,81539189
0,836098322
0,795142217
0,660550409
0,703561931
0,706683121
0,690544284
0,680343322
0,683997398
0,76271229
0,796284116
0,818817586
0,795598977
0,75936272
0,663747725
0,5978221
0,417706591
0,412073224
0,406287603
0,396238893
0,392204184
0,354978282
0,302450936
0,255480831
0,218407182
0,19838589
0,14616305
0,118072339
0,117311073
0,122868314
0,1102313
0,133982796
0,153318949
0,148446848
0,145173404
0,166945609
0,146010797
0,134591808
0,177831711
0,220386474
0,255861464
0,290499062
0,333967344
0,437880137
0,499694927
0,522000017
0,495279585
0,524055435
0,318818153
0,22426893
0,248096552
0,290042302
0,271010655
0,269183617
0,285170201
0,264996655
0,258906528
0,343635421
0,486753407
0,54537088
0,546588906
0,52618698
0,534941537
0,560291691
0,531515841
0,544381234
0,52306579
0,511875181
0,421817427
0,497487256
0,511875181
0,512331941
0,505861181
0,496193104
0,486296647
0,498705281
0,510733282
0,475638925
0,448994619
0,500456193
0,543315462
0,516747283
0,526872119
0,560443945
0,547350171
0,531135208
0,516671156
0,569503009
0,58153101
0,591275213
0,590970707
0,590285567
0,589828808
0,589448175
0,58800177
0,589295922
0,589981061
0,590361694
0,547883058
0,561281337
0,559606552
0,557475008
0,553744805
0,561357464
0,559149793
0,579475592
0,631774558
0,631546178
0,63329709
0,693056462
0,814402244
0,82787665
0,829323055
0,744441909
0,528394651
0,668695953
0,653242256
0,678668537
0,747943732
0,759438847
0,796588622
0,82498384
0,799709812
0,806485079
0,802374243
0,82764827
0,826658625
0,822319409
0,849572728
0,894868048
0,89559663
0,885961237
0,89559663
0,89559663
0,892508124
0,863656147
0,880860756
0,891213972
0,89559663
0,89559663
0,89559663
0,872030071
0,859925944
0,89559663
0,89559663
0,88679863
0,89559663
0,884362579
0,792249407
0,740331073
0,608403695
0,548568197
0,654384155
0,604216733
0,55541959
0,602161315
0,64311742
0,541640677
0,688564993
0,75981948
0,743604517
0,703942564
0,832520372
0,803592268
0,763854189
0,842112322
0,851856525
0,706074108
0,5391285
0,569274629
0,58488058
0,421665174
0,405221831
0,458586569
0,443513505
0,457825303
0,400045223
0,349573294
0,323842508
0,293391872
0,263397996
0,212849941
0,139768417
0,080009045
0,053212485
0,053593118
0,061662537
0,074223424
0,089372615
0,115255655
0,170066799
0,238276222
0,268498478
0,312956405
0,426841782
0,466884367
0,482109685
0,514006726
0,481652926
0,335337622
0,224345056
0,21399184
0,146695936
0,16557533
0,158343304
0,128882314
0,17227447
0,170295179
0,183693458
0,192448016
0,185977256
0,23096807
0,16580371
0,095767248
0,050243548
0,076659475
0,092798311
0,088154589
0,078943272
0,079019399
0,078410386
0,081607703
0,108099756
0,148218468
0,161540621
0,157125279
0,228075259
0,299558126
0,380861322
0,454475733
0,53288612
0,55876916
0,626674077
0,635733141
0,666792789
0,65248099
0,692447449
0,732337781
0,717112464
0,710870084
0,74710634
0,745203175
0,704018691
0,674405448
0,674633827
0,682779372
0,673491929
0,627206963
0,584956706
0,582140022
0,605054125
0,665041877
0,74330001
0,713230008
0,565696679
0,57460349
0,5522984
0,552602906
0,650958458
0,645857977
0,657429218
0,679582056
0,701887146
0,697624057
0,746725707
0,704856083
0,69846145
0,771771354
0,818436953
0,83457579
0,7919449
0,864874172
0,821329763
0,810595914
0,88009949
0,89559663
0,89559663
0,89559663
0,890376579
0,89559663
0,89559663
0,89559663
0,89559663
0,859697564
0,837620853
0,891290098
0,89559663
0,89559663
0,89559663
0,89559663
0,883905819
0,887788275
0,89559663
0,89559663
0,89559663
0,89559663
0,887712149
0,86647283
0,879794983
0,89559663
0,89559663
0,89559663
0,89559663
0,89559663
0,89559663
0,89559663
0,89559663
0,89559663
0,89559663
0,89559663
0,89559663
0,89559663
0,89559663
0,89559663
0,89559663
0,89559663
0,89559663
0,89559663
0,89559663
0,89559663
0,89559663
0,89559663
0,89559663
0,89559663
0,89559663
0,89559663
0,89559663
0,89559663
0,89559663
0,89559663
0,89559663
0,89559663
0,89559663
0,89559663
0,89559663
0,89559663
0,89559663
0,89559663
0,89559663
0,89559663
0,89559663
0,89559663
0,89559663
0,89559663
0,89559663
0,89559663
0,89559663
0,89559663
0,89559663
0,89559663
0,89559663
0,89559663
0,89559663
0,89559663
0,89559663
0,89559663
0,89258425
0,89559663
0,89559663
0,89559663
0,89559663
0,89559663
0,89559663
0,89559663
0,89559663
0,89559663
0,89559663
0,89559663
0,89559663
0,89559663
0,89559663
0,89559663
0,89559663
0,863960653
0,636113774
0,63641828
0,660245902
0,806180572
0,89559663
0,89559663
0,89559663
0,89559663
0,89559663
0,89559663
0,89559663
0,89559663
0,89559663
0,89559663
0,89559663
0,89559663
0,89559663
0,89559663
0,89559663
0,846832171
0,767203759
0,767356012
0,764006442
0,762864543
0,850257867
0,89559663
0,89559663
0,89559663
0,89559663
0,89559663
0,89559663
0,89559663
0,874466122
0,815696396
0,89559663
0,89559663
0,89559663
0,89559663
0,89559663
0,89559663
0,89559663
0,89559663
0,89559663
0,89559663
0,89559663
0,89559663
0,89559663
0,89559663
0,89559663
0,89559663
0,89559663
0,89559663
0,89559663
0,825745106
0,860534957
0,834880296
0,848278576
0,829246929
0,832672625
0,839067259
0,883753566
0,89559663
0,89559663
0,89559663
0,871649438
0,87385711
0,88009949
0,89559663
0,89559663
0,89559663
0,89559663
0,89559663
0,89559663
0,89559663
0,89559663
0,89559663
0,89559663
0,89559663
0,89559663
0,89559663
0,89559663
0,89559663
0,89559663
0,89559663
0,89559663
0,89559663
0,89559663
0,89559663
0,89559663
0,89559663
0,89559663
0,866777337
0,793771938
0,812955839
0,790879128
0,798567913
0,697928563
0,56501154
0,625836684
0,738656288
0,642736787
0,634743495
0,7080534
0,702800665
0,731804895
0,725714768
0,739874314
0,692980335
0,65940851
0,657809851
0,665041877
0,665955396
0,667249548
0,67235003
0,695416386
0,699298842
0,725105756
0,77611057
0,799405306
0,812346826
0,837773107
0,89559663
0,89559663
0,89559663
0,89559663
0,89559663
0,89559663
0,89559663
0,882307161
0,8051148
0,871116552
0,89559663
0,89559663
0,89559663
0,89559663
0,89559663
0,880708503
0,83457579
0,841351056
0,739113048
0,797958901
0,635200255
0,635200255
0,593406757
0,535931183
0,457825303
0,41930525
0,380937449
0,364037346
0,29255448
0,249999717
0,23408926
0,228532019
0,213306701
0,255100198
0,308693316
0,384743778
0,419914262
0,474573153
0,535626677
0,582749035
0,652633243
0,663595472
0,729292718
0,873476477
0,89559663
0,89559663
0,89559663
0,89559663
0,89559663
0,89559663
0,89559663
0,89559663
0,89559663
0,89559663
0,89559663
0,89559663
0,89559663
0,89559663
0,89559663
0,89559663
0,89559663
0,89559663
0,89559663
0,89559663
0,89559663
0,89559663
0,870583666
0,873780983
0,877815692
0,871421059
0,824831587
0,799253053
0,665270257
0,646390863
0,608099189
0,599649138
0,61053524
0,560367818
0,58107425
0,715894438
0,777176342
0,837620853
0,854825462
0,854140323
0,851323639
0,857489893
0,837392474
0,823765814
0,858860172
0,864798046
0,89559663
0,89559663
0,89559663
0,89559663
0,89559663
0,89559663
0,89559663
0,89559663
0,89559663
0,89559663
0,89559663
0,89559663
0,89559663
0,89559663
0,89559663
0,89559663
0,89559663
0,89559663
0,89559663
0,89559663
0,89559663
0,89559663
0,89559663
0,89559663
0,89559663
0,89559663
0,89559663
0,862133615
0,754414492
0,582672908
0,483479964
0,660398155
0,73660087
0,89559663
0,89559663
0,89559663
0,89559663
0,89559663
0,89559663
0,89559663
0,89559663
0,89559663
0,89559663
0,89559663
0,89559663
0,89559663
0,89559663
0,89559663
0,89559663
0,89559663
0,89559663
0,862133615
0,754414492
0,582672908
0,483479964
0,660398155
0,73660087
