21,05416667
21,05416667
21,05416667
21,05416667
21,05416667
21,05416667
21,05416667
21,05416667
21,05416667
21,05416667
21,05416667
21,05416667
21,05416667
21,05416667
21,05416667
21,05416667
21,05416667
21,05416667
21,05416667
21,05416667
21,05416667
21,05416667
21,05416667
21,05416667
37,54583333
37,54583333
37,54583333
37,54583333
37,54583333
37,54583333
37,54583333
37,54583333
37,54583333
37,54583333
37,54583333
37,54583333
37,54583333
37,54583333
37,54583333
37,54583333
37,54583333
37,54583333
37,54583333
37,54583333
37,54583333
37,54583333
37,54583333
37,54583333
33,85416667
33,85416667
33,85416667
33,85416667
33,85416667
33,85416667
33,85416667
33,85416667
33,85416667
33,85416667
33,85416667
33,85416667
33,85416667
33,85416667
33,85416667
33,85416667
33,85416667
33,85416667
33,85416667
33,85416667
33,85416667
33,85416667
33,85416667
33,85416667
40,025
40,025
40,025
40,025
40,025
40,025
40,025
40,025
40,025
40,025
40,025
40,025
40,025
40,025
40,025
40,025
40,025
40,025
40,025
40,025
40,025
40,025
40,025
40,025
43,70833333
43,70833333
43,70833333
43,70833333
43,70833333
43,70833333
43,70833333
43,70833333
43,70833333
43,70833333
43,70833333
43,70833333
43,70833333
43,70833333
43,70833333
43,70833333
43,70833333
43,70833333
43,70833333
43,70833333
43,70833333
43,70833333
43,70833333
43,70833333
44,42083333
44,42083333
44,42083333
44,42083333
44,42083333
44,42083333
44,42083333
44,42083333
44,42083333
44,42083333
44,42083333
44,42083333
44,42083333
44,42083333
44,42083333
44,42083333
44,42083333
44,42083333
44,42083333
44,42083333
44,42083333
44,42083333
44,42083333
44,42083333
50,575
50,575
50,575
50,575
50,575
50,575
50,575
50,575
50,575
50,575
50,575
50,575
50,575
50,575
50,575
50,575
50,575
50,575
50,575
50,575
50,575
50,575
50,575
50,575
46,36666667
46,36666667
46,36666667
46,36666667
46,36666667
46,36666667
46,36666667
46,36666667
46,36666667
46,36666667
46,36666667
46,36666667
46,36666667
46,36666667
46,36666667
46,36666667
46,36666667
46,36666667
46,36666667
46,36666667
46,36666667
46,36666667
46,36666667
46,36666667
36,9125
36,9125
36,9125
36,9125
36,9125
36,9125
36,9125
36,9125
36,9125
36,9125
36,9125
36,9125
36,9125
36,9125
36,9125
36,9125
36,9125
36,9125
36,9125
36,9125
36,9125
36,9125
36,9125
36,9125
32,7
32,7
32,7
32,7
32,7
32,7
32,7
32,7
32,7
32,7
32,7
32,7
32,7
32,7
32,7
32,7
32,7
32,7
32,7
32,7
32,7
32,7
32,7
32,7
45,3125
45,3125
45,3125
45,3125
45,3125
45,3125
45,3125
45,3125
45,3125
45,3125
45,3125
45,3125
45,3125
45,3125
45,3125
45,3125
45,3125
45,3125
45,3125
45,3125
45,3125
45,3125
45,3125
45,3125
53,24583333
53,24583333
53,24583333
53,24583333
53,24583333
53,24583333
53,24583333
53,24583333
53,24583333
53,24583333
53,24583333
53,24583333
53,24583333
53,24583333
53,24583333
53,24583333
53,24583333
53,24583333
53,24583333
53,24583333
53,24583333
53,24583333
53,24583333
53,24583333
44,14166667
44,14166667
44,14166667
44,14166667
44,14166667
44,14166667
44,14166667
44,14166667
44,14166667
44,14166667
44,14166667
44,14166667
44,14166667
44,14166667
44,14166667
44,14166667
44,14166667
44,14166667
44,14166667
44,14166667
44,14166667
44,14166667
44,14166667
44,14166667
47,75
47,75
47,75
47,75
47,75
47,75
47,75
47,75
47,75
47,75
47,75
47,75
47,75
47,75
47,75
47,75
47,75
47,75
47,75
47,75
47,75
47,75
47,75
47,75
49,9
49,9
49,9
49,9
49,9
49,9
49,9
49,9
49,9
49,9
49,9
49,9
49,9
49,9
49,9
49,9
49,9
49,9
49,9
49,9
49,9
49,9
49,9
49,9
36,825
36,825
36,825
36,825
36,825
36,825
36,825
36,825
36,825
36,825
36,825
36,825
36,825
36,825
36,825
36,825
36,825
36,825
36,825
36,825
36,825
36,825
36,825
36,825
31,74583333
31,74583333
31,74583333
31,74583333
31,74583333
31,74583333
31,74583333
31,74583333
31,74583333
31,74583333
31,74583333
31,74583333
31,74583333
31,74583333
31,74583333
31,74583333
31,74583333
31,74583333
31,74583333
31,74583333
31,74583333
31,74583333
31,74583333
31,74583333
46,97916667
46,97916667
46,97916667
46,97916667
46,97916667
46,97916667
46,97916667
46,97916667
46,97916667
46,97916667
46,97916667
46,97916667
46,97916667
46,97916667
46,97916667
46,97916667
46,97916667
46,97916667
46,97916667
46,97916667
46,97916667
46,97916667
46,97916667
46,97916667
45,97083333
45,97083333
45,97083333
45,97083333
45,97083333
45,97083333
45,97083333
45,97083333
45,97083333
45,97083333
45,97083333
45,97083333
45,97083333
45,97083333
45,97083333
45,97083333
45,97083333
45,97083333
45,97083333
45,97083333
45,97083333
45,97083333
45,97083333
45,97083333
43,8875
43,8875
43,8875
43,8875
43,8875
43,8875
43,8875
43,8875
43,8875
43,8875
43,8875
43,8875
43,8875
43,8875
43,8875
43,8875
43,8875
43,8875
43,8875
43,8875
43,8875
43,8875
43,8875
43,8875
45,54583333
45,54583333
45,54583333
45,54583333
45,54583333
45,54583333
45,54583333
45,54583333
45,54583333
45,54583333
45,54583333
45,54583333
45,54583333
45,54583333
45,54583333
45,54583333
45,54583333
45,54583333
45,54583333
45,54583333
45,54583333
45,54583333
45,54583333
45,54583333
43,52916667
43,52916667
43,52916667
43,52916667
43,52916667
43,52916667
43,52916667
43,52916667
43,52916667
43,52916667
43,52916667
43,52916667
43,52916667
43,52916667
43,52916667
43,52916667
43,52916667
43,52916667
43,52916667
43,52916667
43,52916667
43,52916667
43,52916667
43,52916667
40,46666667
40,46666667
40,46666667
40,46666667
40,46666667
40,46666667
40,46666667
40,46666667
40,46666667
40,46666667
40,46666667
40,46666667
40,46666667
40,46666667
40,46666667
40,46666667
40,46666667
40,46666667
40,46666667
40,46666667
40,46666667
40,46666667
40,46666667
40,46666667
36,1875
36,1875
36,1875
36,1875
36,1875
36,1875
36,1875
36,1875
36,1875
36,1875
36,1875
36,1875
36,1875
36,1875
36,1875
36,1875
36,1875
36,1875
36,1875
36,1875
36,1875
36,1875
36,1875
36,1875
48,07083333
48,07083333
48,07083333
48,07083333
48,07083333
48,07083333
48,07083333
48,07083333
48,07083333
48,07083333
48,07083333
48,07083333
48,07083333
48,07083333
48,07083333
48,07083333
48,07083333
48,07083333
48,07083333
48,07083333
48,07083333
48,07083333
48,07083333
48,07083333
54,05833333
54,05833333
54,05833333
54,05833333
54,05833333
54,05833333
54,05833333
54,05833333
54,05833333
54,05833333
54,05833333
54,05833333
54,05833333
54,05833333
54,05833333
54,05833333
54,05833333
54,05833333
54,05833333
54,05833333
54,05833333
54,05833333
54,05833333
54,05833333
45,9
45,9
45,9
45,9
45,9
45,9
45,9
45,9
45,9
45,9
45,9
45,9
45,9
45,9
45,9
45,9
45,9
45,9
45,9
45,9
45,9
45,9
45,9
45,9
41,1
41,1
41,1
41,1
41,1
41,1
41,1
41,1
41,1
41,1
41,1
41,1
41,1
41,1
41,1
41,1
41,1
41,1
41,1
41,1
41,1
41,1
41,1
41,1
49,17916667
49,17916667
49,17916667
49,17916667
49,17916667
49,17916667
49,17916667
49,17916667
49,17916667
49,17916667
49,17916667
49,17916667
49,17916667
49,17916667
49,17916667
49,17916667
49,17916667
49,17916667
49,17916667
49,17916667
49,17916667
49,17916667
49,17916667
49,17916667
35,8875
35,8875
35,8875
35,8875
35,8875
35,8875
35,8875
35,8875
35,8875
35,8875
35,8875
35,8875
35,8875
35,8875
35,8875
35,8875
35,8875
35,8875
35,8875
35,8875
35,8875
35,8875
35,8875
35,8875
35,4875
35,4875
35,4875
35,4875
35,4875
35,4875
35,4875
35,4875
35,4875
35,4875
35,4875
35,4875
35,4875
35,4875
35,4875
35,4875
35,4875
35,4875
35,4875
35,4875
35,4875
35,4875
35,4875
35,4875
45,57916667
45,57916667
45,57916667
45,57916667
45,57916667
45,57916667
45,57916667
45,57916667
45,57916667
45,57916667
45,57916667
45,57916667
45,57916667
45,57916667
45,57916667
45,57916667
45,57916667
45,57916667
45,57916667
45,57916667
45,57916667
45,57916667
45,57916667
45,57916667
40,75416667
40,75416667
40,75416667
40,75416667
40,75416667
40,75416667
40,75416667
40,75416667
40,75416667
40,75416667
40,75416667
40,75416667
40,75416667
40,75416667
40,75416667
40,75416667
40,75416667
40,75416667
40,75416667
40,75416667
40,75416667
40,75416667
40,75416667
40,75416667
43,62083333
43,62083333
43,62083333
43,62083333
43,62083333
43,62083333
43,62083333
43,62083333
43,62083333
43,62083333
43,62083333
43,62083333
43,62083333
43,62083333
43,62083333
43,62083333
43,62083333
43,62083333
43,62083333
43,62083333
43,62083333
43,62083333
43,62083333
43,62083333
47,99166667
47,99166667
47,99166667
47,99166667
47,99166667
47,99166667
47,99166667
47,99166667
47,99166667
47,99166667
47,99166667
47,99166667
47,99166667
47,99166667
47,99166667
47,99166667
47,99166667
47,99166667
47,99166667
47,99166667
47,99166667
47,99166667
47,99166667
47,99166667
41,625
41,625
41,625
41,625
41,625
41,625
41,625
41,625
41,625
41,625
41,625
41,625
41,625
41,625
41,625
41,625
41,625
41,625
41,625
41,625
41,625
41,625
41,625
41,625
41,5875
41,5875
41,5875
41,5875
41,5875
41,5875
41,5875
41,5875
41,5875
41,5875
41,5875
41,5875
41,5875
41,5875
41,5875
41,5875
41,5875
41,5875
41,5875
41,5875
41,5875
41,5875
41,5875
41,5875
37,8125
37,8125
37,8125
37,8125
37,8125
37,8125
37,8125
37,8125
37,8125
37,8125
37,8125
37,8125
37,8125
37,8125
37,8125
37,8125
37,8125
37,8125
37,8125
37,8125
37,8125
37,8125
37,8125
37,8125
51,60833333
51,60833333
51,60833333
51,60833333
51,60833333
51,60833333
51,60833333
51,60833333
51,60833333
51,60833333
51,60833333
51,60833333
51,60833333
51,60833333
51,60833333
51,60833333
51,60833333
51,60833333
51,60833333
51,60833333
51,60833333
51,60833333
51,60833333
51,60833333
51,34166667
51,34166667
51,34166667
51,34166667
51,34166667
51,34166667
51,34166667
51,34166667
51,34166667
51,34166667
51,34166667
51,34166667
51,34166667
51,34166667
51,34166667
51,34166667
51,34166667
51,34166667
51,34166667
51,34166667
51,34166667
51,34166667
51,34166667
51,34166667
51,4
51,4
51,4
51,4
51,4
51,4
51,4
51,4
51,4
51,4
51,4
51,4
51,4
51,4
51,4
51,4
51,4
51,4
51,4
51,4
51,4
51,4
51,4
51,4
47,6625
47,6625
47,6625
47,6625
47,6625
47,6625
47,6625
47,6625
47,6625
47,6625
47,6625
47,6625
47,6625
47,6625
47,6625
47,6625
47,6625
47,6625
47,6625
47,6625
47,6625
47,6625
47,6625
47,6625
46,1125
46,1125
46,1125
46,1125
46,1125
46,1125
46,1125
46,1125
46,1125
46,1125
46,1125
46,1125
46,1125
46,1125
46,1125
46,1125
46,1125
46,1125
46,1125
46,1125
46,1125
46,1125
46,1125
46,1125
41,39166667
41,39166667
41,39166667
41,39166667
41,39166667
41,39166667
41,39166667
41,39166667
41,39166667
41,39166667
41,39166667
41,39166667
41,39166667
41,39166667
41,39166667
41,39166667
41,39166667
41,39166667
41,39166667
41,39166667
41,39166667
41,39166667
41,39166667
41,39166667
40,56666667
40,56666667
40,56666667
40,56666667
40,56666667
40,56666667
40,56666667
40,56666667
40,56666667
40,56666667
40,56666667
40,56666667
40,56666667
40,56666667
40,56666667
40,56666667
40,56666667
40,56666667
40,56666667
40,56666667
40,56666667
40,56666667
40,56666667
40,56666667
51,075
51,075
51,075
51,075
51,075
51,075
51,075
51,075
51,075
51,075
51,075
51,075
51,075
51,075
51,075
51,075
51,075
51,075
51,075
51,075
51,075
51,075
51,075
51,075
49,70416667
49,70416667
49,70416667
49,70416667
49,70416667
49,70416667
49,70416667
49,70416667
49,70416667
49,70416667
49,70416667
49,70416667
49,70416667
49,70416667
49,70416667
49,70416667
49,70416667
49,70416667
49,70416667
49,70416667
49,70416667
49,70416667
49,70416667
49,70416667
49,27083333
49,27083333
49,27083333
49,27083333
49,27083333
49,27083333
49,27083333
49,27083333
49,27083333
49,27083333
49,27083333
49,27083333
49,27083333
49,27083333
49,27083333
49,27083333
49,27083333
49,27083333
49,27083333
49,27083333
49,27083333
49,27083333
49,27083333
49,27083333
46,70416667
46,70416667
46,70416667
46,70416667
46,70416667
46,70416667
46,70416667
46,70416667
46,70416667
46,70416667
46,70416667
46,70416667
46,70416667
46,70416667
46,70416667
46,70416667
46,70416667
46,70416667
46,70416667
46,70416667
46,70416667
46,70416667
46,70416667
46,70416667
41,58333333
41,58333333
41,58333333
41,58333333
41,58333333
41,58333333
41,58333333
41,58333333
41,58333333
41,58333333
41,58333333
41,58333333
41,58333333
41,58333333
41,58333333
41,58333333
41,58333333
41,58333333
41,58333333
41,58333333
41,58333333
41,58333333
41,58333333
41,58333333
32,6375
32,6375
32,6375
32,6375
32,6375
32,6375
32,6375
32,6375
32,6375
32,6375
32,6375
32,6375
32,6375
32,6375
32,6375
32,6375
32,6375
32,6375
32,6375
32,6375
32,6375
32,6375
32,6375
32,6375
33
33
33
33
33
33
33
33
33
33
33
33
33
33
33
33
33
33
33
33
33
33
33
33
37,9375
37,9375
37,9375
37,9375
37,9375
37,9375
37,9375
37,9375
37,9375
37,9375
37,9375
37,9375
37,9375
37,9375
37,9375
37,9375
37,9375
37,9375
37,9375
37,9375
37,9375
37,9375
37,9375
37,9375
40,8625
40,8625
40,8625
40,8625
40,8625
40,8625
40,8625
40,8625
40,8625
40,8625
40,8625
40,8625
40,8625
40,8625
40,8625
40,8625
40,8625
40,8625
40,8625
40,8625
40,8625
40,8625
40,8625
40,8625
38,18333333
38,18333333
38,18333333
38,18333333
38,18333333
38,18333333
38,18333333
38,18333333
38,18333333
38,18333333
38,18333333
38,18333333
38,18333333
38,18333333
38,18333333
38,18333333
38,18333333
38,18333333
38,18333333
38,18333333
38,18333333
38,18333333
38,18333333
38,18333333
35,65
35,65
35,65
35,65
35,65
35,65
35,65
35,65
35,65
35,65
35,65
35,65
35,65
35,65
35,65
35,65
35,65
35,65
35,65
35,65
35,65
35,65
35,65
35,65
37,59583333
37,59583333
37,59583333
37,59583333
37,59583333
37,59583333
37,59583333
37,59583333
37,59583333
37,59583333
37,59583333
37,59583333
37,59583333
37,59583333
37,59583333
37,59583333
37,59583333
37,59583333
37,59583333
37,59583333
37,59583333
37,59583333
37,59583333
37,59583333
28,42916667
28,42916667
28,42916667
28,42916667
28,42916667
28,42916667
28,42916667
28,42916667
28,42916667
28,42916667
28,42916667
28,42916667
28,42916667
28,42916667
28,42916667
28,42916667
28,42916667
28,42916667
28,42916667
28,42916667
28,42916667
28,42916667
28,42916667
28,42916667
16,69166667
16,69166667
16,69166667
16,69166667
16,69166667
16,69166667
16,69166667
16,69166667
16,69166667
16,69166667
16,69166667
16,69166667
16,69166667
16,69166667
16,69166667
16,69166667
16,69166667
16,69166667
16,69166667
16,69166667
16,69166667
16,69166667
16,69166667
16,69166667
32,83333333
32,83333333
32,83333333
32,83333333
32,83333333
32,83333333
32,83333333
32,83333333
32,83333333
32,83333333
32,83333333
32,83333333
32,83333333
32,83333333
32,83333333
32,83333333
32,83333333
32,83333333
32,83333333
32,83333333
32,83333333
32,83333333
32,83333333
32,83333333
41,57083333
41,57083333
41,57083333
41,57083333
41,57083333
41,57083333
41,57083333
41,57083333
41,57083333
41,57083333
41,57083333
41,57083333
41,57083333
41,57083333
41,57083333
41,57083333
41,57083333
41,57083333
41,57083333
41,57083333
41,57083333
41,57083333
41,57083333
41,57083333
38,57083333
38,57083333
38,57083333
38,57083333
38,57083333
38,57083333
38,57083333
38,57083333
38,57083333
38,57083333
38,57083333
38,57083333
38,57083333
38,57083333
38,57083333
38,57083333
38,57083333
38,57083333
38,57083333
38,57083333
38,57083333
38,57083333
38,57083333
38,57083333
42,67083333
42,67083333
42,67083333
42,67083333
42,67083333
42,67083333
42,67083333
42,67083333
42,67083333
42,67083333
42,67083333
42,67083333
42,67083333
42,67083333
42,67083333
42,67083333
42,67083333
42,67083333
42,67083333
42,67083333
42,67083333
42,67083333
42,67083333
42,67083333
41,5625
41,5625
41,5625
41,5625
41,5625
41,5625
41,5625
41,5625
41,5625
41,5625
41,5625
41,5625
41,5625
41,5625
41,5625
41,5625
41,5625
41,5625
41,5625
41,5625
41,5625
41,5625
41,5625
41,5625
36,1125
36,1125
36,1125
36,1125
36,1125
36,1125
36,1125
36,1125
36,1125
36,1125
36,1125
36,1125
36,1125
36,1125
36,1125
36,1125
36,1125
36,1125
36,1125
36,1125
36,1125
36,1125
36,1125
36,1125
36,57916667
36,57916667
36,57916667
36,57916667
36,57916667
36,57916667
36,57916667
36,57916667
36,57916667
36,57916667
36,57916667
36,57916667
36,57916667
36,57916667
36,57916667
36,57916667
36,57916667
36,57916667
36,57916667
36,57916667
36,57916667
36,57916667
36,57916667
36,57916667
52,04166667
52,04166667
52,04166667
52,04166667
52,04166667
52,04166667
52,04166667
52,04166667
52,04166667
52,04166667
52,04166667
52,04166667
52,04166667
52,04166667
52,04166667
52,04166667
52,04166667
52,04166667
52,04166667
52,04166667
52,04166667
52,04166667
52,04166667
52,04166667
53,99583333
53,99583333
53,99583333
53,99583333
53,99583333
53,99583333
53,99583333
53,99583333
53,99583333
53,99583333
53,99583333
53,99583333
53,99583333
53,99583333
53,99583333
53,99583333
53,99583333
53,99583333
53,99583333
53,99583333
53,99583333
53,99583333
53,99583333
53,99583333
51
51
51
51
51
51
51
51
51
51
51
51
51
51
51
51
51
51
51
51
51
51
51
51
51,0125
51,0125
51,0125
51,0125
51,0125
51,0125
51,0125
51,0125
51,0125
51,0125
51,0125
51,0125
51,0125
51,0125
51,0125
51,0125
51,0125
51,0125
51,0125
51,0125
51,0125
51,0125
51,0125
51,0125
43,19166667
43,19166667
43,19166667
43,19166667
43,19166667
43,19166667
43,19166667
43,19166667
43,19166667
43,19166667
43,19166667
43,19166667
43,19166667
43,19166667
43,19166667
43,19166667
43,19166667
43,19166667
43,19166667
43,19166667
43,19166667
43,19166667
43,19166667
43,19166667
37,66666667
37,66666667
37,66666667
37,66666667
37,66666667
37,66666667
37,66666667
37,66666667
37,66666667
37,66666667
37,66666667
37,66666667
37,66666667
37,66666667
37,66666667
37,66666667
37,66666667
37,66666667
37,66666667
37,66666667
37,66666667
37,66666667
37,66666667
37,66666667
32,77916667
32,77916667
32,77916667
32,77916667
32,77916667
32,77916667
32,77916667
32,77916667
32,77916667
32,77916667
32,77916667
32,77916667
32,77916667
32,77916667
32,77916667
32,77916667
32,77916667
32,77916667
32,77916667
32,77916667
32,77916667
32,77916667
32,77916667
32,77916667
45,4125
45,4125
45,4125
45,4125
45,4125
45,4125
45,4125
45,4125
45,4125
45,4125
45,4125
45,4125
45,4125
45,4125
45,4125
45,4125
45,4125
45,4125
45,4125
45,4125
45,4125
45,4125
45,4125
45,4125
48,65
48,65
48,65
48,65
48,65
48,65
48,65
48,65
48,65
48,65
48,65
48,65
48,65
48,65
48,65
48,65
48,65
48,65
48,65
48,65
48,65
48,65
48,65
48,65
40,7375
40,7375
40,7375
40,7375
40,7375
40,7375
40,7375
40,7375
40,7375
40,7375
40,7375
40,7375
40,7375
40,7375
40,7375
40,7375
40,7375
40,7375
40,7375
40,7375
40,7375
40,7375
40,7375
40,7375
41,2625
41,2625
41,2625
41,2625
41,2625
41,2625
41,2625
41,2625
41,2625
41,2625
41,2625
41,2625
41,2625
41,2625
41,2625
41,2625
41,2625
41,2625
41,2625
41,2625
41,2625
41,2625
41,2625
41,2625
35,67083333
35,67083333
35,67083333
35,67083333
35,67083333
35,67083333
35,67083333
35,67083333
35,67083333
35,67083333
35,67083333
35,67083333
35,67083333
35,67083333
35,67083333
35,67083333
35,67083333
35,67083333
35,67083333
35,67083333
35,67083333
35,67083333
35,67083333
35,67083333
34,50416667
34,50416667
34,50416667
34,50416667
34,50416667
34,50416667
34,50416667
34,50416667
34,50416667
34,50416667
34,50416667
34,50416667
34,50416667
34,50416667
34,50416667
34,50416667
34,50416667
34,50416667
34,50416667
34,50416667
34,50416667
34,50416667
34,50416667
34,50416667
28,60416667
28,60416667
28,60416667
28,60416667
28,60416667
28,60416667
28,60416667
28,60416667
28,60416667
28,60416667
28,60416667
28,60416667
28,60416667
28,60416667
28,60416667
28,60416667
28,60416667
28,60416667
28,60416667
28,60416667
28,60416667
28,60416667
28,60416667
28,60416667
43,8875
43,8875
43,8875
43,8875
43,8875
43,8875
43,8875
43,8875
43,8875
43,8875
43,8875
43,8875
43,8875
43,8875
43,8875
43,8875
43,8875
43,8875
43,8875
43,8875
43,8875
43,8875
43,8875
43,8875
37,2625
37,2625
37,2625
37,2625
37,2625
37,2625
37,2625
37,2625
37,2625
37,2625
37,2625
37,2625
37,2625
37,2625
37,2625
37,2625
37,2625
37,2625
37,2625
37,2625
37,2625
37,2625
37,2625
37,2625
36,0625
36,0625
36,0625
36,0625
36,0625
36,0625
36,0625
36,0625
36,0625
36,0625
36,0625
36,0625
36,0625
36,0625
36,0625
36,0625
36,0625
36,0625
36,0625
36,0625
36,0625
36,0625
36,0625
36,0625
35,38333333
35,38333333
35,38333333
35,38333333
35,38333333
35,38333333
35,38333333
35,38333333
35,38333333
35,38333333
35,38333333
35,38333333
35,38333333
35,38333333
35,38333333
35,38333333
35,38333333
35,38333333
35,38333333
35,38333333
35,38333333
35,38333333
35,38333333
35,38333333
37,31666667
37,31666667
37,31666667
37,31666667
37,31666667
37,31666667
37,31666667
37,31666667
37,31666667
37,31666667
37,31666667
37,31666667
37,31666667
37,31666667
37,31666667
37,31666667
37,31666667
37,31666667
37,31666667
37,31666667
37,31666667
37,31666667
37,31666667
37,31666667
29,55
29,55
29,55
29,55
29,55
29,55
29,55
29,55
29,55
29,55
29,55
29,55
29,55
29,55
29,55
29,55
29,55
29,55
29,55
29,55
29,55
29,55
29,55
29,55
20,15652174
20,15652174
20,15652174
20,15652174
20,15652174
20,15652174
20,15652174
20,15652174
20,15652174
20,15652174
20,15652174
20,15652174
20,15652174
20,15652174
20,15652174
20,15652174
20,15652174
20,15652174
20,15652174
20,15652174
20,15652174
20,15652174
20,15652174
35,92083333
35,92083333
35,92083333
35,92083333
35,92083333
35,92083333
35,92083333
35,92083333
35,92083333
35,92083333
35,92083333
35,92083333
35,92083333
35,92083333
35,92083333
35,92083333
35,92083333
35,92083333
35,92083333
35,92083333
35,92083333
35,92083333
35,92083333
35,92083333
36,89166667
36,89166667
36,89166667
36,89166667
36,89166667
36,89166667
36,89166667
36,89166667
36,89166667
36,89166667
36,89166667
36,89166667
36,89166667
36,89166667
36,89166667
36,89166667
36,89166667
36,89166667
36,89166667
36,89166667
36,89166667
36,89166667
36,89166667
36,89166667
36,16666667
36,16666667
36,16666667
36,16666667
36,16666667
36,16666667
36,16666667
36,16666667
36,16666667
36,16666667
36,16666667
36,16666667
36,16666667
36,16666667
36,16666667
36,16666667
36,16666667
36,16666667
36,16666667
36,16666667
36,16666667
36,16666667
36,16666667
36,16666667
38,79583333
38,79583333
38,79583333
38,79583333
38,79583333
38,79583333
38,79583333
38,79583333
38,79583333
38,79583333
38,79583333
38,79583333
38,79583333
38,79583333
38,79583333
38,79583333
38,79583333
38,79583333
38,79583333
38,79583333
38,79583333
38,79583333
38,79583333
38,79583333
39,175
39,175
39,175
39,175
39,175
39,175
39,175
39,175
39,175
39,175
39,175
39,175
39,175
39,175
39,175
39,175
39,175
39,175
39,175
39,175
39,175
39,175
39,175
39,175
36,99583333
36,99583333
36,99583333
36,99583333
36,99583333
36,99583333
36,99583333
36,99583333
36,99583333
36,99583333
36,99583333
36,99583333
36,99583333
36,99583333
36,99583333
36,99583333
36,99583333
36,99583333
36,99583333
36,99583333
36,99583333
36,99583333
36,99583333
36,99583333
29,29583333
29,29583333
29,29583333
29,29583333
29,29583333
29,29583333
29,29583333
29,29583333
29,29583333
29,29583333
29,29583333
29,29583333
29,29583333
29,29583333
29,29583333
29,29583333
29,29583333
29,29583333
29,29583333
29,29583333
29,29583333
29,29583333
29,29583333
29,29583333
30,4375
30,4375
30,4375
30,4375
30,4375
30,4375
30,4375
30,4375
30,4375
30,4375
30,4375
30,4375
30,4375
30,4375
30,4375
30,4375
30,4375
30,4375
30,4375
30,4375
30,4375
30,4375
30,4375
30,4375
49,85833333
49,85833333
49,85833333
49,85833333
49,85833333
49,85833333
49,85833333
49,85833333
49,85833333
49,85833333
49,85833333
49,85833333
49,85833333
49,85833333
49,85833333
49,85833333
49,85833333
49,85833333
49,85833333
49,85833333
49,85833333
49,85833333
49,85833333
49,85833333
43,875
43,875
43,875
43,875
43,875
43,875
43,875
43,875
43,875
43,875
43,875
43,875
43,875
43,875
43,875
43,875
43,875
43,875
43,875
43,875
43,875
43,875
43,875
43,875
43,43333333
43,43333333
43,43333333
43,43333333
43,43333333
43,43333333
43,43333333
43,43333333
43,43333333
43,43333333
43,43333333
43,43333333
43,43333333
43,43333333
43,43333333
43,43333333
43,43333333
43,43333333
43,43333333
43,43333333
43,43333333
43,43333333
43,43333333
43,43333333
43,32083333
43,32083333
43,32083333
43,32083333
43,32083333
43,32083333
43,32083333
43,32083333
43,32083333
43,32083333
43,32083333
43,32083333
43,32083333
43,32083333
43,32083333
43,32083333
43,32083333
43,32083333
43,32083333
43,32083333
43,32083333
43,32083333
43,32083333
43,32083333
35,32083333
35,32083333
35,32083333
35,32083333
35,32083333
35,32083333
35,32083333
35,32083333
35,32083333
35,32083333
35,32083333
35,32083333
35,32083333
35,32083333
35,32083333
35,32083333
35,32083333
35,32083333
35,32083333
35,32083333
35,32083333
35,32083333
35,32083333
35,32083333
29,10833333
29,10833333
29,10833333
29,10833333
29,10833333
29,10833333
29,10833333
29,10833333
29,10833333
29,10833333
29,10833333
29,10833333
29,10833333
29,10833333
29,10833333
29,10833333
29,10833333
29,10833333
29,10833333
29,10833333
29,10833333
29,10833333
29,10833333
29,10833333
41,74583333
41,74583333
41,74583333
41,74583333
41,74583333
41,74583333
41,74583333
41,74583333
41,74583333
41,74583333
41,74583333
41,74583333
41,74583333
41,74583333
41,74583333
41,74583333
41,74583333
41,74583333
41,74583333
41,74583333
41,74583333
41,74583333
41,74583333
41,74583333
45,92083333
45,92083333
45,92083333
45,92083333
45,92083333
45,92083333
45,92083333
45,92083333
45,92083333
45,92083333
45,92083333
45,92083333
45,92083333
45,92083333
45,92083333
45,92083333
45,92083333
45,92083333
45,92083333
45,92083333
45,92083333
45,92083333
45,92083333
45,92083333
46,225
46,225
46,225
46,225
46,225
46,225
46,225
46,225
46,225
46,225
46,225
46,225
46,225
46,225
46,225
46,225
46,225
46,225
46,225
46,225
46,225
46,225
46,225
46,225
48,33333333
48,33333333
48,33333333
48,33333333
48,33333333
48,33333333
48,33333333
48,33333333
48,33333333
48,33333333
48,33333333
48,33333333
48,33333333
48,33333333
48,33333333
48,33333333
48,33333333
48,33333333
48,33333333
48,33333333
48,33333333
48,33333333
48,33333333
48,33333333
41,6
41,6
41,6
41,6
41,6
41,6
41,6
41,6
41,6
41,6
41,6
41,6
41,6
41,6
41,6
41,6
41,6
41,6
41,6
41,6
41,6
41,6
41,6
41,6
40,39583333
40,39583333
40,39583333
40,39583333
40,39583333
40,39583333
40,39583333
40,39583333
40,39583333
40,39583333
40,39583333
40,39583333
40,39583333
40,39583333
40,39583333
40,39583333
40,39583333
40,39583333
40,39583333
40,39583333
40,39583333
40,39583333
40,39583333
40,39583333
36,95833333
36,95833333
36,95833333
36,95833333
36,95833333
36,95833333
36,95833333
36,95833333
36,95833333
36,95833333
36,95833333
36,95833333
36,95833333
36,95833333
36,95833333
36,95833333
36,95833333
36,95833333
36,95833333
36,95833333
36,95833333
36,95833333
36,95833333
36,95833333
45,06666667
45,06666667
45,06666667
45,06666667
45,06666667
45,06666667
45,06666667
45,06666667
45,06666667
45,06666667
45,06666667
45,06666667
45,06666667
45,06666667
45,06666667
45,06666667
45,06666667
45,06666667
45,06666667
45,06666667
45,06666667
45,06666667
45,06666667
45,06666667
42,62083333
42,62083333
42,62083333
42,62083333
42,62083333
42,62083333
42,62083333
42,62083333
42,62083333
42,62083333
42,62083333
42,62083333
42,62083333
42,62083333
42,62083333
42,62083333
42,62083333
42,62083333
42,62083333
42,62083333
42,62083333
42,62083333
42,62083333
42,62083333
40,4125
40,4125
40,4125
40,4125
40,4125
40,4125
40,4125
40,4125
40,4125
40,4125
40,4125
40,4125
40,4125
40,4125
40,4125
40,4125
40,4125
40,4125
40,4125
40,4125
40,4125
40,4125
40,4125
40,4125
42,14583333
42,14583333
42,14583333
42,14583333
42,14583333
42,14583333
42,14583333
42,14583333
42,14583333
42,14583333
42,14583333
42,14583333
42,14583333
42,14583333
42,14583333
42,14583333
42,14583333
42,14583333
42,14583333
42,14583333
42,14583333
42,14583333
42,14583333
42,14583333
44,4875
44,4875
44,4875
44,4875
44,4875
44,4875
44,4875
44,4875
44,4875
44,4875
44,4875
44,4875
44,4875
44,4875
44,4875
44,4875
44,4875
44,4875
44,4875
44,4875
44,4875
44,4875
44,4875
44,4875
37,45416667
37,45416667
37,45416667
37,45416667
37,45416667
37,45416667
37,45416667
37,45416667
37,45416667
37,45416667
37,45416667
37,45416667
37,45416667
37,45416667
37,45416667
37,45416667
37,45416667
37,45416667
37,45416667
37,45416667
37,45416667
37,45416667
37,45416667
37,45416667
21,70833333
21,70833333
21,70833333
21,70833333
21,70833333
21,70833333
21,70833333
21,70833333
21,70833333
21,70833333
21,70833333
21,70833333
21,70833333
21,70833333
21,70833333
21,70833333
21,70833333
21,70833333
21,70833333
21,70833333
21,70833333
21,70833333
21,70833333
21,70833333
40,16666667
40,16666667
40,16666667
40,16666667
40,16666667
40,16666667
40,16666667
40,16666667
40,16666667
40,16666667
40,16666667
40,16666667
40,16666667
40,16666667
40,16666667
40,16666667
40,16666667
40,16666667
40,16666667
40,16666667
40,16666667
40,16666667
40,16666667
40,16666667
41,62083333
41,62083333
41,62083333
41,62083333
41,62083333
41,62083333
41,62083333
41,62083333
41,62083333
41,62083333
41,62083333
41,62083333
41,62083333
41,62083333
41,62083333
41,62083333
41,62083333
41,62083333
41,62083333
41,62083333
41,62083333
41,62083333
41,62083333
41,62083333
43,97916667
43,97916667
43,97916667
43,97916667
43,97916667
43,97916667
43,97916667
43,97916667
43,97916667
43,97916667
43,97916667
43,97916667
43,97916667
43,97916667
43,97916667
43,97916667
43,97916667
43,97916667
43,97916667
43,97916667
43,97916667
43,97916667
43,97916667
43,97916667
41,1375
41,1375
41,1375
41,1375
41,1375
41,1375
41,1375
41,1375
41,1375
41,1375
41,1375
41,1375
41,1375
41,1375
41,1375
41,1375
41,1375
41,1375
41,1375
41,1375
41,1375
41,1375
41,1375
41,1375
39,6125
39,6125
39,6125
39,6125
39,6125
39,6125
39,6125
39,6125
39,6125
39,6125
39,6125
39,6125
39,6125
39,6125
39,6125
39,6125
39,6125
39,6125
39,6125
39,6125
39,6125
39,6125
39,6125
39,6125
27,62083333
27,62083333
27,62083333
27,62083333
27,62083333
27,62083333
27,62083333
27,62083333
27,62083333
27,62083333
27,62083333
27,62083333
27,62083333
27,62083333
27,62083333
27,62083333
27,62083333
27,62083333
27,62083333
27,62083333
27,62083333
27,62083333
27,62083333
27,62083333
32,33333333
32,33333333
32,33333333
32,33333333
32,33333333
32,33333333
32,33333333
32,33333333
32,33333333
32,33333333
32,33333333
32,33333333
32,33333333
32,33333333
32,33333333
32,33333333
32,33333333
32,33333333
32,33333333
32,33333333
32,33333333
32,33333333
32,33333333
32,33333333
45,4875
45,4875
45,4875
45,4875
45,4875
45,4875
45,4875
45,4875
45,4875
45,4875
45,4875
45,4875
45,4875
45,4875
45,4875
45,4875
45,4875
45,4875
45,4875
45,4875
45,4875
45,4875
45,4875
45,4875
44,525
44,525
44,525
44,525
44,525
44,525
44,525
44,525
44,525
44,525
44,525
44,525
44,525
44,525
44,525
44,525
44,525
44,525
44,525
44,525
44,525
44,525
44,525
44,525
46,45416667
46,45416667
46,45416667
46,45416667
46,45416667
46,45416667
46,45416667
46,45416667
46,45416667
46,45416667
46,45416667
46,45416667
46,45416667
46,45416667
46,45416667
46,45416667
46,45416667
46,45416667
46,45416667
46,45416667
46,45416667
46,45416667
46,45416667
46,45416667
46,30416667
46,30416667
46,30416667
46,30416667
46,30416667
46,30416667
46,30416667
46,30416667
46,30416667
46,30416667
46,30416667
46,30416667
46,30416667
46,30416667
46,30416667
46,30416667
46,30416667
46,30416667
46,30416667
46,30416667
46,30416667
46,30416667
46,30416667
46,30416667
48,8875
48,8875
48,8875
48,8875
48,8875
48,8875
48,8875
48,8875
48,8875
48,8875
48,8875
48,8875
48,8875
48,8875
48,8875
48,8875
48,8875
48,8875
48,8875
48,8875
48,8875
48,8875
48,8875
48,8875
43,225
43,225
43,225
43,225
43,225
43,225
43,225
43,225
43,225
43,225
43,225
43,225
43,225
43,225
43,225
43,225
43,225
43,225
43,225
43,225
43,225
43,225
43,225
43,225
39,64583333
39,64583333
39,64583333
39,64583333
39,64583333
39,64583333
39,64583333
39,64583333
39,64583333
39,64583333
39,64583333
39,64583333
39,64583333
39,64583333
39,64583333
39,64583333
39,64583333
39,64583333
39,64583333
39,64583333
39,64583333
39,64583333
39,64583333
39,64583333
50,27916667
50,27916667
50,27916667
50,27916667
50,27916667
50,27916667
50,27916667
50,27916667
50,27916667
50,27916667
50,27916667
50,27916667
50,27916667
50,27916667
50,27916667
50,27916667
50,27916667
50,27916667
50,27916667
50,27916667
50,27916667
50,27916667
50,27916667
50,27916667
50,97083333
50,97083333
50,97083333
50,97083333
50,97083333
50,97083333
50,97083333
50,97083333
50,97083333
50,97083333
50,97083333
50,97083333
50,97083333
50,97083333
50,97083333
50,97083333
50,97083333
50,97083333
50,97083333
50,97083333
50,97083333
50,97083333
50,97083333
50,97083333
48,925
48,925
48,925
48,925
48,925
48,925
48,925
48,925
48,925
48,925
48,925
48,925
48,925
48,925
48,925
48,925
48,925
48,925
48,925
48,925
48,925
48,925
48,925
48,925
44,79583333
44,79583333
44,79583333
44,79583333
44,79583333
44,79583333
44,79583333
44,79583333
44,79583333
44,79583333
44,79583333
44,79583333
44,79583333
44,79583333
44,79583333
44,79583333
44,79583333
44,79583333
44,79583333
44,79583333
44,79583333
44,79583333
44,79583333
44,79583333
47,44583333
47,44583333
47,44583333
47,44583333
47,44583333
47,44583333
47,44583333
47,44583333
47,44583333
47,44583333
47,44583333
47,44583333
47,44583333
47,44583333
47,44583333
47,44583333
47,44583333
47,44583333
47,44583333
47,44583333
47,44583333
47,44583333
47,44583333
47,44583333
41,82083333
41,82083333
41,82083333
41,82083333
41,82083333
41,82083333
41,82083333
41,82083333
41,82083333
41,82083333
41,82083333
41,82083333
41,82083333
41,82083333
41,82083333
41,82083333
41,82083333
41,82083333
41,82083333
41,82083333
41,82083333
41,82083333
41,82083333
41,82083333
15,94583333
15,94583333
15,94583333
15,94583333
15,94583333
15,94583333
15,94583333
15,94583333
15,94583333
15,94583333
15,94583333
15,94583333
15,94583333
15,94583333
15,94583333
15,94583333
15,94583333
15,94583333
15,94583333
15,94583333
15,94583333
15,94583333
15,94583333
15,94583333
46,07916667
46,07916667
46,07916667
46,07916667
46,07916667
46,07916667
46,07916667
46,07916667
46,07916667
46,07916667
46,07916667
46,07916667
46,07916667
46,07916667
46,07916667
46,07916667
46,07916667
46,07916667
46,07916667
46,07916667
46,07916667
46,07916667
46,07916667
46,07916667
47,6125
47,6125
47,6125
47,6125
47,6125
47,6125
47,6125
47,6125
47,6125
47,6125
47,6125
47,6125
47,6125
47,6125
47,6125
47,6125
47,6125
47,6125
47,6125
47,6125
47,6125
47,6125
47,6125
47,6125
46,26666667
46,26666667
46,26666667
46,26666667
46,26666667
46,26666667
46,26666667
46,26666667
46,26666667
46,26666667
46,26666667
46,26666667
46,26666667
46,26666667
46,26666667
46,26666667
46,26666667
46,26666667
46,26666667
46,26666667
46,26666667
46,26666667
46,26666667
46,26666667
48,52916667
48,52916667
48,52916667
48,52916667
48,52916667
48,52916667
48,52916667
48,52916667
48,52916667
48,52916667
48,52916667
48,52916667
48,52916667
48,52916667
48,52916667
48,52916667
48,52916667
48,52916667
48,52916667
48,52916667
48,52916667
48,52916667
48,52916667
48,52916667
48,27916667
48,27916667
48,27916667
48,27916667
48,27916667
48,27916667
48,27916667
48,27916667
48,27916667
48,27916667
48,27916667
48,27916667
48,27916667
48,27916667
48,27916667
48,27916667
48,27916667
48,27916667
48,27916667
48,27916667
48,27916667
48,27916667
48,27916667
48,27916667
36,9125
36,9125
36,9125
36,9125
36,9125
36,9125
36,9125
36,9125
36,9125
36,9125
36,9125
36,9125
36,9125
36,9125
36,9125
36,9125
36,9125
36,9125
36,9125
36,9125
36,9125
36,9125
36,9125
36,9125
23,57083333
23,57083333
23,57083333
23,57083333
23,57083333
23,57083333
23,57083333
23,57083333
23,57083333
23,57083333
23,57083333
23,57083333
23,57083333
23,57083333
23,57083333
23,57083333
23,57083333
23,57083333
23,57083333
23,57083333
23,57083333
23,57083333
23,57083333
23,57083333
30,6375
30,6375
30,6375
30,6375
30,6375
30,6375
30,6375
30,6375
30,6375
30,6375
30,6375
30,6375
30,6375
30,6375
30,6375
30,6375
30,6375
30,6375
30,6375
30,6375
30,6375
30,6375
30,6375
30,6375
43,6
43,6
43,6
43,6
43,6
43,6
43,6
43,6
43,6
43,6
43,6
43,6
43,6
43,6
43,6
43,6
43,6
43,6
43,6
43,6
43,6
43,6
43,6
43,6
48,75833333
48,75833333
48,75833333
48,75833333
48,75833333
48,75833333
48,75833333
48,75833333
48,75833333
48,75833333
48,75833333
48,75833333
48,75833333
48,75833333
48,75833333
48,75833333
48,75833333
48,75833333
48,75833333
48,75833333
48,75833333
48,75833333
48,75833333
48,75833333
46,20833333
46,20833333
46,20833333
46,20833333
46,20833333
46,20833333
46,20833333
46,20833333
46,20833333
46,20833333
46,20833333
46,20833333
46,20833333
46,20833333
46,20833333
46,20833333
46,20833333
46,20833333
46,20833333
46,20833333
46,20833333
46,20833333
46,20833333
46,20833333
43,92916667
43,92916667
43,92916667
43,92916667
43,92916667
43,92916667
43,92916667
43,92916667
43,92916667
43,92916667
43,92916667
43,92916667
43,92916667
43,92916667
43,92916667
43,92916667
43,92916667
43,92916667
43,92916667
43,92916667
43,92916667
43,92916667
43,92916667
43,92916667
34,87916667
34,87916667
34,87916667
34,87916667
34,87916667
34,87916667
34,87916667
34,87916667
34,87916667
34,87916667
34,87916667
34,87916667
34,87916667
34,87916667
34,87916667
34,87916667
34,87916667
34,87916667
34,87916667
34,87916667
34,87916667
34,87916667
34,87916667
34,87916667
17,75416667
17,75416667
17,75416667
17,75416667
17,75416667
17,75416667
17,75416667
17,75416667
17,75416667
17,75416667
17,75416667
17,75416667
17,75416667
17,75416667
17,75416667
17,75416667
17,75416667
17,75416667
17,75416667
17,75416667
17,75416667
17,75416667
17,75416667
17,75416667
38,75833333
38,75833333
38,75833333
38,75833333
38,75833333
38,75833333
38,75833333
38,75833333
38,75833333
38,75833333
38,75833333
38,75833333
38,75833333
38,75833333
38,75833333
38,75833333
38,75833333
38,75833333
38,75833333
38,75833333
38,75833333
38,75833333
38,75833333
38,75833333
38,62916667
38,62916667
38,62916667
38,62916667
38,62916667
38,62916667
38,62916667
38,62916667
38,62916667
38,62916667
38,62916667
38,62916667
38,62916667
38,62916667
38,62916667
38,62916667
38,62916667
38,62916667
38,62916667
38,62916667
38,62916667
38,62916667
38,62916667
38,62916667
42,74166667
42,74166667
42,74166667
42,74166667
42,74166667
42,74166667
42,74166667
42,74166667
42,74166667
42,74166667
42,74166667
42,74166667
42,74166667
42,74166667
42,74166667
42,74166667
42,74166667
42,74166667
42,74166667
42,74166667
42,74166667
42,74166667
42,74166667
42,74166667
36,42083333
36,42083333
36,42083333
36,42083333
36,42083333
36,42083333
36,42083333
36,42083333
36,42083333
36,42083333
36,42083333
36,42083333
36,42083333
36,42083333
36,42083333
36,42083333
36,42083333
36,42083333
36,42083333
36,42083333
36,42083333
36,42083333
36,42083333
36,42083333
44,3875
44,3875
44,3875
44,3875
44,3875
44,3875
44,3875
44,3875
44,3875
44,3875
44,3875
44,3875
44,3875
44,3875
44,3875
44,3875
44,3875
44,3875
44,3875
44,3875
44,3875
44,3875
44,3875
44,3875
39,30416667
39,30416667
39,30416667
39,30416667
39,30416667
39,30416667
39,30416667
39,30416667
39,30416667
39,30416667
39,30416667
39,30416667
39,30416667
39,30416667
39,30416667
39,30416667
39,30416667
39,30416667
39,30416667
39,30416667
39,30416667
39,30416667
39,30416667
39,30416667
31,68333333
31,68333333
31,68333333
31,68333333
31,68333333
31,68333333
31,68333333
31,68333333
31,68333333
31,68333333
31,68333333
31,68333333
31,68333333
31,68333333
31,68333333
31,68333333
31,68333333
31,68333333
31,68333333
31,68333333
31,68333333
31,68333333
31,68333333
31,68333333
41,02083333
41,02083333
41,02083333
41,02083333
41,02083333
41,02083333
41,02083333
41,02083333
41,02083333
41,02083333
41,02083333
41,02083333
41,02083333
41,02083333
41,02083333
41,02083333
41,02083333
41,02083333
41,02083333
41,02083333
41,02083333
41,02083333
41,02083333
41,02083333
53,69583333
53,69583333
53,69583333
53,69583333
53,69583333
53,69583333
53,69583333
53,69583333
53,69583333
53,69583333
53,69583333
53,69583333
53,69583333
53,69583333
53,69583333
53,69583333
53,69583333
53,69583333
53,69583333
53,69583333
53,69583333
53,69583333
53,69583333
53,69583333
47,425
47,425
47,425
47,425
47,425
47,425
47,425
47,425
47,425
47,425
47,425
47,425
47,425
47,425
47,425
47,425
47,425
47,425
47,425
47,425
47,425
47,425
47,425
47,425
48,24166667
48,24166667
48,24166667
48,24166667
48,24166667
48,24166667
48,24166667
48,24166667
48,24166667
48,24166667
48,24166667
48,24166667
48,24166667
48,24166667
48,24166667
48,24166667
48,24166667
48,24166667
48,24166667
48,24166667
48,24166667
48,24166667
48,24166667
48,24166667
47,67916667
47,67916667
47,67916667
47,67916667
47,67916667
47,67916667
47,67916667
47,67916667
47,67916667
47,67916667
47,67916667
47,67916667
47,67916667
47,67916667
47,67916667
47,67916667
47,67916667
47,67916667
47,67916667
47,67916667
47,67916667
47,67916667
47,67916667
47,67916667
32,92083333
32,92083333
32,92083333
32,92083333
32,92083333
32,92083333
32,92083333
32,92083333
32,92083333
32,92083333
32,92083333
32,92083333
32,92083333
32,92083333
32,92083333
32,92083333
32,92083333
32,92083333
32,92083333
32,92083333
32,92083333
32,92083333
32,92083333
32,92083333
25,44166667
25,44166667
25,44166667
25,44166667
25,44166667
25,44166667
25,44166667
25,44166667
25,44166667
25,44166667
25,44166667
25,44166667
25,44166667
25,44166667
25,44166667
25,44166667
25,44166667
25,44166667
25,44166667
25,44166667
25,44166667
25,44166667
25,44166667
25,44166667
43,6
43,6
43,6
43,6
43,6
43,6
43,6
43,6
43,6
43,6
43,6
43,6
43,6
43,6
43,6
43,6
43,6
43,6
43,6
43,6
43,6
43,6
43,6
43,6
45,57083333
45,57083333
45,57083333
45,57083333
45,57083333
45,57083333
45,57083333
45,57083333
45,57083333
45,57083333
45,57083333
45,57083333
45,57083333
45,57083333
45,57083333
45,57083333
45,57083333
45,57083333
45,57083333
45,57083333
45,57083333
45,57083333
45,57083333
45,57083333
46,5875
46,5875
46,5875
46,5875
46,5875
46,5875
46,5875
46,5875
46,5875
46,5875
46,5875
46,5875
46,5875
46,5875
46,5875
46,5875
46,5875
46,5875
46,5875
46,5875
46,5875
46,5875
46,5875
46,5875
48,975
48,975
48,975
48,975
48,975
48,975
48,975
48,975
48,975
48,975
48,975
48,975
48,975
48,975
48,975
48,975
48,975
48,975
48,975
48,975
48,975
48,975
48,975
48,975
45,93333333
45,93333333
45,93333333
45,93333333
45,93333333
45,93333333
45,93333333
45,93333333
45,93333333
45,93333333
45,93333333
45,93333333
45,93333333
45,93333333
45,93333333
45,93333333
45,93333333
45,93333333
45,93333333
45,93333333
45,93333333
45,93333333
45,93333333
45,93333333
40,62916667
40,62916667
40,62916667
40,62916667
40,62916667
40,62916667
40,62916667
40,62916667
40,62916667
40,62916667
40,62916667
40,62916667
40,62916667
40,62916667
40,62916667
40,62916667
40,62916667
40,62916667
40,62916667
40,62916667
40,62916667
40,62916667
40,62916667
40,62916667
29,10416667
29,10416667
29,10416667
29,10416667
29,10416667
29,10416667
29,10416667
29,10416667
29,10416667
29,10416667
29,10416667
29,10416667
29,10416667
29,10416667
29,10416667
29,10416667
29,10416667
29,10416667
29,10416667
29,10416667
29,10416667
29,10416667
29,10416667
29,10416667
45,3125
45,3125
45,3125
45,3125
45,3125
45,3125
45,3125
45,3125
45,3125
45,3125
45,3125
45,3125
45,3125
45,3125
45,3125
45,3125
45,3125
45,3125
45,3125
45,3125
45,3125
45,3125
45,3125
45,3125
48,14166667
48,14166667
48,14166667
48,14166667
48,14166667
48,14166667
48,14166667
48,14166667
48,14166667
48,14166667
48,14166667
48,14166667
48,14166667
48,14166667
48,14166667
48,14166667
48,14166667
48,14166667
48,14166667
48,14166667
48,14166667
48,14166667
48,14166667
48,14166667
48,77083333
48,77083333
48,77083333
48,77083333
48,77083333
48,77083333
48,77083333
48,77083333
48,77083333
48,77083333
48,77083333
48,77083333
48,77083333
48,77083333
48,77083333
48,77083333
48,77083333
48,77083333
48,77083333
48,77083333
48,77083333
48,77083333
48,77083333
48,77083333
53,20416667
53,20416667
53,20416667
53,20416667
53,20416667
53,20416667
53,20416667
53,20416667
53,20416667
53,20416667
53,20416667
53,20416667
53,20416667
53,20416667
53,20416667
53,20416667
53,20416667
53,20416667
53,20416667
53,20416667
53,20416667
53,20416667
53,20416667
53,20416667
45,975
45,975
45,975
45,975
45,975
45,975
45,975
45,975
45,975
45,975
45,975
45,975
45,975
45,975
45,975
45,975
45,975
45,975
45,975
45,975
45,975
45,975
45,975
45,975
41,6625
41,6625
41,6625
41,6625
41,6625
41,6625
41,6625
41,6625
41,6625
41,6625
41,6625
41,6625
41,6625
41,6625
41,6625
41,6625
41,6625
41,6625
41,6625
41,6625
41,6625
41,6625
41,6625
41,6625
38,19166667
38,19166667
38,19166667
38,19166667
38,19166667
38,19166667
38,19166667
38,19166667
38,19166667
38,19166667
38,19166667
38,19166667
38,19166667
38,19166667
38,19166667
38,19166667
38,19166667
38,19166667
38,19166667
38,19166667
38,19166667
38,19166667
38,19166667
38,19166667
50,9875
50,9875
50,9875
50,9875
50,9875
50,9875
50,9875
50,9875
50,9875
50,9875
50,9875
50,9875
50,9875
50,9875
50,9875
50,9875
50,9875
50,9875
50,9875
50,9875
50,9875
50,9875
50,9875
50,9875
46,91666667
46,91666667
46,91666667
46,91666667
46,91666667
46,91666667
46,91666667
46,91666667
46,91666667
46,91666667
46,91666667
46,91666667
46,91666667
46,91666667
46,91666667
46,91666667
46,91666667
46,91666667
46,91666667
46,91666667
46,91666667
46,91666667
46,91666667
46,91666667
51,15833333
51,15833333
51,15833333
51,15833333
51,15833333
51,15833333
51,15833333
51,15833333
51,15833333
51,15833333
51,15833333
51,15833333
51,15833333
51,15833333
51,15833333
51,15833333
51,15833333
51,15833333
51,15833333
51,15833333
51,15833333
51,15833333
51,15833333
51,15833333
53,57083333
53,57083333
53,57083333
53,57083333
53,57083333
53,57083333
53,57083333
53,57083333
53,57083333
53,57083333
53,57083333
53,57083333
53,57083333
53,57083333
53,57083333
53,57083333
53,57083333
53,57083333
53,57083333
53,57083333
53,57083333
53,57083333
53,57083333
53,57083333
51,63333333
51,63333333
51,63333333
51,63333333
51,63333333
51,63333333
51,63333333
51,63333333
51,63333333
51,63333333
51,63333333
51,63333333
51,63333333
51,63333333
51,63333333
51,63333333
51,63333333
51,63333333
51,63333333
51,63333333
51,63333333
51,63333333
51,63333333
51,63333333
43,16666667
43,16666667
43,16666667
43,16666667
43,16666667
43,16666667
43,16666667
43,16666667
43,16666667
43,16666667
43,16666667
43,16666667
43,16666667
43,16666667
43,16666667
43,16666667
43,16666667
43,16666667
43,16666667
43,16666667
43,16666667
43,16666667
43,16666667
43,16666667
36,67083333
36,67083333
36,67083333
36,67083333
36,67083333
36,67083333
36,67083333
36,67083333
36,67083333
36,67083333
36,67083333
36,67083333
36,67083333
36,67083333
36,67083333
36,67083333
36,67083333
36,67083333
36,67083333
36,67083333
36,67083333
36,67083333
36,67083333
36,67083333
50,40833333
50,40833333
50,40833333
50,40833333
50,40833333
50,40833333
50,40833333
50,40833333
50,40833333
50,40833333
50,40833333
50,40833333
50,40833333
50,40833333
50,40833333
50,40833333
50,40833333
50,40833333
50,40833333
50,40833333
50,40833333
50,40833333
50,40833333
50,40833333
47,20833333
47,20833333
47,20833333
47,20833333
47,20833333
47,20833333
47,20833333
47,20833333
47,20833333
47,20833333
47,20833333
47,20833333
47,20833333
47,20833333
47,20833333
47,20833333
47,20833333
47,20833333
47,20833333
47,20833333
47,20833333
47,20833333
47,20833333
47,20833333
49,35
49,35
49,35
49,35
49,35
49,35
49,35
49,35
49,35
49,35
49,35
49,35
49,35
49,35
49,35
49,35
49,35
49,35
49,35
49,35
49,35
49,35
49,35
49,35
52,23333333
52,23333333
52,23333333
52,23333333
52,23333333
52,23333333
52,23333333
52,23333333
52,23333333
52,23333333
52,23333333
52,23333333
52,23333333
52,23333333
52,23333333
52,23333333
52,23333333
52,23333333
52,23333333
52,23333333
52,23333333
52,23333333
52,23333333
52,23333333
54,19583333
54,19583333
54,19583333
54,19583333
54,19583333
54,19583333
54,19583333
54,19583333
54,19583333
54,19583333
54,19583333
54,19583333
54,19583333
54,19583333
54,19583333
54,19583333
54,19583333
54,19583333
54,19583333
54,19583333
54,19583333
54,19583333
54,19583333
54,19583333
46,8375
46,8375
46,8375
46,8375
46,8375
46,8375
46,8375
46,8375
46,8375
46,8375
46,8375
46,8375
46,8375
46,8375
46,8375
46,8375
46,8375
46,8375
46,8375
46,8375
46,8375
46,8375
46,8375
46,8375
38,74166667
38,74166667
38,74166667
38,74166667
38,74166667
38,74166667
38,74166667
38,74166667
38,74166667
38,74166667
38,74166667
38,74166667
38,74166667
38,74166667
38,74166667
38,74166667
38,74166667
38,74166667
38,74166667
38,74166667
38,74166667
38,74166667
38,74166667
38,74166667
52,64583333
52,64583333
52,64583333
52,64583333
52,64583333
52,64583333
52,64583333
52,64583333
52,64583333
52,64583333
52,64583333
52,64583333
52,64583333
52,64583333
52,64583333
52,64583333
52,64583333
52,64583333
52,64583333
52,64583333
52,64583333
52,64583333
52,64583333
52,64583333
53,30416667
53,30416667
53,30416667
53,30416667
53,30416667
53,30416667
53,30416667
53,30416667
53,30416667
53,30416667
53,30416667
53,30416667
53,30416667
53,30416667
53,30416667
53,30416667
53,30416667
53,30416667
53,30416667
53,30416667
53,30416667
53,30416667
53,30416667
53,30416667
50,96666667
50,96666667
50,96666667
50,96666667
50,96666667
50,96666667
50,96666667
50,96666667
50,96666667
50,96666667
50,96666667
50,96666667
50,96666667
50,96666667
50,96666667
50,96666667
50,96666667
50,96666667
50,96666667
50,96666667
50,96666667
50,96666667
50,96666667
50,96666667
49,07916667
49,07916667
49,07916667
49,07916667
49,07916667
49,07916667
49,07916667
49,07916667
49,07916667
49,07916667
49,07916667
49,07916667
49,07916667
49,07916667
49,07916667
49,07916667
49,07916667
49,07916667
49,07916667
49,07916667
49,07916667
49,07916667
49,07916667
49,07916667
48,99166667
48,99166667
48,99166667
48,99166667
48,99166667
48,99166667
48,99166667
48,99166667
48,99166667
48,99166667
48,99166667
48,99166667
48,99166667
48,99166667
48,99166667
48,99166667
48,99166667
48,99166667
48,99166667
48,99166667
48,99166667
48,99166667
48,99166667
48,99166667
45,05833333
45,05833333
45,05833333
45,05833333
45,05833333
45,05833333
45,05833333
45,05833333
45,05833333
45,05833333
45,05833333
45,05833333
45,05833333
45,05833333
45,05833333
45,05833333
45,05833333
45,05833333
45,05833333
45,05833333
45,05833333
45,05833333
45,05833333
45,05833333
34,9625
34,9625
34,9625
34,9625
34,9625
34,9625
34,9625
34,9625
34,9625
34,9625
34,9625
34,9625
34,9625
34,9625
34,9625
34,9625
34,9625
34,9625
34,9625
34,9625
34,9625
34,9625
34,9625
34,9625
48,22083333
48,22083333
48,22083333
48,22083333
48,22083333
48,22083333
48,22083333
48,22083333
48,22083333
48,22083333
48,22083333
48,22083333
48,22083333
48,22083333
48,22083333
48,22083333
48,22083333
48,22083333
48,22083333
48,22083333
48,22083333
48,22083333
48,22083333
48,22083333
50,12916667
50,12916667
50,12916667
50,12916667
50,12916667
50,12916667
50,12916667
50,12916667
50,12916667
50,12916667
50,12916667
50,12916667
50,12916667
50,12916667
50,12916667
50,12916667
50,12916667
50,12916667
50,12916667
50,12916667
50,12916667
50,12916667
50,12916667
50,12916667
48,80833333
48,80833333
48,80833333
48,80833333
48,80833333
48,80833333
48,80833333
48,80833333
48,80833333
48,80833333
48,80833333
48,80833333
48,80833333
48,80833333
48,80833333
48,80833333
48,80833333
48,80833333
48,80833333
48,80833333
48,80833333
48,80833333
48,80833333
48,80833333
48,92083333
48,92083333
48,92083333
48,92083333
48,92083333
48,92083333
48,92083333
48,92083333
48,92083333
48,92083333
48,92083333
48,92083333
48,92083333
48,92083333
48,92083333
48,92083333
48,92083333
48,92083333
48,92083333
48,92083333
48,92083333
48,92083333
48,92083333
48,92083333
46,925
46,925
46,925
46,925
46,925
46,925
46,925
46,925
46,925
46,925
46,925
46,925
46,925
46,925
46,925
46,925
46,925
46,925
46,925
46,925
46,925
46,925
46,925
46,925
40,27083333
40,27083333
40,27083333
40,27083333
40,27083333
40,27083333
40,27083333
40,27083333
40,27083333
40,27083333
40,27083333
40,27083333
40,27083333
40,27083333
40,27083333
40,27083333
40,27083333
40,27083333
40,27083333
40,27083333
40,27083333
40,27083333
40,27083333
40,27083333
24,8
24,8
24,8
24,8
24,8
24,8
24,8
24,8
24,8
24,8
24,8
24,8
24,8
24,8
24,8
24,8
24,8
24,8
24,8
24,8
24,8
24,8
24,8
24,8
45,10416667
45,10416667
45,10416667
45,10416667
45,10416667
45,10416667
45,10416667
45,10416667
45,10416667
45,10416667
45,10416667
45,10416667
45,10416667
45,10416667
45,10416667
45,10416667
45,10416667
45,10416667
45,10416667
45,10416667
45,10416667
45,10416667
45,10416667
45,10416667
45,25416667
45,25416667
45,25416667
45,25416667
45,25416667
45,25416667
45,25416667
45,25416667
45,25416667
45,25416667
45,25416667
45,25416667
45,25416667
45,25416667
45,25416667
45,25416667
45,25416667
45,25416667
45,25416667
45,25416667
45,25416667
45,25416667
45,25416667
45,25416667
42,87916667
42,87916667
42,87916667
42,87916667
42,87916667
42,87916667
42,87916667
42,87916667
42,87916667
42,87916667
42,87916667
42,87916667
42,87916667
42,87916667
42,87916667
42,87916667
42,87916667
42,87916667
42,87916667
42,87916667
42,87916667
42,87916667
42,87916667
42,87916667
44,0375
44,0375
44,0375
44,0375
44,0375
44,0375
44,0375
44,0375
44,0375
44,0375
44,0375
44,0375
44,0375
44,0375
44,0375
44,0375
44,0375
44,0375
44,0375
44,0375
44,0375
44,0375
44,0375
44,0375
39,26666667
39,26666667
39,26666667
39,26666667
39,26666667
39,26666667
39,26666667
39,26666667
39,26666667
39,26666667
39,26666667
39,26666667
39,26666667
39,26666667
39,26666667
39,26666667
39,26666667
39,26666667
39,26666667
39,26666667
39,26666667
39,26666667
39,26666667
39,26666667
37,10416667
37,10416667
37,10416667
37,10416667
37,10416667
37,10416667
37,10416667
37,10416667
37,10416667
37,10416667
37,10416667
37,10416667
37,10416667
37,10416667
37,10416667
37,10416667
37,10416667
37,10416667
37,10416667
37,10416667
37,10416667
37,10416667
37,10416667
37,10416667
27,75416667
27,75416667
27,75416667
27,75416667
27,75416667
27,75416667
27,75416667
27,75416667
27,75416667
27,75416667
27,75416667
27,75416667
27,75416667
27,75416667
27,75416667
27,75416667
27,75416667
27,75416667
27,75416667
27,75416667
27,75416667
27,75416667
27,75416667
27,75416667
40,7375
40,7375
40,7375
40,7375
40,7375
40,7375
40,7375
40,7375
40,7375
40,7375
40,7375
40,7375
40,7375
40,7375
40,7375
40,7375
40,7375
40,7375
40,7375
40,7375
40,7375
40,7375
40,7375
40,7375
41,37916667
41,37916667
41,37916667
41,37916667
41,37916667
41,37916667
41,37916667
41,37916667
41,37916667
41,37916667
41,37916667
41,37916667
41,37916667
41,37916667
41,37916667
41,37916667
41,37916667
41,37916667
41,37916667
41,37916667
41,37916667
41,37916667
41,37916667
41,37916667
39,20416667
39,20416667
39,20416667
39,20416667
39,20416667
39,20416667
39,20416667
39,20416667
39,20416667
39,20416667
39,20416667
39,20416667
39,20416667
39,20416667
39,20416667
39,20416667
39,20416667
39,20416667
39,20416667
39,20416667
39,20416667
39,20416667
39,20416667
39,20416667
38,50416667
38,50416667
38,50416667
38,50416667
38,50416667
38,50416667
38,50416667
38,50416667
38,50416667
38,50416667
38,50416667
38,50416667
38,50416667
38,50416667
38,50416667
38,50416667
38,50416667
38,50416667
38,50416667
38,50416667
38,50416667
38,50416667
38,50416667
38,50416667
40,55416667
40,55416667
40,55416667
40,55416667
40,55416667
40,55416667
40,55416667
40,55416667
40,55416667
40,55416667
40,55416667
40,55416667
40,55416667
40,55416667
40,55416667
40,55416667
40,55416667
40,55416667
40,55416667
40,55416667
40,55416667
40,55416667
40,55416667
40,55416667
32,64166667
32,64166667
32,64166667
32,64166667
32,64166667
32,64166667
32,64166667
32,64166667
32,64166667
32,64166667
32,64166667
32,64166667
32,64166667
32,64166667
32,64166667
32,64166667
32,64166667
32,64166667
32,64166667
32,64166667
32,64166667
32,64166667
32,64166667
32,64166667
25,97083333
25,97083333
25,97083333
25,97083333
25,97083333
25,97083333
25,97083333
25,97083333
25,97083333
25,97083333
25,97083333
25,97083333
25,97083333
25,97083333
25,97083333
25,97083333
25,97083333
25,97083333
25,97083333
25,97083333
25,97083333
25,97083333
25,97083333
25,97083333
40,25833333
40,25833333
40,25833333
40,25833333
40,25833333
40,25833333
40,25833333
40,25833333
40,25833333
40,25833333
40,25833333
40,25833333
40,25833333
40,25833333
40,25833333
40,25833333
40,25833333
40,25833333
40,25833333
40,25833333
40,25833333
40,25833333
40,25833333
40,25833333
42,89583333
42,89583333
42,89583333
42,89583333
42,89583333
42,89583333
42,89583333
42,89583333
42,89583333
42,89583333
42,89583333
42,89583333
42,89583333
42,89583333
42,89583333
42,89583333
42,89583333
42,89583333
42,89583333
42,89583333
42,89583333
42,89583333
42,89583333
42,89583333
42,525
42,525
42,525
42,525
42,525
42,525
42,525
42,525
42,525
42,525
42,525
42,525
42,525
42,525
42,525
42,525
42,525
42,525
42,525
42,525
42,525
42,525
42,525
42,525
43,96666667
43,96666667
43,96666667
43,96666667
43,96666667
43,96666667
43,96666667
43,96666667
43,96666667
43,96666667
43,96666667
43,96666667
43,96666667
43,96666667
43,96666667
43,96666667
43,96666667
43,96666667
43,96666667
43,96666667
43,96666667
43,96666667
43,96666667
43,96666667
44,76666667
44,76666667
44,76666667
44,76666667
44,76666667
44,76666667
44,76666667
44,76666667
44,76666667
44,76666667
44,76666667
44,76666667
44,76666667
44,76666667
44,76666667
44,76666667
44,76666667
44,76666667
44,76666667
44,76666667
44,76666667
44,76666667
44,76666667
44,76666667
40,50833333
40,50833333
40,50833333
40,50833333
40,50833333
40,50833333
40,50833333
40,50833333
40,50833333
40,50833333
40,50833333
40,50833333
40,50833333
40,50833333
40,50833333
40,50833333
40,50833333
40,50833333
40,50833333
40,50833333
40,50833333
40,50833333
40,50833333
40,50833333
29,00833333
29,00833333
29,00833333
29,00833333
29,00833333
29,00833333
29,00833333
29,00833333
29,00833333
29,00833333
29,00833333
29,00833333
29,00833333
29,00833333
29,00833333
29,00833333
29,00833333
29,00833333
29,00833333
29,00833333
29,00833333
29,00833333
29,00833333
29,00833333
41,3875
41,3875
41,3875
41,3875
41,3875
41,3875
41,3875
41,3875
41,3875
41,3875
41,3875
41,3875
41,3875
41,3875
41,3875
41,3875
41,3875
41,3875
41,3875
41,3875
41,3875
41,3875
41,3875
41,3875
41,35833333
41,35833333
41,35833333
41,35833333
41,35833333
41,35833333
41,35833333
41,35833333
41,35833333
41,35833333
41,35833333
41,35833333
41,35833333
41,35833333
41,35833333
41,35833333
41,35833333
41,35833333
41,35833333
41,35833333
41,35833333
41,35833333
41,35833333
41,35833333
39,57916667
39,57916667
39,57916667
39,57916667
39,57916667
39,57916667
39,57916667
39,57916667
39,57916667
39,57916667
39,57916667
39,57916667
39,57916667
39,57916667
39,57916667
39,57916667
39,57916667
39,57916667
39,57916667
39,57916667
39,57916667
39,57916667
39,57916667
39,57916667
41,02916667
41,02916667
41,02916667
41,02916667
41,02916667
41,02916667
41,02916667
41,02916667
41,02916667
41,02916667
41,02916667
41,02916667
41,02916667
41,02916667
41,02916667
41,02916667
41,02916667
41,02916667
41,02916667
41,02916667
41,02916667
41,02916667
41,02916667
41,02916667
44,8125
44,8125
44,8125
44,8125
44,8125
44,8125
44,8125
44,8125
44,8125
44,8125
44,8125
44,8125
44,8125
44,8125
44,8125
44,8125
44,8125
44,8125
44,8125
44,8125
44,8125
44,8125
44,8125
44,8125
37,44166667
37,44166667
37,44166667
37,44166667
37,44166667
37,44166667
37,44166667
37,44166667
37,44166667
37,44166667
37,44166667
37,44166667
37,44166667
37,44166667
37,44166667
37,44166667
37,44166667
37,44166667
37,44166667
37,44166667
37,44166667
37,44166667
37,44166667
37,44166667
29,86666667
29,86666667
29,86666667
29,86666667
29,86666667
29,86666667
29,86666667
29,86666667
29,86666667
29,86666667
29,86666667
29,86666667
29,86666667
29,86666667
29,86666667
29,86666667
29,86666667
29,86666667
29,86666667
29,86666667
29,86666667
29,86666667
29,86666667
29,86666667
44,5875
44,5875
44,5875
44,5875
44,5875
44,5875
44,5875
44,5875
44,5875
44,5875
44,5875
44,5875
44,5875
44,5875
44,5875
44,5875
44,5875
44,5875
44,5875
44,5875
44,5875
44,5875
44,5875
44,5875
38,8625
38,8625
38,8625
38,8625
38,8625
38,8625
38,8625
38,8625
38,8625
38,8625
38,8625
38,8625
38,8625
38,8625
38,8625
38,8625
38,8625
38,8625
38,8625
38,8625
38,8625
38,8625
38,8625
38,8625
41,33020833
41,33020833
41,33020833
41,33020833
41,33020833
41,33020833
41,33020833
41,33020833
41,33020833
41,33020833
41,33020833
41,33020833
41,33020833
41,33020833
41,33020833
41,33020833
41,33020833
41,33020833
41,33020833
41,33020833
41,33020833
41,33020833
41,33020833
41,33020833
49,10833333
49,10833333
49,10833333
49,10833333
49,10833333
49,10833333
49,10833333
49,10833333
49,10833333
49,10833333
49,10833333
49,10833333
49,10833333
49,10833333
49,10833333
49,10833333
49,10833333
49,10833333
49,10833333
49,10833333
49,10833333
49,10833333
49,10833333
49,10833333
52,33333333
52,33333333
52,33333333
52,33333333
52,33333333
52,33333333
52,33333333
52,33333333
52,33333333
52,33333333
52,33333333
52,33333333
52,33333333
52,33333333
52,33333333
52,33333333
52,33333333
52,33333333
52,33333333
52,33333333
52,33333333
52,33333333
52,33333333
52,33333333
43,52916667
43,52916667
43,52916667
43,52916667
43,52916667
43,52916667
43,52916667
43,52916667
43,52916667
43,52916667
43,52916667
43,52916667
43,52916667
43,52916667
43,52916667
43,52916667
43,52916667
43,52916667
43,52916667
43,52916667
43,52916667
43,52916667
43,52916667
43,52916667
27,79583333
27,79583333
27,79583333
27,79583333
27,79583333
27,79583333
27,79583333
27,79583333
27,79583333
27,79583333
27,79583333
27,79583333
27,79583333
27,79583333
27,79583333
27,79583333
27,79583333
27,79583333
27,79583333
27,79583333
27,79583333
27,79583333
27,79583333
27,79583333
42,20416667
42,20416667
42,20416667
42,20416667
42,20416667
42,20416667
42,20416667
42,20416667
42,20416667
42,20416667
42,20416667
42,20416667
42,20416667
42,20416667
42,20416667
42,20416667
42,20416667
42,20416667
42,20416667
42,20416667
42,20416667
42,20416667
42,20416667
42,20416667
47,77083333
47,77083333
47,77083333
47,77083333
47,77083333
47,77083333
47,77083333
47,77083333
47,77083333
47,77083333
47,77083333
47,77083333
47,77083333
47,77083333
47,77083333
47,77083333
47,77083333
47,77083333
47,77083333
47,77083333
47,77083333
47,77083333
47,77083333
47,77083333
44,825
44,825
44,825
44,825
44,825
44,825
44,825
44,825
44,825
44,825
44,825
44,825
44,825
44,825
44,825
44,825
44,825
44,825
44,825
44,825
44,825
44,825
44,825
44,825
47,05833333
47,05833333
47,05833333
47,05833333
47,05833333
47,05833333
47,05833333
47,05833333
47,05833333
47,05833333
47,05833333
47,05833333
47,05833333
47,05833333
47,05833333
47,05833333
47,05833333
47,05833333
47,05833333
47,05833333
47,05833333
47,05833333
47,05833333
47,05833333
48,03333333
48,03333333
48,03333333
48,03333333
48,03333333
48,03333333
48,03333333
48,03333333
48,03333333
48,03333333
48,03333333
48,03333333
48,03333333
48,03333333
48,03333333
48,03333333
48,03333333
48,03333333
48,03333333
48,03333333
48,03333333
48,03333333
48,03333333
48,03333333
45,35833333
45,35833333
45,35833333
45,35833333
45,35833333
45,35833333
45,35833333
45,35833333
45,35833333
45,35833333
45,35833333
45,35833333
45,35833333
45,35833333
45,35833333
45,35833333
45,35833333
45,35833333
45,35833333
45,35833333
45,35833333
45,35833333
45,35833333
45,35833333
39,74583333
39,74583333
39,74583333
39,74583333
39,74583333
39,74583333
39,74583333
39,74583333
39,74583333
39,74583333
39,74583333
39,74583333
39,74583333
39,74583333
39,74583333
39,74583333
39,74583333
39,74583333
39,74583333
39,74583333
39,74583333
39,74583333
39,74583333
39,74583333
43,4125
43,4125
43,4125
43,4125
43,4125
43,4125
43,4125
43,4125
43,4125
43,4125
43,4125
43,4125
43,4125
43,4125
43,4125
43,4125
43,4125
43,4125
43,4125
43,4125
43,4125
43,4125
43,4125
43,4125
39,39270833
39,39270833
39,39270833
39,39270833
39,39270833
39,39270833
39,39270833
39,39270833
39,39270833
39,39270833
39,39270833
39,39270833
39,39270833
39,39270833
39,39270833
39,39270833
39,39270833
39,39270833
39,39270833
39,39270833
39,39270833
39,39270833
39,39270833
39,39270833
41,99166667
41,99166667
41,99166667
41,99166667
41,99166667
41,99166667
41,99166667
41,99166667
41,99166667
41,99166667
41,99166667
41,99166667
41,99166667
41,99166667
41,99166667
41,99166667
41,99166667
41,99166667
41,99166667
41,99166667
41,99166667
41,99166667
41,99166667
41,99166667
43,98333333
43,98333333
43,98333333
43,98333333
43,98333333
43,98333333
43,98333333
43,98333333
43,98333333
43,98333333
43,98333333
43,98333333
43,98333333
43,98333333
43,98333333
43,98333333
43,98333333
43,98333333
43,98333333
43,98333333
43,98333333
43,98333333
43,98333333
43,98333333
48,42916667
48,42916667
48,42916667
48,42916667
48,42916667
48,42916667
48,42916667
48,42916667
48,42916667
48,42916667
48,42916667
48,42916667
48,42916667
48,42916667
48,42916667
48,42916667
48,42916667
48,42916667
48,42916667
48,42916667
48,42916667
48,42916667
48,42916667
48,42916667
40,31666667
40,31666667
40,31666667
40,31666667
40,31666667
40,31666667
40,31666667
40,31666667
40,31666667
40,31666667
40,31666667
40,31666667
40,31666667
40,31666667
40,31666667
40,31666667
40,31666667
40,31666667
40,31666667
40,31666667
40,31666667
40,31666667
40,31666667
40,31666667
33,90833333
33,90833333
33,90833333
33,90833333
33,90833333
33,90833333
33,90833333
33,90833333
33,90833333
33,90833333
33,90833333
33,90833333
33,90833333
33,90833333
33,90833333
33,90833333
33,90833333
33,90833333
33,90833333
33,90833333
33,90833333
33,90833333
33,90833333
33,90833333
50,85
50,85
50,85
50,85
50,85
50,85
50,85
50,85
50,85
50,85
50,85
50,85
50,85
50,85
50,85
50,85
50,85
50,85
50,85
50,85
50,85
50,85
50,85
50,85
45,74166667
45,74166667
45,74166667
45,74166667
45,74166667
45,74166667
45,74166667
45,74166667
45,74166667
45,74166667
45,74166667
45,74166667
45,74166667
45,74166667
45,74166667
45,74166667
45,74166667
45,74166667
45,74166667
45,74166667
45,74166667
45,74166667
45,74166667
45,74166667
43,89583333
43,89583333
43,89583333
43,89583333
43,89583333
43,89583333
43,89583333
43,89583333
43,89583333
43,89583333
43,89583333
43,89583333
43,89583333
43,89583333
43,89583333
43,89583333
43,89583333
43,89583333
43,89583333
43,89583333
43,89583333
43,89583333
43,89583333
43,89583333
46,275
46,275
46,275
46,275
46,275
46,275
46,275
46,275
46,275
46,275
46,275
46,275
46,275
46,275
46,275
46,275
46,275
46,275
46,275
46,275
46,275
46,275
46,275
46,275
44,76666667
44,76666667
44,76666667
44,76666667
44,76666667
44,76666667
44,76666667
44,76666667
44,76666667
44,76666667
44,76666667
44,76666667
44,76666667
44,76666667
44,76666667
44,76666667
44,76666667
44,76666667
44,76666667
44,76666667
44,76666667
44,76666667
44,76666667
44,76666667
41,72916667
41,72916667
41,72916667
41,72916667
41,72916667
41,72916667
41,72916667
41,72916667
41,72916667
41,72916667
41,72916667
41,72916667
41,72916667
41,72916667
41,72916667
41,72916667
41,72916667
41,72916667
41,72916667
41,72916667
41,72916667
41,72916667
41,72916667
41,72916667
33,85
33,85
33,85
33,85
33,85
33,85
33,85
33,85
33,85
33,85
33,85
33,85
33,85
33,85
33,85
33,85
33,85
33,85
33,85
33,85
33,85
33,85
33,85
33,85
42,18333333
42,18333333
42,18333333
42,18333333
42,18333333
42,18333333
42,18333333
42,18333333
42,18333333
42,18333333
42,18333333
42,18333333
42,18333333
42,18333333
42,18333333
42,18333333
42,18333333
42,18333333
42,18333333
42,18333333
42,18333333
42,18333333
42,18333333
42,18333333
48,35416667
48,35416667
48,35416667
48,35416667
48,35416667
48,35416667
48,35416667
48,35416667
48,35416667
48,35416667
48,35416667
48,35416667
48,35416667
48,35416667
48,35416667
48,35416667
48,35416667
48,35416667
48,35416667
48,35416667
48,35416667
48,35416667
48,35416667
48,35416667
50,60416667
50,60416667
50,60416667
50,60416667
50,60416667
50,60416667
50,60416667
50,60416667
50,60416667
50,60416667
50,60416667
50,60416667
50,60416667
50,60416667
50,60416667
50,60416667
50,60416667
50,60416667
50,60416667
50,60416667
50,60416667
50,60416667
50,60416667
50,60416667
50,77916667
50,77916667
50,77916667
50,77916667
50,77916667
50,77916667
50,77916667
50,77916667
50,77916667
50,77916667
50,77916667
50,77916667
50,77916667
50,77916667
50,77916667
50,77916667
50,77916667
50,77916667
50,77916667
50,77916667
50,77916667
50,77916667
50,77916667
50,77916667
47,92916667
47,92916667
47,92916667
47,92916667
47,92916667
47,92916667
47,92916667
47,92916667
47,92916667
47,92916667
47,92916667
47,92916667
47,92916667
47,92916667
47,92916667
47,92916667
47,92916667
47,92916667
47,92916667
47,92916667
47,92916667
47,92916667
47,92916667
47,92916667
45,0875
45,0875
45,0875
45,0875
45,0875
45,0875
45,0875
45,0875
45,0875
45,0875
45,0875
45,0875
45,0875
45,0875
45,0875
45,0875
45,0875
45,0875
45,0875
45,0875
45,0875
45,0875
45,0875
45,0875
45,7125
45,7125
45,7125
45,7125
45,7125
45,7125
45,7125
45,7125
45,7125
45,7125
45,7125
45,7125
45,7125
45,7125
45,7125
45,7125
45,7125
45,7125
45,7125
45,7125
45,7125
45,7125
45,7125
45,7125
54,6
54,6
54,6
54,6
54,6
54,6
54,6
54,6
54,6
54,6
54,6
54,6
54,6
54,6
54,6
54,6
54,6
54,6
54,6
54,6
54,6
54,6
54,6
54,6
53,47083333
53,47083333
53,47083333
53,47083333
53,47083333
53,47083333
53,47083333
53,47083333
53,47083333
53,47083333
53,47083333
53,47083333
53,47083333
53,47083333
53,47083333
53,47083333
53,47083333
53,47083333
53,47083333
53,47083333
53,47083333
53,47083333
53,47083333
53,47083333
56,25833333
56,25833333
56,25833333
56,25833333
56,25833333
56,25833333
56,25833333
56,25833333
56,25833333
56,25833333
56,25833333
56,25833333
56,25833333
56,25833333
56,25833333
56,25833333
56,25833333
56,25833333
56,25833333
56,25833333
56,25833333
56,25833333
56,25833333
56,25833333
57,25416667
57,25416667
57,25416667
57,25416667
57,25416667
57,25416667
57,25416667
57,25416667
57,25416667
57,25416667
57,25416667
57,25416667
57,25416667
57,25416667
57,25416667
57,25416667
57,25416667
57,25416667
57,25416667
57,25416667
57,25416667
57,25416667
57,25416667
57,25416667
55,24166667
55,24166667
55,24166667
55,24166667
55,24166667
55,24166667
55,24166667
55,24166667
55,24166667
55,24166667
55,24166667
55,24166667
55,24166667
55,24166667
55,24166667
55,24166667
55,24166667
55,24166667
55,24166667
55,24166667
55,24166667
55,24166667
55,24166667
55,24166667
44,84583333
44,84583333
44,84583333
44,84583333
44,84583333
44,84583333
44,84583333
44,84583333
44,84583333
44,84583333
44,84583333
44,84583333
44,84583333
44,84583333
44,84583333
44,84583333
44,84583333
44,84583333
44,84583333
44,84583333
44,84583333
44,84583333
44,84583333
44,84583333
42,075
42,075
42,075
42,075
42,075
42,075
42,075
42,075
42,075
42,075
42,075
42,075
42,075
42,075
42,075
42,075
42,075
42,075
42,075
42,075
42,075
42,075
42,075
42,075
43,37916667
43,37916667
43,37916667
43,37916667
43,37916667
43,37916667
43,37916667
43,37916667
43,37916667
43,37916667
43,37916667
43,37916667
43,37916667
43,37916667
43,37916667
43,37916667
43,37916667
43,37916667
43,37916667
43,37916667
43,37916667
43,37916667
43,37916667
43,37916667
52,075
52,075
52,075
52,075
52,075
52,075
52,075
52,075
52,075
52,075
52,075
52,075
52,075
52,075
52,075
52,075
52,075
52,075
52,075
52,075
52,075
52,075
52,075
52,075
50,025
50,025
50,025
50,025
50,025
50,025
50,025
50,025
50,025
50,025
50,025
50,025
50,025
50,025
50,025
50,025
50,025
50,025
50,025
50,025
50,025
50,025
50,025
50,025
54,81666667
54,81666667
54,81666667
54,81666667
54,81666667
54,81666667
54,81666667
54,81666667
54,81666667
54,81666667
54,81666667
54,81666667
54,81666667
54,81666667
54,81666667
54,81666667
54,81666667
54,81666667
54,81666667
54,81666667
54,81666667
54,81666667
54,81666667
54,81666667
48,38333333
48,38333333
48,38333333
48,38333333
48,38333333
48,38333333
48,38333333
48,38333333
48,38333333
48,38333333
48,38333333
48,38333333
48,38333333
48,38333333
48,38333333
48,38333333
48,38333333
48,38333333
48,38333333
48,38333333
48,38333333
48,38333333
48,38333333
48,38333333
45,14166667
45,14166667
45,14166667
45,14166667
45,14166667
45,14166667
45,14166667
45,14166667
45,14166667
45,14166667
45,14166667
45,14166667
45,14166667
45,14166667
45,14166667
45,14166667
45,14166667
45,14166667
45,14166667
45,14166667
45,14166667
45,14166667
45,14166667
45,14166667
40,18333333
40,18333333
40,18333333
40,18333333
40,18333333
40,18333333
40,18333333
40,18333333
40,18333333
40,18333333
40,18333333
40,18333333
40,18333333
40,18333333
40,18333333
40,18333333
40,18333333
40,18333333
40,18333333
40,18333333
40,18333333
40,18333333
40,18333333
40,18333333
53,13333333
53,13333333
53,13333333
53,13333333
53,13333333
53,13333333
53,13333333
53,13333333
53,13333333
53,13333333
53,13333333
53,13333333
53,13333333
53,13333333
53,13333333
53,13333333
53,13333333
53,13333333
53,13333333
53,13333333
53,13333333
53,13333333
53,13333333
53,13333333
56,17083333
56,17083333
56,17083333
56,17083333
56,17083333
56,17083333
56,17083333
56,17083333
56,17083333
56,17083333
56,17083333
56,17083333
56,17083333
56,17083333
56,17083333
56,17083333
56,17083333
56,17083333
56,17083333
56,17083333
56,17083333
56,17083333
56,17083333
56,17083333
55,69583333
55,69583333
55,69583333
55,69583333
55,69583333
55,69583333
55,69583333
55,69583333
55,69583333
55,69583333
55,69583333
55,69583333
55,69583333
55,69583333
55,69583333
55,69583333
55,69583333
55,69583333
55,69583333
55,69583333
55,69583333
55,69583333
55,69583333
55,69583333
56,3875
56,3875
56,3875
56,3875
56,3875
56,3875
56,3875
56,3875
56,3875
56,3875
56,3875
56,3875
56,3875
56,3875
56,3875
56,3875
56,3875
56,3875
56,3875
56,3875
56,3875
56,3875
56,3875
56,3875
59,65833333
59,65833333
59,65833333
59,65833333
59,65833333
59,65833333
59,65833333
59,65833333
59,65833333
59,65833333
59,65833333
59,65833333
59,65833333
59,65833333
59,65833333
59,65833333
59,65833333
59,65833333
59,65833333
59,65833333
59,65833333
59,65833333
59,65833333
59,65833333
48,95
48,95
48,95
48,95
48,95
48,95
48,95
48,95
48,95
48,95
48,95
48,95
48,95
48,95
48,95
48,95
48,95
48,95
48,95
48,95
48,95
48,95
48,95
48,95
47,66666667
47,66666667
47,66666667
47,66666667
47,66666667
47,66666667
47,66666667
47,66666667
47,66666667
47,66666667
47,66666667
47,66666667
47,66666667
47,66666667
47,66666667
47,66666667
47,66666667
47,66666667
47,66666667
47,66666667
47,66666667
47,66666667
47,66666667
47,66666667
58,07916667
58,07916667
58,07916667
58,07916667
58,07916667
58,07916667
58,07916667
58,07916667
58,07916667
58,07916667
58,07916667
58,07916667
58,07916667
58,07916667
58,07916667
58,07916667
58,07916667
58,07916667
58,07916667
58,07916667
58,07916667
58,07916667
58,07916667
58,07916667
55,50833333
55,50833333
55,50833333
55,50833333
55,50833333
55,50833333
55,50833333
55,50833333
55,50833333
55,50833333
55,50833333
55,50833333
55,50833333
55,50833333
55,50833333
55,50833333
55,50833333
55,50833333
55,50833333
55,50833333
55,50833333
55,50833333
55,50833333
55,50833333
53,59583333
53,59583333
53,59583333
53,59583333
53,59583333
53,59583333
53,59583333
53,59583333
53,59583333
53,59583333
53,59583333
53,59583333
53,59583333
53,59583333
53,59583333
53,59583333
53,59583333
53,59583333
53,59583333
53,59583333
53,59583333
53,59583333
53,59583333
53,59583333
53,31666667
53,31666667
53,31666667
53,31666667
53,31666667
53,31666667
53,31666667
53,31666667
53,31666667
53,31666667
53,31666667
53,31666667
53,31666667
53,31666667
53,31666667
53,31666667
53,31666667
53,31666667
53,31666667
53,31666667
53,31666667
53,31666667
53,31666667
53,31666667
53,97083333
53,97083333
53,97083333
53,97083333
53,97083333
53,97083333
53,97083333
53,97083333
53,97083333
53,97083333
53,97083333
53,97083333
53,97083333
53,97083333
53,97083333
53,97083333
53,97083333
53,97083333
53,97083333
53,97083333
53,97083333
53,97083333
53,97083333
53,97083333
46,60833333
46,60833333
46,60833333
46,60833333
46,60833333
46,60833333
46,60833333
46,60833333
46,60833333
46,60833333
46,60833333
46,60833333
46,60833333
46,60833333
46,60833333
46,60833333
46,60833333
46,60833333
46,60833333
46,60833333
46,60833333
46,60833333
46,60833333
46,60833333
33,23333333
33,23333333
33,23333333
33,23333333
33,23333333
33,23333333
33,23333333
33,23333333
33,23333333
33,23333333
33,23333333
33,23333333
33,23333333
33,23333333
33,23333333
33,23333333
33,23333333
33,23333333
33,23333333
33,23333333
33,23333333
33,23333333
33,23333333
33,23333333
54,5875
54,5875
54,5875
54,5875
54,5875
54,5875
54,5875
54,5875
54,5875
54,5875
54,5875
54,5875
54,5875
54,5875
54,5875
54,5875
54,5875
54,5875
54,5875
54,5875
54,5875
54,5875
54,5875
54,5875
55,25
55,25
55,25
55,25
55,25
55,25
55,25
55,25
55,25
55,25
55,25
55,25
55,25
55,25
55,25
55,25
55,25
55,25
55,25
55,25
55,25
55,25
55,25
55,25
51,96666667
51,96666667
51,96666667
51,96666667
51,96666667
51,96666667
51,96666667
51,96666667
51,96666667
51,96666667
51,96666667
51,96666667
51,96666667
51,96666667
51,96666667
51,96666667
51,96666667
51,96666667
51,96666667
51,96666667
51,96666667
51,96666667
51,96666667
51,96666667
52,39166667
52,39166667
52,39166667
52,39166667
52,39166667
52,39166667
52,39166667
52,39166667
52,39166667
52,39166667
52,39166667
52,39166667
52,39166667
52,39166667
52,39166667
52,39166667
52,39166667
52,39166667
52,39166667
52,39166667
52,39166667
52,39166667
52,39166667
52,39166667
50,60833333
50,60833333
50,60833333
50,60833333
50,60833333
50,60833333
50,60833333
50,60833333
50,60833333
50,60833333
50,60833333
50,60833333
50,60833333
50,60833333
50,60833333
50,60833333
50,60833333
50,60833333
50,60833333
50,60833333
50,60833333
50,60833333
50,60833333
50,60833333
42,76666667
42,76666667
42,76666667
42,76666667
42,76666667
42,76666667
42,76666667
42,76666667
42,76666667
42,76666667
42,76666667
42,76666667
42,76666667
42,76666667
42,76666667
42,76666667
42,76666667
42,76666667
42,76666667
42,76666667
42,76666667
42,76666667
42,76666667
42,76666667
43,672
43,672
43,672
43,672
43,672
43,672
43,672
43,672
43,672
43,672
43,672
43,672
43,672
43,672
43,672
43,672
43,672
43,672
43,672
43,672
43,672
43,672
43,672
43,672
43,672
48,28333333
48,28333333
48,28333333
48,28333333
48,28333333
48,28333333
48,28333333
48,28333333
48,28333333
48,28333333
48,28333333
48,28333333
48,28333333
48,28333333
48,28333333
48,28333333
48,28333333
48,28333333
48,28333333
48,28333333
48,28333333
48,28333333
48,28333333
48,28333333
48,0375
48,0375
48,0375
48,0375
48,0375
48,0375
48,0375
48,0375
48,0375
48,0375
48,0375
48,0375
48,0375
48,0375
48,0375
48,0375
48,0375
48,0375
48,0375
48,0375
48,0375
48,0375
48,0375
48,0375
44,7625
44,7625
44,7625
44,7625
44,7625
44,7625
44,7625
44,7625
44,7625
44,7625
44,7625
44,7625
44,7625
44,7625
44,7625
44,7625
44,7625
44,7625
44,7625
44,7625
44,7625
44,7625
44,7625
44,7625
45,34166667
45,34166667
45,34166667
45,34166667
45,34166667
45,34166667
45,34166667
45,34166667
45,34166667
45,34166667
45,34166667
45,34166667
45,34166667
45,34166667
45,34166667
45,34166667
45,34166667
45,34166667
45,34166667
45,34166667
45,34166667
45,34166667
45,34166667
45,34166667
44,5125
44,5125
44,5125
44,5125
44,5125
44,5125
44,5125
44,5125
44,5125
44,5125
44,5125
44,5125
44,5125
44,5125
44,5125
44,5125
44,5125
44,5125
44,5125
44,5125
44,5125
44,5125
44,5125
44,5125
45,05
45,05
45,05
45,05
45,05
45,05
45,05
45,05
45,05
45,05
45,05
45,05
45,05
45,05
45,05
45,05
45,05
45,05
45,05
45,05
45,05
45,05
45,05
45,05
44,70833333
44,70833333
44,70833333
44,70833333
44,70833333
44,70833333
44,70833333
44,70833333
44,70833333
44,70833333
44,70833333
44,70833333
44,70833333
44,70833333
44,70833333
44,70833333
44,70833333
44,70833333
44,70833333
44,70833333
44,70833333
44,70833333
44,70833333
44,70833333
54,40833333
54,40833333
54,40833333
54,40833333
54,40833333
54,40833333
54,40833333
54,40833333
54,40833333
54,40833333
54,40833333
54,40833333
54,40833333
54,40833333
54,40833333
54,40833333
54,40833333
54,40833333
54,40833333
54,40833333
54,40833333
54,40833333
54,40833333
54,40833333
49,27916667
49,27916667
49,27916667
49,27916667
49,27916667
49,27916667
49,27916667
49,27916667
49,27916667
49,27916667
49,27916667
49,27916667
49,27916667
49,27916667
49,27916667
49,27916667
49,27916667
49,27916667
49,27916667
49,27916667
49,27916667
49,27916667
49,27916667
49,27916667
51,2125
51,2125
51,2125
51,2125
51,2125
51,2125
51,2125
51,2125
51,2125
51,2125
51,2125
51,2125
51,2125
51,2125
51,2125
51,2125
51,2125
51,2125
51,2125
51,2125
51,2125
51,2125
51,2125
51,2125
41,80416667
41,80416667
41,80416667
41,80416667
41,80416667
41,80416667
41,80416667
41,80416667
41,80416667
41,80416667
41,80416667
41,80416667
41,80416667
41,80416667
41,80416667
41,80416667
41,80416667
41,80416667
41,80416667
41,80416667
41,80416667
41,80416667
41,80416667
41,80416667
37,75833333
37,75833333
37,75833333
37,75833333
37,75833333
37,75833333
37,75833333
37,75833333
37,75833333
37,75833333
37,75833333
37,75833333
37,75833333
37,75833333
37,75833333
37,75833333
37,75833333
37,75833333
37,75833333
37,75833333
37,75833333
37,75833333
37,75833333
37,75833333
35,5375
35,5375
35,5375
35,5375
35,5375
35,5375
35,5375
35,5375
35,5375
35,5375
35,5375
35,5375
35,5375
35,5375
35,5375
35,5375
35,5375
35,5375
35,5375
35,5375
35,5375
35,5375
35,5375
35,5375
26,9
26,9
26,9
26,9
26,9
26,9
26,9
26,9
26,9
26,9
26,9
26,9
26,9
26,9
26,9
26,9
26,9
26,9
26,9
26,9
26,9
26,9
26,9
26,9
47,57083333
47,57083333
47,57083333
47,57083333
47,57083333
47,57083333
47,57083333
47,57083333
47,57083333
47,57083333
47,57083333
47,57083333
47,57083333
47,57083333
47,57083333
47,57083333
47,57083333
47,57083333
47,57083333
47,57083333
47,57083333
47,57083333
47,57083333
47,57083333
52,1125
52,1125
52,1125
52,1125
52,1125
52,1125
52,1125
52,1125
52,1125
52,1125
52,1125
52,1125
52,1125
52,1125
52,1125
52,1125
52,1125
52,1125
52,1125
52,1125
52,1125
52,1125
52,1125
52,1125
53,1625
53,1625
53,1625
53,1625
53,1625
53,1625
53,1625
53,1625
53,1625
53,1625
53,1625
53,1625
53,1625
53,1625
53,1625
53,1625
53,1625
53,1625
53,1625
53,1625
53,1625
53,1625
53,1625
53,1625
53,3625
53,3625
53,3625
53,3625
53,3625
53,3625
53,3625
53,3625
53,3625
53,3625
53,3625
53,3625
53,3625
53,3625
53,3625
53,3625
53,3625
53,3625
53,3625
53,3625
53,3625
53,3625
53,3625
53,3625
53,57916667
53,57916667
53,57916667
53,57916667
53,57916667
53,57916667
53,57916667
53,57916667
53,57916667
53,57916667
53,57916667
53,57916667
53,57916667
53,57916667
53,57916667
53,57916667
53,57916667
53,57916667
53,57916667
53,57916667
53,57916667
53,57916667
53,57916667
53,57916667
47,19583333
47,19583333
47,19583333
47,19583333
47,19583333
47,19583333
47,19583333
47,19583333
47,19583333
47,19583333
47,19583333
47,19583333
47,19583333
47,19583333
47,19583333
47,19583333
47,19583333
47,19583333
47,19583333
47,19583333
47,19583333
47,19583333
47,19583333
47,19583333
42,52916667
42,52916667
42,52916667
42,52916667
42,52916667
42,52916667
42,52916667
42,52916667
42,52916667
42,52916667
42,52916667
42,52916667
42,52916667
42,52916667
42,52916667
42,52916667
42,52916667
42,52916667
42,52916667
42,52916667
42,52916667
42,52916667
42,52916667
42,52916667
50,47916667
50,47916667
50,47916667
50,47916667
50,47916667
50,47916667
50,47916667
50,47916667
50,47916667
50,47916667
50,47916667
50,47916667
50,47916667
50,47916667
50,47916667
50,47916667
50,47916667
50,47916667
50,47916667
50,47916667
50,47916667
50,47916667
50,47916667
50,47916667
51,87083333
51,87083333
51,87083333
51,87083333
51,87083333
51,87083333
51,87083333
51,87083333
51,87083333
51,87083333
51,87083333
51,87083333
51,87083333
51,87083333
51,87083333
51,87083333
51,87083333
51,87083333
51,87083333
51,87083333
51,87083333
51,87083333
51,87083333
51,87083333
55,54583333
55,54583333
55,54583333
55,54583333
55,54583333
55,54583333
55,54583333
55,54583333
55,54583333
55,54583333
55,54583333
55,54583333
55,54583333
55,54583333
55,54583333
55,54583333
55,54583333
55,54583333
55,54583333
55,54583333
55,54583333
55,54583333
55,54583333
55,54583333
60,94583333
60,94583333
60,94583333
60,94583333
60,94583333
60,94583333
60,94583333
60,94583333
60,94583333
60,94583333
60,94583333
60,94583333
60,94583333
60,94583333
60,94583333
60,94583333
60,94583333
60,94583333
60,94583333
60,94583333
60,94583333
60,94583333
60,94583333
60,94583333
60,025
60,025
60,025
60,025
60,025
60,025
60,025
60,025
60,025
60,025
60,025
60,025
60,025
60,025
60,025
60,025
60,025
60,025
60,025
60,025
60,025
60,025
60,025
60,025
48,87083333
48,87083333
48,87083333
48,87083333
48,87083333
48,87083333
48,87083333
48,87083333
48,87083333
48,87083333
48,87083333
48,87083333
48,87083333
48,87083333
48,87083333
48,87083333
48,87083333
48,87083333
48,87083333
48,87083333
48,87083333
48,87083333
48,87083333
48,87083333
45,67083333
45,67083333
45,67083333
45,67083333
45,67083333
45,67083333
45,67083333
45,67083333
45,67083333
45,67083333
45,67083333
45,67083333
45,67083333
45,67083333
45,67083333
45,67083333
45,67083333
45,67083333
45,67083333
45,67083333
45,67083333
45,67083333
45,67083333
45,67083333
56,41666667
56,41666667
56,41666667
56,41666667
56,41666667
56,41666667
56,41666667
56,41666667
56,41666667
56,41666667
56,41666667
56,41666667
56,41666667
56,41666667
56,41666667
56,41666667
56,41666667
56,41666667
56,41666667
56,41666667
56,41666667
56,41666667
56,41666667
56,41666667
58,9875
58,9875
58,9875
58,9875
58,9875
58,9875
58,9875
58,9875
58,9875
58,9875
58,9875
58,9875
58,9875
58,9875
58,9875
58,9875
58,9875
58,9875
58,9875
58,9875
58,9875
58,9875
58,9875
58,9875
51,69166667
51,69166667
51,69166667
51,69166667
51,69166667
51,69166667
51,69166667
51,69166667
51,69166667
51,69166667
51,69166667
51,69166667
51,69166667
51,69166667
51,69166667
51,69166667
51,69166667
51,69166667
51,69166667
51,69166667
51,69166667
51,69166667
51,69166667
51,69166667
63,91666667
63,91666667
63,91666667
63,91666667
63,91666667
63,91666667
63,91666667
63,91666667
63,91666667
63,91666667
63,91666667
63,91666667
63,91666667
63,91666667
63,91666667
63,91666667
63,91666667
63,91666667
63,91666667
63,91666667
63,91666667
63,91666667
63,91666667
63,91666667
70,94166667
70,94166667
70,94166667
70,94166667
70,94166667
70,94166667
70,94166667
70,94166667
70,94166667
70,94166667
70,94166667
70,94166667
70,94166667
70,94166667
70,94166667
70,94166667
70,94166667
70,94166667
70,94166667
70,94166667
70,94166667
70,94166667
70,94166667
70,94166667
50,75416667
50,75416667
50,75416667
50,75416667
50,75416667
50,75416667
50,75416667
50,75416667
50,75416667
50,75416667
50,75416667
50,75416667
50,75416667
50,75416667
50,75416667
50,75416667
50,75416667
50,75416667
50,75416667
50,75416667
50,75416667
50,75416667
50,75416667
50,75416667
47,57916667
47,57916667
47,57916667
47,57916667
47,57916667
47,57916667
47,57916667
47,57916667
47,57916667
47,57916667
47,57916667
47,57916667
47,57916667
47,57916667
47,57916667
47,57916667
47,57916667
47,57916667
47,57916667
47,57916667
47,57916667
47,57916667
47,57916667
47,57916667
70,15
70,15
70,15
70,15
70,15
70,15
70,15
70,15
70,15
70,15
70,15
70,15
70,15
70,15
70,15
70,15
70,15
70,15
70,15
70,15
70,15
70,15
70,15
70,15
69,47083333
69,47083333
69,47083333
69,47083333
69,47083333
69,47083333
69,47083333
69,47083333
69,47083333
69,47083333
69,47083333
69,47083333
69,47083333
69,47083333
69,47083333
69,47083333
69,47083333
69,47083333
69,47083333
69,47083333
69,47083333
69,47083333
69,47083333
69,47083333
59,37916667
59,37916667
59,37916667
59,37916667
59,37916667
59,37916667
59,37916667
59,37916667
59,37916667
59,37916667
59,37916667
59,37916667
59,37916667
59,37916667
59,37916667
59,37916667
59,37916667
59,37916667
59,37916667
59,37916667
59,37916667
59,37916667
59,37916667
59,37916667
51,675
51,675
51,675
51,675
51,675
51,675
51,675
51,675
51,675
51,675
51,675
51,675
51,675
51,675
51,675
51,675
51,675
51,675
51,675
51,675
51,675
51,675
51,675
51,675
58,05
58,05
58,05
58,05
58,05
58,05
58,05
58,05
58,05
58,05
58,05
58,05
58,05
58,05
58,05
58,05
58,05
58,05
58,05
58,05
58,05
58,05
58,05
58,05
31,109375
31,109375
31,109375
31,109375
31,109375
31,109375
31,109375
31,109375
31,109375
31,109375
31,109375
31,109375
31,109375
31,109375
31,109375
31,109375
31,109375
31,109375
31,109375
31,109375
31,109375
31,109375
31,109375
31,109375
33,325
33,325
33,325
33,325
33,325
33,325
33,325
33,325
33,325
33,325
33,325
33,325
33,325
33,325
33,325
33,325
33,325
33,325
33,325
33,325
33,325
33,325
33,325
33,325
63,67916667
63,67916667
63,67916667
63,67916667
63,67916667
63,67916667
63,67916667
63,67916667
63,67916667
63,67916667
63,67916667
63,67916667
63,67916667
63,67916667
63,67916667
63,67916667
63,67916667
63,67916667
63,67916667
63,67916667
63,67916667
63,67916667
63,67916667
63,67916667
67,05416667
67,05416667
67,05416667
67,05416667
67,05416667
67,05416667
67,05416667
67,05416667
67,05416667
67,05416667
67,05416667
67,05416667
67,05416667
67,05416667
67,05416667
67,05416667
67,05416667
67,05416667
67,05416667
67,05416667
67,05416667
67,05416667
67,05416667
67,05416667
72,0625
72,0625
72,0625
72,0625
72,0625
72,0625
72,0625
72,0625
72,0625
72,0625
72,0625
72,0625
72,0625
72,0625
72,0625
72,0625
72,0625
72,0625
72,0625
72,0625
72,0625
72,0625
72,0625
72,0625
61,00833333
61,00833333
61,00833333
61,00833333
61,00833333
61,00833333
61,00833333
61,00833333
61,00833333
61,00833333
61,00833333
61,00833333
61,00833333
61,00833333
61,00833333
61,00833333
61,00833333
61,00833333
61,00833333
61,00833333
61,00833333
61,00833333
61,00833333
61,00833333
66,9625
66,9625
66,9625
66,9625
66,9625
66,9625
66,9625
66,9625
66,9625
66,9625
66,9625
66,9625
66,9625
66,9625
66,9625
66,9625
66,9625
66,9625
66,9625
66,9625
66,9625
66,9625
66,9625
66,9625
59,02916667
59,02916667
59,02916667
59,02916667
59,02916667
59,02916667
59,02916667
59,02916667
59,02916667
59,02916667
59,02916667
59,02916667
59,02916667
59,02916667
59,02916667
59,02916667
59,02916667
59,02916667
59,02916667
59,02916667
59,02916667
59,02916667
59,02916667
59,02916667
47,36666667
47,36666667
47,36666667
47,36666667
47,36666667
47,36666667
47,36666667
47,36666667
47,36666667
47,36666667
47,36666667
47,36666667
47,36666667
47,36666667
47,36666667
47,36666667
47,36666667
47,36666667
47,36666667
47,36666667
47,36666667
47,36666667
47,36666667
47,36666667
65,0625
65,0625
65,0625
65,0625
65,0625
65,0625
65,0625
65,0625
65,0625
65,0625
65,0625
65,0625
65,0625
65,0625
65,0625
65,0625
65,0625
65,0625
65,0625
65,0625
65,0625
65,0625
65,0625
65,0625
66,67916667
66,67916667
66,67916667
66,67916667
66,67916667
66,67916667
66,67916667
66,67916667
66,67916667
66,67916667
66,67916667
66,67916667
66,67916667
66,67916667
66,67916667
66,67916667
66,67916667
66,67916667
66,67916667
66,67916667
66,67916667
66,67916667
66,67916667
66,67916667
56,6375
56,6375
56,6375
56,6375
56,6375
56,6375
56,6375
56,6375
56,6375
56,6375
56,6375
56,6375
56,6375
56,6375
56,6375
56,6375
56,6375
56,6375
56,6375
56,6375
56,6375
56,6375
56,6375
56,6375
52,80416667
52,80416667
52,80416667
52,80416667
52,80416667
52,80416667
52,80416667
52,80416667
52,80416667
52,80416667
52,80416667
52,80416667
52,80416667
52,80416667
52,80416667
52,80416667
52,80416667
52,80416667
52,80416667
52,80416667
52,80416667
52,80416667
52,80416667
52,80416667
36,5125
36,5125
36,5125
36,5125
36,5125
36,5125
36,5125
36,5125
36,5125
36,5125
36,5125
36,5125
36,5125
36,5125
36,5125
36,5125
36,5125
36,5125
36,5125
36,5125
36,5125
36,5125
36,5125
36,5125
37,37916667
37,37916667
37,37916667
37,37916667
37,37916667
37,37916667
37,37916667
37,37916667
37,37916667
37,37916667
37,37916667
37,37916667
37,37916667
37,37916667
37,37916667
37,37916667
37,37916667
37,37916667
37,37916667
37,37916667
37,37916667
37,37916667
37,37916667
37,37916667
46,13333333
46,13333333
46,13333333
46,13333333
46,13333333
46,13333333
46,13333333
46,13333333
46,13333333
46,13333333
46,13333333
46,13333333
46,13333333
46,13333333
46,13333333
46,13333333
46,13333333
46,13333333
46,13333333
46,13333333
46,13333333
46,13333333
46,13333333
46,13333333
56,45416667
56,45416667
56,45416667
56,45416667
56,45416667
56,45416667
56,45416667
56,45416667
56,45416667
56,45416667
56,45416667
56,45416667
56,45416667
56,45416667
56,45416667
56,45416667
56,45416667
56,45416667
56,45416667
56,45416667
56,45416667
56,45416667
56,45416667
56,45416667
55,50416667
55,50416667
55,50416667
55,50416667
55,50416667
55,50416667
55,50416667
55,50416667
55,50416667
55,50416667
55,50416667
55,50416667
55,50416667
55,50416667
55,50416667
55,50416667
55,50416667
55,50416667
55,50416667
55,50416667
55,50416667
55,50416667
55,50416667
55,50416667
55,475
55,475
55,475
55,475
55,475
55,475
55,475
55,475
55,475
55,475
55,475
55,475
55,475
55,475
55,475
55,475
55,475
55,475
55,475
55,475
55,475
55,475
55,475
55,475
52,51666667
52,51666667
52,51666667
52,51666667
52,51666667
52,51666667
52,51666667
52,51666667
52,51666667
52,51666667
52,51666667
52,51666667
52,51666667
52,51666667
52,51666667
52,51666667
52,51666667
52,51666667
52,51666667
52,51666667
52,51666667
52,51666667
52,51666667
52,51666667
45,625
45,625
45,625
45,625
45,625
45,625
45,625
45,625
45,625
45,625
45,625
45,625
45,625
45,625
45,625
45,625
45,625
45,625
45,625
45,625
45,625
45,625
45,625
45,625
45,625
45,625
45,625
45,625
45,625
45,625
45,625
45,625
45,625
45,625
45,625
45,625
45,625
45,625
45,625
45,625
45,625
45,625
45,625
45,625
45,625
45,625
45,625
45,625
