0.2262
0.22833
0.23601
0.2419
0.24839
0.25012
0.25598
0.26442
0.27667
0.29628
0.32101
0.3449
0.3647
0.39194
0.42624
0.45533
0.48897
0.53489
0.58958
0.64232
0.69136
0.73924
0.77501
0.80091
0.81914
0.83598
0.84998
0.86569
0.88075
0.89615
0.90968
0.91689
0.90806
0.88766
0.86797
0.8442
0.8175
0.79645
0.78525
0.79013
0.79624
0.78934
0.77893
0.76665
0.76143
0.75784
0.74719
0.73059
0.71328
0.68757
0.66035
0.62851
0.61299
0.61642
0.63647
0.66023
0.67192
0.66479
0.64976
0.62497
0.59197
0.55518
0.5226
0.49639
0.47018
0.45063
0.44396
0.45263
0.47533
0.50908
0.53846
0.56166
0.58201
0.58728
0.58793
0.57285
0.56409
0.5521
0.54384
0.52702
0.50717
0.47679
0.47239
0.48291
0.49524
0.49311
0.48944
0.48584
0.4698
0.42932
0.3828
0.34426
0.31856
0.30987
0.31016
0.31163
0.31519
0.32192
0.33915
0.36455
0.39159
0.40337
0.39858
0.37582
0.34103
0.2993
0.26103
0.23048
0.20063
0.16745
0.13873
0.11313
0.08834
0.06659
0.04864
0.03572
0.02968
0.0256
0.02435
0.02425
0.02431
0.02494
0.02698
0.02557
0.02604
0.02933
0.03688
0.04906
0.06011
0.05993
0.06169
0.06904
0.0796
0.09472
0.13261
0.19147
0.2391
0.26478
0.27087
0.26941
0.26465
0.26512
0.26781
0.26797
0.26276
0.25232
0.24395
0.23235
0.21939
0.2144
0.21147
0.21508
0.21421
0.19944
0.18683
0.17863
0.16945
0.15819
0.16019
0.18301
0.21865
0.25032
0.28642
0.33009
0.37805
0.4239
0.46659
0.50195
0.52946
0.55481
0.57995
0.59232
0.59179
0.588
0.57968
0.56827
0.5551
0.55432
0.5671
0.60155
0.62257
0.64416
0.64211
0.65915
0.66898
0.67061
0.67162
0.69726
0.72501
0.74439
0.73915
0.73368
0.72567
0.73545
0.76577
0.80759
0.86094
0.91303
0.94957
0.9654
0.96632
0.96848
0.97062
0.97299
0.97236
0.96729
0.96074
0.95024
0.93927
0.92806
0.91118
0.89241
0.87262
0.86239
0.84443
0.81482
0.80044
0.80889
0.83581
0.86352
0.89455
0.92465
0.95348
0.97418
0.97847
0.9785
0.97577
0.96697
0.97118
0.97789
0.98025
0.97477
0.95315
0.92241
0.89293
0.85913
0.83265
0.81774
0.80398
0.78751
0.76829
0.755
0.75229
0.75271
0.77
0.79889
0.82782
0.85016
0.87476
0.90067
0.91372
0.92343
0.92765
0.92577
0.92772
0.92988
0.92601
0.92067
0.91685
0.91579
0.9155
0.90418
0.88877
0.86841
0.84013
0.80769
0.7875
0.78759
0.7993
0.81776
0.84589
0.87228
0.89922
0.91107
0.92188
0.92699
0.92865
0.9307
0.93338
0.93578
0.9361
0.93548
0.93157
0.9216
0.90211
0.87977
0.84804
0.81784
0.80063
0.79987
0.81578
0.83473
0.8549
0.87996
0.89758
0.90566
0.90741
0.9096
0.91764
0.91851
0.91128
0.8882
0.85021
0.80797
0.75359
0.69153
0.64339
0.62294
0.61728
0.62221
0.61793
0.60146
0.57479
0.55091
0.53298
0.55589
0.60563
0.66706
0.71263
0.74039
0.75292
0.75679
0.74772
0.71765
0.66065
0.60262
0.55656
0.54563
0.5331
0.51836
0.51135
0.50433
0.49301
0.49309
0.49905
0.51068
0.53227
0.57781
0.63064
0.68334
0.73926
0.79381
0.8452
0.8801
0.90573
0.92113
0.92982
0.93102
0.93063
0.92909
0.93052
0.93077
0.93148
0.92714
0.91914
0.90202
0.88061
0.85235
0.81506
0.77462
0.72936
0.68657
0.65178
0.62275
0.59262
0.56094
0.5214
0.47546
0.41321
0.34651
0.29148
0.25708
0.22521
0.19255
0.16669
0.15683
0.15318
0.14702
0.13853
0.12785
0.11541
0.1056
0.09554
0.0848
0.0815
0.08593
0.09705
0.11534
0.12898
0.13751
0.14303
0.14437
0.14174
0.13458
0.13876
0.15226
0.16199
0.1602
0.15178
0.154
0.16614
0.18195
0.19826
0.21081
0.22011
0.22984
0.23808
0.24333
0.24417
0.2444
0.24237
0.22834
0.2154
0.20817
0.20659
0.20481
0.18881
0.17196
0.1728
0.17712
0.16197
0.14038
0.12362
0.11808
0.11646
0.11529
0.11244
0.10468
0.09389
0.08726
0.07535
0.05938
0.04446
0.03463
0.02716
0.02102
0.01683
0.01417
0.0129
0.01108
0.00789
0.00521
0.00558
0.00588
0.00562
0.0056
0.00776
0.01339
0.01911
0.02235
0.02341
0.02312
0.02238
0.02079
0.0189
0.01749
0.01571
0.01431
0.01287
0.01086
0.00859
0.00737
0.00635
0.00521
0.00377
0.00288
0.00284
0.00304
0.00264
0.00255
0.00294
0.00363
0.00426
0.00497
0.00576
0.00672
0.00734
0.00767
0.00893
0.00957
0.00983
0.01016
0.01131
0.01203
0.01207
0.01227
0.01248
0.01231
0.00987
0.01077
0.01502
0.01781
0.0214
0.02646
0.03275
0.05017
0.06916
0.07829
0.07909
0.07763
0.07694
0.07434
0.06539
0.05805
0.05742
0.0599
0.06248
0.06576
0.07148
0.08015
0.08622
0.08935
0.08419
0.07637
0.06531
0.05415
0.04982
0.04809
0.05063
0.06758
0.0777
0.07246
0.0607
0.04905
0.03833
0.0368
0.04063
0.04444
0.04731
0.04669
0.04289
0.03759
0.03266
0.02879
0.02649
0.02493
0.02119
0.0174
0.0149
0.01191
0.00994
0.00941
0.01098
0.01696
0.02588
0.03505
0.04616
0.05866
0.0761
0.10056
0.12948
0.15906
0.18748
0.21607
0.24432
0.26912
0.28426
0.29146
0.29129
0.27679
0.2363
0.19025
0.15529
0.13193
0.12199
0.12602
0.14148
0.16873
0.18856
0.19209
0.18836
0.18817
0.18741
0.18721
0.19288
0.20245
0.2096
0.21179
0.21016
0.19928
0.18478
0.16963
0.1531
0.13056
0.10212
0.082
0.07274
0.07104
0.07134
0.06839
0.06834
0.06428
0.05549
0.04609
0.04029
0.04042
0.04361
0.04668
0.05133
0.06048
0.07108
0.08213
0.09657
0.11367
0.13144
0.14939
0.17001
0.19254
0.21149
0.23299
0.26809
0.31075
0.34349
0.36501
0.39938
0.43586
0.46409
0.46585
0.46028
0.45066
0.43796
0.4316
0.43667
0.45741
0.47889
0.49665
0.50878
0.507
0.50599
0.49951
0.48942
0.47567
0.4595
0.43399
0.41559
0.40313
0.38571
0.35332
0.30997
0.27097
0.2401
0.21176
0.19137
0.17084
0.14906
0.1271
0.10985
0.10789
0.12229
0.14908
0.17885
0.20376
0.24541
0.30421
0.37315
0.43992
0.50595
0.56931
0.65328
0.73876
0.81002
0.86497
0.90814
0.94048
0.96243
0.96164
0.94685
0.91992
0.89045
0.86149
0.8271
0.78773
0.75378
0.72274
0.70737
0.70654
0.70874
0.71446
0.72761
0.74091
0.75834
0.7671
0.77877
0.77388
0.75886
0.72544
0.67321
0.60126
0.53049
0.47549
0.44361
0.42911
0.4187
0.4117
0.37774
0.33528
0.28147
0.23743
0.20689
0.20539
0.20504
0.19881
0.18712
0.17959
0.16797
0.16027
0.1672
0.16847
0.1542
0.13036
0.10265
0.09219
0.09236
0.09291
0.09684
0.1033
0.11059
0.11638
0.12009
0.12289
0.12283
0.12611
0.13021
0.13795
0.14179
0.14401
0.14781
0.14552
0.13131
0.11313
0.10996
0.10945
0.10442
0.09608
0.09309
0.10036
0.11729
0.13558
0.15074
0.15765
0.15641
0.1535
0.14321
0.129
0.11531
0.10292
0.09426
0.08473
0.07873
0.07597
0.07617
0.07651
0.06621
0.0592
0.07135
0.09082
0.10624
0.1131
0.12026
0.14866
0.18498
0.20458
0.21519
0.22087
0.22544
0.23256
0.23165
0.22642
0.21901
0.2161
0.21941
0.22354
0.22851
0.23111
0.22713
0.21426
0.19009
0.17521
0.1893
0.21773
0.24101
0.25189
0.24971
0.243
0.23294
0.21489
0.19444
0.17994
0.17055
0.16869
0.16239
0.15196
0.1367
0.12091
0.10776
0.09891
0.09627
0.09483
0.09543
0.09363
0.08482
0.07909
0.08718
0.09073
0.08566
0.07443
0.05925
0.05753
0.06432
0.06717
0.06735
0.06567
0.06341
0.05906
0.05039
0.04396
0.03923
0.03553
0.0341
0.03129
0.02958
0.02839
0.02659
0.0236
0.02056
0.02277
0.02684
0.03057
0.03606
0.042
0.04505
0.04554
0.05093
0.0519
0.04888
0.04243
0.03523
0.0314
0.02975
0.02915
0.03018
0.03081
0.03284
0.04028
0.05002
0.05832
0.0653
0.07181
0.07433
0.08664
0.11642
0.14539
0.1737
0.19881
0.2106
0.23738
0.28607
0.31268
0.32586
0.33544
0.33952
0.33591
0.32429
0.31125
0.2978
0.2844
0.27037
0.26209
0.25887
0.26336
0.26694
0.26127
0.24566
0.25113
0.26417
0.26813
0.2701
0.26276
0.2426
0.22327
0.2194
0.20922
0.18958
0.16974
0.15073
0.13727
0.12772
0.1174
0.10832
0.10746
0.11478
0.13056
0.14927
0.16981
0.18814
0.2043
0.21609
0.22926
0.25347
0.29648
0.34456
0.38594
0.4248
0.46823
0.51464
0.55652
0.59896
0.63703
0.66965
0.69152
0.71312
0.73672
0.76069
0.77709
0.79283
0.79363
0.78834
0.77994
0.75099
0.70451
0.62831
0.56867
0.55871
0.52177
0.45083
0.37844
0.32554
0.33258
0.35101
0.35336
0.35321
0.36371
0.38249
0.41388
0.44769
0.47659
0.49843
0.51752
0.5368
0.55142
0.56205
0.56918
0.56739
0.56423
0.54349
0.53159
0.51804
0.5202
0.50904
0.49608
0.47287
0.45874
0.43615
0.41081
0.37928
0.35008
0.31495
0.28376
0.25498
0.23897
0.23578
0.24265
0.25438
0.25633
0.24602
0.22677
0.19982
0.17028
0.14029
0.12334
0.12193
0.12732
0.1283
0.12753
0.12496
0.11978
0.1114
0.09739
0.08105
0.06321
0.04558
0.03421
0.02728
0.02366
0.02149
0.01861
0.01644
0.01346
0.01086
0.00809
0.00566
0.00359
0.0027
0.00311
0.00384
0.00419
0.0044
0.00399
0.0036
0.00378
0.00697
0.0124
0.02021
0.02931
0.03653
0.03587
0.03374
0.03073
0.02626
0.02274
0.01932
0.01725
0.01706
0.01743
0.01818
0.01576
0.01242
0.01115
0.00963
0.00829
0.00712
0.00609
0.00563
0.00678
0.01183
0.02068
0.03092
0.03989
0.04499
0.04357
0.03832
0.03124
0.02663
0.0261
0.02819
0.03318
0.04072
0.04887
0.05718
0.05832
0.05635
0.0609
0.07369
0.08804
0.0972
0.1054
0.10938
0.13524
0.1824
0.21432
0.22504
0.22506
0.21957
0.21693
0.20799
0.19321
0.17626
0.16257
0.1512
0.13746
0.12491
0.11684
0.11197
0.09761
0.0697
0.05478
0.0506
0.04682
0.0423
0.03862
0.0393
0.05307
0.08086
0.10411
0.11442
0.11708
0.11594
0.1148
0.11619
0.11979
0.12711
0.13347
0.14318
0.15583
0.16796
0.17869
0.18883
0.18912
0.17828
0.18031
0.18767
0.19194
0.19661
0.2071
0.22693
0.26329
0.31776
0.34157
0.3345
0.31083
0.28159
0.26404
0.2409
0.21721
0.20345
0.19286
0.19012
0.19822
0.21204
0.22771
0.24541
0.24476
0.23463
0.23927
0.2487
0.24394
0.22777
0.20075
0.17469
0.17413
0.20087
0.21859
0.21748
0.20389
0.18219
0.16141
0.13359
0.10332
0.07969
0.06349
0.05113
0.04111
0.03285
0.02829
0.02556
0.01738
0.01169
0.01256
0.01439
0.01591
0.01772
0.02114
0.02773
0.0358
0.04513
0.04315
0.03427
0.02942
0.03025
0.03559
0.0413
0.04642
0.05098
0.05831
0.06714
0.07563
0.08432
0.08971
0.09195
0.09349
0.09884
0.10884
0.13016
0.15426
0.1732
0.18641
0.19107
0.19917
0.22235
0.24275
0.25851
0.2723
0.28262
0.29737
0.30982
0.31169
0.31063
0.30942
0.30789
0.29767
0.28839
0.29046
0.29983
0.29861
0.30045
0.32484
0.34881
0.36165
0.35871
0.35199
0.33542
0.31784
0.33941
0.36562
0.3777
0.37931
0.37411
0.38253
0.38915
0.39242
0.3959
0.39832
0.40363
0.41524
0.44292
0.48302
0.52768
0.55381
0.56747
0.58187
0.5988
0.60261
0.57603
0.51937
0.47456
0.45875
0.44491
0.43102
0.42087
0.41745
0.41725
0.43327
0.45526
0.48508
0.50941
0.53493
0.54687
0.55509
0.5485
0.54073
0.51178
0.47248
0.43201
0.41726
0.42135
0.42715
0.41741
0.38118
0.32791
0.27495
0.23557
0.20081
0.17112
0.14865
0.13376
0.12959
0.12582
0.1192
0.10933
0.10296
0.09621
0.08512
0.07987
0.07988
0.08151
0.08087
0.08084
0.09115
0.11231
0.12832
0.13132
0.12958
0.12593
0.11816
0.13786
0.1867
0.25582
0.33969
0.42906
0.50797
0.57445
0.62779
0.67129
0.71017
0.74521
0.7726
0.78986
0.79698
0.78409
0.74481
0.69003
0.62172
0.54538
0.4663
0.40608
0.35288
0.31043
0.29363
0.30048
0.31192
0.33196
0.35427
0.3717
0.37963
0.38118
0.38697
0.39694
0.40387
0.40774
0.41555
0.43193
0.44338
0.45072
0.44361
0.45214
0.48189
0.49573
0.4912
0.4756
0.44666
0.39619
0.36356
0.35281
0.34477
0.3261
0.30407
0.27719
0.25238
0.22865
0.20268
0.17959
0.16832
0.1622
0.15923
0.15795
0.1577
0.14768
0.11628
0.0905
0.08967
0.09066
0.08282
0.07331
0.06325
0.0558
0.04804
0.04278
0.0391
0.03477
0.03149
0.02706
0.02401
0.02194
0.02305
0.02551
0.0285
0.03281
0.03544
0.04068
0.05399
0.07545
0.08376
0.09188
0.14437
0.21581
0.26533
0.2921
0.30566
0.30163
0.30434
0.34913
0.40131
0.43195
0.4408
0.43034
0.41091
0.37696
0.32726
0.27035
0.21959
0.18329
0.15701
0.14275
0.13901
0.1357
0.11362
0.09733
0.09645
0.10071
0.10763
0.12047
0.13383
0.1433
0.14421
0.14796
0.14724
0.1336
0.11613
0.09987
0.08607
0.07392
0.06654
0.06018
0.05811
0.06055
0.06112
0.06035
0.0649
0.07408
0.08126
0.09262
0.12446
0.1579
0.18793
0.21453
0.23313
0.23945
0.22565
0.26309
0.32721
0.38765
0.445
0.49883
0.55353
0.59935
0.62863
0.65824
0.68992
0.72634
0.76627
0.79264
0.80923
0.82127
0.81566
0.7965
0.76969
0.73446
0.70924
0.68247
0.64771
0.58797
0.54408
0.5299
0.50984
0.4834
0.4609
0.44038
0.43878
0.45802
0.49383
0.53203
0.58353
0.63629
0.6676
0.6849
0.70928
0.71693
0.72052
0.74227
0.78244
0.78559
0.7822
0.77855
0.75084
0.67642
0.59756
0.59815
0.61953
0.65126
0.69336
0.73423
0.76976
0.7884
0.79013
0.77397
0.74764
0.71461
0.67476
0.64366
0.61638
0.58792
0.54565
0.54688
0.60171
0.61953
0.59074
0.54134
0.48288
0.42113
0.3715
0.38321
0.41012
0.4282
0.4435
0.44974
0.46515
0.46151
0.44677
0.41743
0.38945
0.35926
0.3466
0.35084
0.36434
0.36538
0.35098
0.37615
0.44293
0.49594
0.52112
0.52645
0.50227
0.45838
0.42044
0.4076
0.40994
0.40551
0.39506
0.38535
0.38463
0.38017
0.36852
0.35594
0.33641
0.31244
0.27044
0.23409
0.20347
0.17183
0.14277
0.14609
0.16002
0.1841
0.20469
0.20664
0.18927
0.15521
0.11144
0.08456
0.07976
0.07637
0.07582
0.07918
0.08586
0.09326
0.09769
0.09596
0.08942
0.0872
0.09208
0.10539
0.12386
0.13574
0.13082
0.13058
0.15633
0.17846
0.17816
0.166
0.14598
0.11736
0.082
0.06929
0.0749
0.08913
0.10477
0.12224
0.14418
0.17191
0.19404
0.21131
0.23143
0.24726
0.26081
0.2784
0.2989
0.30667
0.28424
0.28662
0.32369
0.33544
0.33751
0.33666
0.33428
0.3321
0.33375
0.35893
0.38559
0.40106
0.40801
0.40873
0.41008
0.39987
0.38117
0.36041
0.34418
0.33293
0.31475
0.30276
0.2981
0.28223
0.22845
0.18876
0.19542
0.21944
0.24199
0.24923
0.23748
0.21076
0.18525
0.18292
0.18743
0.19148
0.18721
0.17371
0.17384
0.17467
0.1733
0.16975
0.16304
0.14092
0.09826
0.06558
0.04362
0.02772
0.01454
0.00939
0.0084
0.00528
0.0022
0.00148
0.0038
0.00934
0.00964
0.01227
0.02819
0.05497
0.08457
0.112
0.14667
0.18155
0.20375
0.20548
0.19301
0.17661
0.15132
0.12339
0.10186
0.08494
0.06651
0.05776
0.06248
0.07557
0.09608
0.11664
0.13227
0.14118
0.13643
0.13966
0.17449
0.20942
0.23209
0.24463
0.24624
0.2359
0.21372
0.18271
0.15728
0.14329
0.13464
0.12842
0.12534
0.11993
0.11072
0.11754
0.13424
0.13483
0.12386
0.11162
0.1011
0.08847
0.06562
0.04904
0.05471
0.05498
0.0494
0.04166
0.04012
0.03579
0.0259
0.01674
0.01006
0.00599
0.00297
0.00182
0.00167
0.00185
0.00183
0.00331
0.0083
0.0202
0.04375
0.07263
0.09937
0.11876
0.12244
0.10887
0.13463
0.1542
0.1606
0.16123
0.16596
0.16469
0.14933
0.13178
0.11479
0.1028
0.09632
0.0922
0.09196
0.08998
0.08882
0.11198
0.12009
0.11628
0.11333
0.1189
0.13398
0.15174
0.15472
0.13459
0.1479
0.15836
0.15862
0.15342
0.14642
0.13817
0.13328
0.13128
0.13052
0.13211
0.13097
0.13839
0.15038
0.15069
0.14034
0.15733
0.17642
0.18751
0.19226
0.19342
0.19813
0.20741
0.20632
0.20488
0.23308
0.2494
0.24737
0.23063
0.2082
0.19369
0.18918
0.19229
0.19904
0.20613
0.20699
0.20652
0.2049
0.19038
0.17611
0.21422
0.27744
0.31513
0.33033
0.33626
0.34545
0.36175
0.33669
0.33948
0.39311
0.43599
0.45108
0.44518
0.4459
0.44391
0.43154
0.41707
0.40151
0.39212
0.38671
0.38751
0.39085
0.37956
0.36501
0.39828
0.45661
0.48845
0.49714
0.49098
0.48646
0.47404
0.42518
0.42065
0.45182
0.45191
0.42386
0.38016
0.34654
0.31685
0.28878
0.26193
0.24025
0.22525
0.212
0.19463
0.17817
0.14715
0.11181
0.11731
0.14046
0.1553
0.16939
0.18076
0.18985
0.18826
0.16638
0.18318
0.21519
0.21779
0.20038
0.1734
0.16112
0.15013
0.13996
0.13252
0.12912
0.12889
0.12097
0.11285
0.10881
0.08685
0.06209
0.06426
0.07231
0.07106
0.06749
0.06648
0.06824
0.06953
0.06364
0.07548
0.09985
0.1094
0.101
0.08583
0.07479
0.06412
0.05372
0.04385
0.03562
0.02995
0.02542
0.02351
0.02282
0.01697
0.00827
0.00593
0.00807
0.00582
0.00261
0.00114
0.00106
0.00212
0.00555
0.01475
0.02981
0.03626
0.03251
0.02357
0.01654
0.01112
0.0078
0.00623
0.00615
0.00709
0.0091
0.00966
0.0085
0.00616
0.00283
0.00287
0.00464
0.00663
0.00969
0.01409
0.0188
0.02303
0.02406
0.02118
0.02018
0.02346
0.02907
0.0368
0.05186
0.06853
0.08002
0.0842
0.08323
0.08179
0.07869
0.07331
0.06646
0.05519
0.04366
0.04493
0.05806
0.0767
0.09773
0.12025
0.14687
0.16877
0.20138
0.24059
0.28981
0.33576
0.37058
0.39914
0.41562
0.41427
0.39186
0.3645
0.33815
0.31755
0.28912
0.25423
0.21952
0.17506
0.17687
0.1866
0.14813
0.09872
0.06389
0.04381
0.03318
0.0281
0.02572
0.02132
0.02483
0.02875
0.02703
0.02633
0.03842
0.05798
0.07273
0.07936
0.07712
0.0735
0.0668
0.06009
0.05561
0.04231
0.03544
0.04364
0.0549
0.06488
0.07244
0.07623
0.07529
0.07007
0.05976
0.04285
0.03597
0.03245
0.02781
0.02503
0.02381
0.02254
0.02103
0.01846
0.01603
0.01322
0.01169
0.01046
0.00907
0.00593
0.00255
0.00257
0.00279
0.00288
0.00311
0.00392
0.0048
0.00508
0.00357
0.00149
0.00176
0.00272
0.00622
0.01441
0.02292
0.02997
0.03574
0.0417
0.04786
0.05827
0.06404
0.07214
0.08322
0.07865
0.06711
0.09013
0.1177
0.13467
0.14006
0.13938
0.13559
0.12791
0.12351
0.14281
0.16888
0.17861
0.17675
0.16896
0.16462
0.16614
0.16403
0.15377
0.14089
0.12751
0.10095
0.07531
0.05773
0.04515
0.03849
0.03681
0.03751
0.04284
0.05304
0.06504
0.07387
0.07914
0.07513
0.06615
0.07791
0.09814
0.11819
0.13505
0.1501
0.1584
0.16423
0.16709
0.16827
0.1714
0.17735
0.17786
0.17276
0.16579
0.19018
0.24427
0.29124
0.31666
0.33479
0.35063
0.36762
0.37161
0.33959
0.28971
0.26734
0.24634
0.22432
0.20645
0.18426
0.15757
0.12781
0.10058
0.08138
0.06573
0.05035
0.0376
0.03056
0.02846
0.03012
0.04944
0.07876
0.12016
0.16907
0.21043
0.23962
0.26024
0.28085
0.3084
0.36052
0.41792
0.47187
0.51959
0.56311
0.60162
0.62996
0.64777
0.65787
0.66589
0.68731
0.69306
0.69128
0.68431
0.69472
0.69636
0.68085
0.65439
0.64937
0.64025
0.61367
0.5803
0.58204
0.62661
0.68905
0.7545
0.79937
0.83747
0.8836
0.91138
0.92351
0.91927
0.90372
0.88508
0.86408
0.84979
0.84647
0.8406
0.85291
0.9087
0.93475
0.94297
0.94752
0.94663
0.93688
0.91169
0.85761
0.7665
0.71029
0.64937
0.57215
0.50698
0.49485
0.52186
0.57112
0.62456
0.68519
0.75945
0.81744
0.87307
0.91388
0.93747
0.94648
0.95335
0.96077
0.97105
0.97245
0.9701
0.96673
0.96166
0.95002
0.93412
0.93716
0.93806
0.93555
0.93074
0.91862
0.90455
0.88681
0.86918
0.85304
0.84069
0.83816
0.8405
0.84048
0.83085
0.82863
0.86694
0.87702
0.88003
0.89099
0.89401
0.87862
0.82862
0.75647
0.70717
0.69501
0.67649
0.65847
0.63847
0.62042
0.60092
0.58954
0.57727
0.55156
0.52015
0.48428
0.45402
0.42535
0.40515
0.41479
0.46193
0.53259
0.58637
0.62524
0.64535
0.6438
0.62806
0.58341
0.52101
0.48457
0.46298
0.43057
0.39185
0.35139
0.3194
0.29677
0.28391
0.27497
0.26487
0.25704
0.24415
0.21901
0.18187
0.19852
0.21412
0.19208
0.16873
0.14807
0.13039
0.11375
0.09428
0.07675
0.05342
0.04196
0.04259
0.03831
0.03111
0.0273
0.02371
0.02137
0.02169
0.02496
0.02814
0.02556
0.02324
0.02272
0.01882
0.01848
0.02416
0.0284
0.03241
0.04088
0.05669
0.07807
0.10121
0.1153
0.10279
0.09166
0.10131
0.10194
0.09407
0.08168
0.06464
0.0488
0.0399
0.03523
0.03207
0.02954
0.02658
0.02161
0.01147
0.01365
0.02692
0.03217
0.03521
0.03779
0.0433
0.05441
0.06899
0.08289
0.07582
0.06791
0.07051
0.06624
0.05818
0.04724
0.03767
0.03347
0.03302
0.03527
0.03816
0.04025
0.04422
0.04245
0.03014
0.03934
0.06819
0.08277
0.08883
0.09702
0.10583
0.10909
0.10473
0.09711
0.06897
0.05222
0.04969
0.03861
0.02517
0.0168
0.01137
0.00905
0.01082
0.0174
0.02694
0.04172
0.06098
0.08061
0.0774
0.0767
0.12936
0.17365
0.19466
0.21562
0.23598
0.25419
0.26079
0.25429
0.20991
0.17383
0.16061
0.14471
0.12736
0.11778
0.10989
0.1068
0.10913
0.11389
0.11796
0.11817
0.1168
0.10818
0.0932
0.0862
0.08281
0.07168
0.05565
0.04624
0.04029
0.03444
0.02616
0.01806
0.01005
0.00615
0.00633
0.00642
0.00625
0.00638
0.00723
0.00798
0.00895
0.00969
0.01128
0.01423
0.01884
0.02325
0.01403
0.01338
0.0147
0.01201
0.00817
0.00512
0.00334
0.00251
0.00213
0.0015
0.00069
0.00055
0.00089
0.00139
0.00193
0.00213
0.00248
0.00268
0.00268
0.00255
0.00228
0.00274
0.00415
0.0057
0.00388
0.00095
0.00121
0.00171
0.00169
0.00199
0.00227
0.00287
0.00356
0.00429
0.00477
0.01005
0.02492
0.05051
0.07841
0.10425
0.1252
0.1423
0.15539
0.16524
0.17586
0.1978
0.2233
0.23564
0.21098
0.20193
0.29079
0.41051
0.49552
0.55293
0.59194
0.6105
0.60258
0.57235
0.52465
0.49605
0.48168
0.45724
0.43271
0.41101
0.38822
0.36044
0.32961
0.29401
0.26031
0.23236
0.21719
0.20298
0.18087
0.18693
0.21563
0.23118
0.2446
0.26032
0.27823
0.29211
0.30174
0.29143
0.24789
0.27043
0.34594
0.42863
0.50474
0.58736
0.64905
0.69241
0.70476
0.68475
0.64145
0.58798
0.53118
0.46978
0.41938
0.40988
0.4027
0.39978
0.41061
0.42899
0.43787
0.43628
0.41597
0.37552
0.29525
0.20003
0.15792
0.12955
0.10465
0.08454
0.07053
0.06078
0.0588
0.06598
0.07896
0.08754
0.09676
0.10204
0.09674
0.1191
0.16915
0.22594
0.28747
0.34634
0.39537
0.43324
0.44817
0.40865
0.33708
0.304
0.29621
0.28014
0.25497
0.23808
0.21751
0.19252
0.17297
0.16
0.15995
0.16406
0.16661
0.16092
0.14224
0.16426
0.23489
0.31708
0.38628
0.44541
0.48851
0.51691
0.51434
0.45465
0.38087
0.34256
0.32014
0.29765
0.27191
0.25658
0.23055
0.2009
0.17277
0.14996
0.12983
0.10729
0.09408
0.08259
0.07747
0.08703
0.1011
0.11925
0.1399
0.15966
0.1747
0.18493
0.18765
0.18
0.16154
0.1349
0.13103
0.1282
0.11736
0.10772
0.09714
0.08892
0.08439
0.08232
0.08103
0.08066
0.07969
0.07061
0.06317
0.07677
0.08934
0.09728
0.1127
0.13845
0.17404
0.2104
0.24496
0.27353
0.25951
0.20301
0.20023
0.20185
0.18741
0.16844
0.14893
0.12467
0.1012
0.0831
0.07089
0.05859
0.04593
0.03139
0.01982
0.03818
0.0571
0.05869
0.05389
0.05159
0.05168
0.05366
0.05817
0.06529
0.06411
0.04985
0.04919
0.05204
0.05061
0.0486
0.04673
0.0418
0.03481
0.02831
0.02131
0.01463
0.01138
0.00856
0.0043
0.00695
0.0115
0.01412
0.01551
0.01541
0.01477
0.01493
0.01636
0.0196
0.02299
0.02966
0.04524
0.05421
0.05273
0.04906
0.04493
0.04459
0.04404
0.04469
0.04826
0.0528
0.06048
0.05724
0.04408
0.06049
0.0842
0.09857
0.11388
0.13352
0.15707
0.17961
0.19121
0.1909
0.14442
0.11665
0.11613
0.10322
0.0817
0.06368
0.05336
0.04952
0.05326
0.06402
0.08383
0.10923
0.13519
0.14542
0.13517
0.15664
0.20723
0.26026
0.31248
0.35567
0.38889
0.40529
0.39833
0.36806
0.32301
0.29491
0.28843
0.27702
0.25189
0.23941
0.22325
0.20907
0.20243
0.20028
0.19904
0.17891
0.15065
0.11803
0.09383
0.08172
0.0737
0.06336
0.0584
0.0559
0.05347
0.05068
0.04723
0.046
0.04548
0.04045
0.0412
0.04176
0.03567
0.03105
0.0302
0.03379
0.03938
0.04246
0.04319
0.04021
0.03506
0.0262
0.02012
0.02297
0.02686
0.03085
0.03675
0.04382
0.05014
0.05423
0.05385
0.04749
0.03591
0.02581
0.02387
0.02237
0.02053
0.01947
0.01759
0.01541
0.01367
0.01309
0.01481
0.01708
0.02091
0.02154
0.01283
0.01704
0.03121
0.04164
0.05402
0.06548
0.07608
0.08119
0.07675
0.05854
0.02703
0.01468
0.01382
0.01776
0.02733
0.03974
0.06258
0.09909
0.13939
0.17199
0.19652
0.20362
0.19661
0.16367
0.11785
0.0947
0.10221
0.11727
0.136
0.16175
0.18014
0.18063
0.1602
0.14242
0.12746
0.12041
0.12464
0.12976
0.1328
0.13247
0.12682
0.1151
0.09656
0.07652
0.06004
0.04502
0.03575
0.02696
0.02201
0.0314
0.04566
0.05055
0.0524
0.05085
0.04602
0.03878
0.02968
0.02009
0.01302
0.00901
0.00756
0.00713
0.00737
0.00904
0.01234
0.01885
0.02775
0.03919
0.05288
0.05916
0.06214
0.05798
0.05383
0.06283
0.07659
0.09133
0.10943
0.13671
0.16607
0.19084
0.20787
0.20733
0.19092
0.16594
0.15324
0.15288
0.14723
0.1459
0.13912
0.12249
0.10304
0.08503
0.07019
0.05551
0.04715
0.04193
0.04268
0.04788
0.05705
0.06557
0.08263
0.11187
0.14547
0.16948
0.18299
0.18137
0.15873
0.11377
0.09526
0.09883
0.10949
0.12574
0.1393
0.14767
0.1515
0.14715
0.13557
0.11873
0.10691
0.09252
0.08111
0.10572
0.14682
0.16466
0.16814
0.16467
0.15499
0.14725
0.13892
0.11805
0.07709
0.06231
0.07706
0.10056
0.11956
0.14619
0.1647
0.17085
0.1649
0.15355
0.14335
0.12107
0.10235
0.07717
0.0734
0.1089
0.14081
0.16253
0.17593
0.17407
0.15844
0.13597
0.11363
0.08594
0.05689
0.04509
0.04927
0.05601
0.06373
0.07361
0.08035
0.08553
0.08873
0.08987
0.08569
0.07326
0.05679
0.03824
0.0289
0.03115
0.03655
0.04262
0.04869
0.05402
0.05689
0.05758
0.05387
0.04397
0.03329
0.02389
0.02121
0.02341
0.02218
0.01952
0.01642
0.01319
0.01041
0.0088
0.00855
0.00785
0.00839
0.0075
0.00602
0.00698
0.00658
0.00731
0.01008
0.01316
0.01439
0.01328
0.01181
0.00959
0.00609
0.00422
0.00826
0.01822
0.0248
0.03154
0.04049
0.0515
0.06268
0.07726
0.09482
0.11048
0.12518
0.11603
0.10681
0.15702
0.22428
0.26676
0.3066
0.33627
0.34999
0.342
0.3144
0.28938
0.28032
0.29843
0.32064
0.34028
0.35137
0.36899
0.3852
0.3868
0.3867
0.36375
0.3354
0.29761
0.26276
0.2235
0.20631
0.22017
0.24705
0.2648
0.25986
0.23557
0.19412
0.14281
0.09083
0.04399
0.01324
0.006
0.01691
0.04604
0.09883
0.18853
0.29511
0.38477
0.46099
0.51613
0.55511
0.56482
0.55711
0.53445
0.50535
0.48146
0.48393
0.52006
0.56828
0.59804
0.60509
0.581
0.5484
0.53637
0.5093
0.44665
0.39313
0.34381
0.29471
0.26152
0.2291
0.19782
0.17632
0.16622
0.16482
0.16217
0.16364
0.14745
0.14878
0.23548
0.32742
0.39744
0.45248
0.48501
0.5038
0.50992
0.50247
0.4637
0.37514
0.3211
0.33096
0.35158
0.37495
0.41392
0.44918
0.46825
0.47531
0.47484
0.47395
0.46067
0.43753
0.40056
0.42838
0.50638
0.50961
0.46721
0.41724
0.36664
0.3094
0.24925
0.19758
0.1589
0.11669
0.06126
0.03169
0.01802
0.01014
0.00647
0.00538
0.00588
0.00728
0.00827
0.00848
0.00804
0.00764
0.00507
0.00281
0.00369
0.00359
0.00197
0.00098
0.00102
0.00137
0.00194
0.00325
0.00429
0.00784
0.02188
0.05308
0.08027
0.08863
0.0907
0.09236
0.09619
0.10366
0.11183
0.11932
0.12378
0.13295
0.13274
0.14616
0.19856
0.26115
0.31592
0.36291
0.41042
0.44736
0.46753
0.45753
0.40545
0.33511
0.26765
0.26131
0.28327
0.31272
0.34535
0.37558
0.40266
0.41366
0.41511
0.40457
0.39674
0.38617
0.37129
0.39337
0.41754
0.4138
0.39166
0.35212
0.30619
0.2619
0.21697
0.1687
0.12761
0.08752
0.0402
0.02185
0.02089
0.03382
0.05713
0.08404
0.106
0.12292
0.13779
0.14916
0.15402
0.14849
0.1211
0.10235
0.11464
0.14054
0.1555
0.17061
0.18836
0.19964
0.20432
0.19818
0.18032
0.14524
0.13908
0.15075
0.16114
0.16446
0.16608
0.15547
0.13496
0.11666
0.10782
0.11034
0.11519
0.11795
0.10602
0.09382
0.10129
0.13667
0.19429
0.27291
0.36562
0.44542
0.49565
0.50835
0.51089
0.50467
0.48451
0.44055
0.39653
0.34187
0.29116
0.25617
0.2419
0.24342
0.25066
0.25847
0.26112
0.24995
0.22517
0.23475
0.26837
0.29334
0.30481
0.30516
0.29948
0.28823
0.27252
0.24681
0.21968
0.19126
0.16445
0.14732
0.1366
0.12629
0.11441
0.10486
0.09725
0.09247
0.09029
0.08784
0.08475
0.07628
0.07082
0.07768
0.07526
0.07091
0.06115
0.04937
0.03732
0.0264
0.01876
0.01373
0.00986
0.00649
0.00575
0.00935
0.01747
0.02098
0.02134
0.02079
0.0201
0.02013
0.02131
0.02323
0.02308
0.02179
0.01728
0.01839
0.01791
0.01814
0.02094
0.02463
0.03184
0.04488
0.05906
0.07201
0.07705
0.06694
0.04719
0.03706
0.03188
0.02335
0.01987
0.0209
0.02377
0.02663
0.02919
0.03251
0.03315
0.03336
0.03421
0.04971
0.08341
0.12745
0.17455
0.21984
0.25502
0.27564
0.29574
0.31897
0.33242
0.33658
0.32606
0.32075
0.31871
0.31078
0.30583
0.2934
0.28
0.27055
0.26251
0.25175
0.23151
0.20365
0.17843
0.19031
0.23024
0.26927
0.3102
0.34518
0.36435
0.3714
0.37337
0.35969
0.32776
0.27774
0.19757
0.14089
0.1173
0.10057
0.0903
0.08289
0.07752
0.07167
0.06442
0.0578
0.05401
0.05049
0.03887
0.0357
0.0638
0.10004
0.13527
0.17215
0.20805
0.23246
0.24971
0.24731
0.20981
0.16461
0.15209
0.17996
0.21439
0.23531
0.24539
0.23882
0.22088
0.20147
0.18446
0.17833
0.17847
0.18635
0.20069
0.27584
0.36273
0.40596
0.43408
0.44633
0.44545
0.43184
0.40759
0.37224
0.32977
0.27183
0.18017
0.1173
0.09424
0.08971
0.08823
0.08975
0.09405
0.0954
0.09448
0.0945
0.08858
0.07797
0.05655
0.06285
0.06931
0.0605
0.05053
0.04294
0.04026
0.04111
0.0443
0.04921
0.04972
0.04668
0.03933
0.03512
0.04064
0.0521
0.06346
0.07085
0.07474
0.07451
0.07096
0.06565
0.05333
0.03893
0.02626
0.03112
0.03834
0.04388
0.05569
0.0667
0.07424
0.07842
0.07837
0.07514
0.0658
0.05336
0.03442
0.02051
0.01688
0.01497
0.01529
0.01583
0.01608
0.01695
0.01748
0.01776
0.01637
0.01429
0.00873
0.00948
0.01457
0.01908
0.02289
0.02801
0.03421
0.03855
0.04086
0.04128
0.04049
0.03649
0.02553
0.01691
0.01759
0.02016
0.02561
0.03057
0.03296
0.0338
0.03512
0.03423
0.03374
0.03541
0.03733
0.03862
0.03802
0.03976
0.04182
0.04853
0.05909
0.07213
0.08623
0.0985
0.10625
0.10435
0.08776
0.0745
0.07717
0.06807
0.05466
0.03929
0.02756
0.01982
0.01429
0.01014
0.00692
0.00422
0.00229
0.00163
0.00134
0.00149
0.00173
0.00216
0.00279
0.00321
0.00356
0.00376
0.00375
0.00379
0.00386
0.00417
0.00502
0.00595
0.00864
0.01261
0.0171
0.0198
0.0214
0.02168
0.02355
0.02328
0.01509
0.01234
0.01089
0.01038
0.01169
0.01444
0.01973
0.02879
0.04089
0.05343
0.06061
0.05997
0.05317
0.04464
0.04722
0.05455
0.06674
0.07748
0.08033
0.07921
0.07627
0.07172
0.05916
0.04594
0.04155
0.05292
0.06606
0.0826
0.09994
0.12141
0.14565
0.16739
0.18393
0.19797
0.20916
0.21365
0.18869
0.14392
0.12965
0.12726
0.1327
0.13852
0.14805
0.15777
0.16236
0.16124
0.14598
0.11903
0.10934
0.11829
0.12675
0.1355
0.14357
0.15162
0.15652
0.15644
0.14727
0.13051
0.10487
0.07662
0.04105
0.0168
0.0199
0.04478
0.08355
0.12484
0.16028
0.18975
0.21665
0.24304
0.26776
0.27458
0.26876
0.29676
0.37422
0.43746
0.46425
0.4797
0.48603
0.47105
0.44463
0.39943
0.34422
0.26823
0.18092
0.11592
0.08608
0.06998
0.06079
0.05396
0.05251
0.05421
0.05672
0.05958
0.06383
0.0623
0.05015
0.04942
0.06483
0.08803
0.1101
0.13247
0.15953
0.18221
0.20131
0.20963
0.20267
0.18588
0.15575
0.14844
0.19602
0.26531
0.33504
0.38197
0.39727
0.38942
0.37186
0.35177
0.32862
0.29966
0.29036
0.32537
0.36252
0.37195
0.3747
0.37558
0.38111
0.37883
0.3659
0.34177
0.29996
0.25231
0.19632
0.14458
0.13456
0.13784
0.14132
0.1434
0.1396
0.13964
0.14371
0.14879
0.1482
0.13337
0.11006
0.12121
0.17885
0.25091
0.31661
0.37166
0.40913
0.43178
0.44168
0.42274
0.41742
0.41319
0.41001
0.42933
0.45637
0.46995
0.46962
0.45667
0.44193
0.40614
0.35778
0.30838
0.25522
0.1995
0.15096
0.1365
0.12828
0.11357
0.09708
0.08175
0.06945
0.05574
0.04149
0.0271
0.01539
0.00963
0.00722
0.00434
0.0083
0.03404
0.09787
0.1704
0.23223
0.28665
0.33868
0.39323
0.43067
0.45726
0.49477
0.57447
0.6605
0.7316
0.77106
0.78961
0.79653
0.79928
0.78897
0.77485
0.7473
0.67508
0.59824
0.59111
0.59827
0.59802
0.60028
0.59427
0.57922
0.55591
0.52496
0.49083
0.44297
0.39236
0.35181
0.39181
0.46883
0.4999
0.5269
0.5352
0.5303
0.50951
0.46354
0.39936
0.34302
0.28875
0.22056
0.14115
0.10154
0.07958
0.06311
0.05043
0.0398
0.03212
0.02626
0.02012
0.01392
0.00822
0.00509
0.00472
0.00387
0.00285
0.002
0.00149
0.00108
0.00079
0.00076
0.00101
0.00181
0.00417
0.01039
0.03128
0.07711
0.11581
0.13843
0.15479
0.16285
0.16814
0.17194
0.17342
0.1658
0.13186
0.08635
0.07334
0.084
0.08727
0.07797
0.06639
0.05617
0.0473
0.03906
0.03274
0.03066
0.03646
0.05786
0.09655
0.1453
0.18011
0.19877
0.20359
0.20186
0.20035
0.19273
0.18133
0.1739
0.15136
0.12275
0.12623
0.16273
0.19902
0.22018
0.23201
0.23601
0.2288
0.21341
0.19377
0.17241
0.14602
0.11459
0.08941
0.08155
0.07754
0.07531
0.07488
0.0758
0.07481
0.07326
0.07005
0.06382
0.05084
0.03936
0.04269
0.04622
0.04747
0.04727
0.05055
0.0579
0.06498
0.07112
0.07667
0.08163
0.0852
0.09171
0.10067
0.12112
0.13472
0.1313
0.12091
0.11168
0.10167
0.09402
0.08745
0.07939
0.06545
0.07146
0.08351
0.08869
0.09369
0.0954
0.09762
0.10429
0.1173
0.13505
0.15488
0.17802
0.19875
0.20631
0.1897
0.1853
0.18431
0.17375
0.15637
0.13826
0.12311
0.1109
0.10238
0.09217
0.07406
0.07606
0.09342
0.09485
0.09047
0.07976
0.07293
0.07257
0.07637
0.08157
0.08436
0.08775
0.08627
0.07644
0.05669
0.06193
0.0704
0.07215
0.07114
0.06759
0.06224
0.05555
0.04992
0.04416
0.03344
0.02782
0.03914
0.05036
0.05224
0.04662
0.03673
0.02887
0.02589
0.02553
0.02793
0.03497
0.04315
0.05001
0.05756
0.07588
0.08083
0.0758
0.06773
0.05898
0.05154
0.0466
0.0436
0.0348
0.02188
0.01157
0.01383
0.01733
0.01473
0.01071
0.00779
0.00591
0.00479
0.0049
0.00578
0.00741
0.00938
0.01138
0.01826
0.0308
0.03812
0.04196
0.04276
0.04178
0.04185
0.04252
0.04355
0.03832
0.02438
0.01024
0.00736
0.00757
0.00535
0.00317
0.00191
0.00133
0.00119
0.00129
0.00139
0.0017
0.00229
0.00402
0.00829
0.01479
0.01916
0.02253
0.02513
0.0281
0.03178
0.03545
0.04012
0.04163
0.03636
0.02219
0.02162
0.03228
0.04706
0.0644
0.08676
0.1141
0.14046
0.15981
0.16605
0.15924
0.15671
0.14111
0.12556
0.12814
0.14163
0.16304
0.17313
0.16862
0.15118
0.12921
0.11215
0.09497
0.07829
0.0718
0.08064
0.0836
0.07605
0.06091
0.04809
0.04051
0.03728
0.03827
0.04191
0.0503
0.06414
0.08452
0.10713
0.13407
0.15024
0.14358
0.12856
0.11782
0.10908
0.09966
0.08929
0.07836
0.0676
0.06971
0.06342
0.05666
0.05646
0.05928
0.06325
0.06907
0.07796
0.08786
0.09847
0.11185
0.12335
0.12493
0.10842
0.09862
0.09178
0.07667
0.05997
0.04556
0.03663
0.03395
0.03572
0.03412
0.0323
0.03531
0.03778
0.03714
0.03581
0.03751
0.04435
0.06058
0.08664
0.11641
0.14065
0.14624
0.13725
0.11852
0.08252
0.05462
0.04439
0.04086
0.04052
0.03929
0.03453
0.02878
0.02549
0.02535
0.02546
0.02922
0.03991
0.04955
0.05925
0.0695
0.08367
0.10156
0.12469
0.14764
0.16484
0.17249
0.16302
0.14225
0.12746
0.12174
0.12548
0.13745
0.14733
0.15021
0.14694
0.14284
0.13661
0.12479
0.11382
0.11362
0.13165
0.16564
0.20832
0.24115
0.26
0.27669
0.30291
0.33183
0.35184
0.35433
0.32857
0.28768
0.2379
0.20274
0.19084
0.19813
0.20359
0.19855
0.19009
0.18136
0.17464
0.15599
0.14158
0.15696
0.18207
0.20267
0.22199
0.23928
0.25586
0.27249
0.28241
0.28523
0.27243
0.25237
0.22029
0.17307
0.12748
0.1189
0.12149
0.12625
0.12694
0.12076
0.11468
0.10846
0.10052
0.09071
0.07668
0.07602
0.08173
0.08237
0.09036
0.09597
0.1082
0.12381
0.13511
0.13796
0.13001
0.11895
0.10128
0.07174
0.05107
0.04577
0.0464
0.04583
0.0442
0.04307
0.04072
0.03897
0.03748
0.03179
0.02428
0.02303
0.02214
0.02319
0.02587
0.03052
0.03556
0.03958
0.04267
0.04543
0.0483
0.04979
0.0469
0.04126
0.04053
0.05558
0.07713
0.09668
0.1111
0.11403
0.11055
0.10316
0.09872
0.09031
0.07325
0.06667
0.07449
0.09393
0.12141
0.15296
0.17816
0.20048
0.20596
0.19118
0.16612
0.13283
0.10217
0.08369
0.07634
0.08036
0.08473
0.08918
0.09459
0.10079
0.10473
0.10512
0.10363
0.10138
0.09679
0.101
0.12519
0.15012
0.16322
0.17225
0.17987
0.18356
0.18699
0.19177
0.19483
0.19527
0.19118
0.1787
0.17076
0.19079
0.21224
0.2213
0.22333
0.22147
0.2211
0.22847
0.24064
0.23583
0.22239
0.23759
0.26244
0.26307
0.25546
0.23802
0.21991
0.20537
0.19482
0.18158
0.1641
0.13933
0.11226
0.07681
0.05105
0.05044
0.06028
0.07657
0.08881
0.0917
0.08405
0.07014
0.05817
0.04414
0.02555
0.01598
0.01391
0.01262
0.01303
0.01415
0.01661
0.01778
0.01556
0.01242
0.01042
0.0105
0.00887
0.00556
0.0032
0.00322
0.00301
0.00199
0.00101
0.0016
0.00419
0.00723
0.00946
0.0112
0.00995
0.00491
0.00314
0.00481
0.00602
0.00801
0.01124
0.01565
0.0207
0.02197
0.0206
0.0173
0.01109
0.00427
0.00142
0.00142
0.00292
0.00556
0.01107
0.02125
0.03711
0.05594
0.07516
0.08403
0.07747
0.06458
0.06289
0.07689
0.10035
0.12943
0.15289
0.18184
0.2202
0.25903
0.28554
0.29275
0.26589
0.2247
0.18556
0.16186
0.15134
0.14533
0.14101
0.13618
0.12785
0.11416
0.09806
0.07323
0.05299
0.04117
0.03478
0.02905
0.02357
0.01839
0.01476
0.01234
0.01055
0.00869
0.00675
0.00576
0.00398
0.00209
0.0012
0.00112
0.00241
0.00798
0.0165
0.0256
0.03275
0.03534
0.03216
0.0234
0.01271
0.00406
0.00396
0.00596
0.00762
0.00934
0.01355
0.02259
0.03233
0.03991
0.04569
0.04592
0.04726
0.04585
0.03593
0.03402
0.02791
0.02072
0.01576
0.01168
0.00889
0.0071
0.00633
0.00532
0.00293
0.00215
0.00313
0.00324
0.00289
0.00279
0.00341
0.0045
0.00587
0.00719
0.00755
0.00802
0.00911
0.01359
0.02823
0.0543
0.0704
0.07173
0.07229
0.07241
0.07269
0.07187
0.06952
0.06842
0.05822
0.0407
0.04424
0.06029
0.07385
0.08089
0.08607
0.09208
0.09848
0.10544
0.113
0.12409
0.13292
0.14383
0.18376
0.24041
0.27754
0.29458
0.29852
0.28997
0.27586
0.26174
0.24676
0.2245
0.18317
0.14504
0.14395
0.1787
0.21803
0.23798
0.24148
0.23148
0.21449
0.19663
0.1829
0.1722
0.15835
0.16006
0.17769
0.20163
0.20942
0.19654
0.17394
0.15077
0.12674
0.10363
0.08648
0.06187
0.03252
0.01355
0.00882
0.00963
0.00908
0.00791
0.00673
0.00517
0.00378
0.00292
0.00274
0.003
0.00335
0.00513
0.01349
0.02847
0.0412
0.04397
0.04179
0.04025
0.04096
0.04172
0.04437
0.04656
0.04189
0.02485
0.01746
0.02389
0.03173
0.03508
0.03427
0.03318
0.03007
0.02453
0.0187
0.01766
0.02062
0.0271
0.03595
0.0434
0.0503
0.05082
0.04491
0.03776
0.03287
0.02851
0.02346
0.01292
0.00398
0.00094
0.00041
0.00033
0.00092
0.00221
0.00385
0.00615
0.00982
0.01415
0.01654
0.01701
0.02377
0.03558
0.06427
0.11212
0.16375
0.20819
0.22974
0.24003
0.26225
0.2921
0.31523
0.29142
0.2655
0.2527
0.24825
0.24134
0.24031
0.24986
0.26003
0.25834
0.24175
0.21132
0.16905
0.12856
0.0912
0.05819
0.03189
0.01844
0.01467
0.01378
0.01362
0.01358
0.01339
0.0143
0.01674
0.01924
0.02195
0.01688
0.01896
0.03328
0.04811
0.05931
0.0746
0.09021
0.10159
0.10636
0.10487
0.09868
0.08678
0.0894
0.10499
0.13362
0.17585
0.22367
0.2644
0.29923
0.32551
0.33534
0.32736
0.29902
0.28351
0.32546
0.42509
0.51336
0.57924
0.63209
0.67651
0.70978
0.72279
0.71108
0.68345
0.64591
0.5979
0.5182
0.42523
0.39768
0.39673
0.40452
0.40314
0.38838
0.36631
0.34721
0.33482
0.31815
0.31597
0.35483
0.42753
0.47967
0.51736
0.53921
0.55655
0.57469
0.5915
0.60567
0.61215
0.60676
0.58836
0.54402
0.44364
0.38612
0.37434
0.36387
0.35423
0.34426
0.32748
0.30842
0.29644
0.28831
0.27579
0.29287
0.34154
0.35948
0.36328
0.35407
0.33731
0.32045
0.30242
0.2796
0.25055
0.21549
0.17472
0.12333
0.05984
0.03379
0.02543
0.0268
0.03014
0.03173
0.03227
0.03168
0.03133
0.03105
0.02396
0.01113
0.00776
0.01123
0.01218
0.01336
0.01601
0.02165
0.02864
0.03514
0.03955
0.04194
0.04065
0.03301
0.02575
0.02987
0.03142
0.02849
0.02389
0.02064
0.02031
0.02187
0.02551
0.02782
0.02435
0.01756
0.02565
0.03977
0.05591
0.07371
0.09681
0.1212
0.14277
0.15761
0.16242
0.15211
0.12615
0.08998
0.06425
0.05633
0.05725
0.06485
0.07323
0.08041
0.08223
0.08074
0.07745
0.06593
0.05163
0.0455
0.05251
0.06942
0.09207
0.11698
0.14605
0.17131
0.18272
0.18315
0.16904
0.14288
0.11263
0.08303
0.07126
0.07148
0.07265
0.07305
0.07414
0.07738
0.08137
0.0831
0.08565
0.08802
0.08399
0.07748
0.08227
0.09089
0.10088
0.11727
0.14247
0.17181
0.19935
0.22066
0.22868
0.20129
0.1599
0.11496
0.08048
0.06421
0.05512
0.05075
0.048
0.04705
0.04739
0.04836
0.04662
0.03899
0.02914
0.02805
0.03226
0.03444
0.03653
0.03686
0.03634
0.0374
0.03884
0.03711
0.03327
0.02722
0.01925
0.01028
0.00546
0.00601
0.00722
0.00819
0.01083
0.01383
0.01719
0.01895
0.01791
0.01425
0.00899
0.00638
0.00579
0.00477
0.00462
0.00512
0.00577
0.00657
0.00708
0.00657
0.0051
0.00409
0.00389
0.00505
0.01245
0.02961
0.04079
0.0464
0.05402
0.06343
0.07827
0.09328
0.10697
0.11736
0.11876
0.1099
0.11693
0.1412
0.17372
0.20597
0.23333
0.25205
0.26779
0.26299
0.2538
0.23775
0.20237
0.14624
0.1092
0.09287
0.08266
0.07189
0.0704
0.07783
0.08832
0.09498
0.09878
0.09659
0.0846
0.07598
0.09183
0.1249
0.16189
0.19007
0.21595
0.23667
0.24086
0.22606
0.19754
0.16789
0.12982
0.08767
0.05514
0.04051
0.03371
0.02591
0.01836
0.01376
0.01162
0.0132
0.01679
0.02077
0.01878
0.01433
0.02375
0.04682
0.06927
0.09246
0.11554
0.14464
0.16927
0.19244
0.20922
0.21387
0.20611
0.16942
0.13319
0.13297
0.14931
0.16986
0.19096
0.20376
0.21093
0.20786
0.19726
0.16716
0.12855
0.10472
0.11056
0.1182
0.1207
0.11953
0.11432
0.10488
0.09044
0.07083
0.04898
0.03193
0.0207
0.01124
0.00501
0.00495
0.00955
0.02153
0.04459
0.07944
0.12114
0.16089
0.19648
0.2186
0.21869
0.20477
0.22602
0.26852
0.29249
0.30372
0.31207
0.31503
0.31311
0.30072
0.27509
0.23135
0.1664
0.08787
0.03849
0.02028
0.01095
0.00657
0.00528
0.00689
0.01042
0.01514
0.0201
0.02305
0.02392
0.01824
0.02264
0.04099
0.05927
0.0755
0.08721
0.09608
0.10471
0.10739
0.10268
0.09754
0.08795
0.0711
0.05505
0.05131
0.05514
0.05134
0.0467
0.04496
0.04325
0.0434
0.04404
0.04179
0.03461
0.02921
0.03195
0.03964
0.05448
0.07051
0.08103
0.08635
0.08469
0.07997
0.07039
0.05658
0.04551
0.03343
0.02143
0.01775
0.01635
0.01435
0.01171
0.00972
0.00866
0.00828
0.00816
0.00727
0.00514
0.00369
0.00448
0.00547
0.00668
0.00783
0.00897
0.0097
0.01094
0.01497
0.02567
0.04519
0.07184
0.09897
0.15838
0.22369
0.25609
0.27722
0.29005
0.29336
0.29626
0.30039
0.30301
0.29654
0.28431
0.27043
0.29405
0.35019
0.41842
0.50412
0.59835
0.67869
0.73939
0.77802
0.79963
0.80113
0.78858
0.76554
0.71743
0.6996
0.7122
0.7161
0.70321
0.67451
0.6389
0.59899
0.56025
0.51116
0.44905
0.3945
0.35833
0.32476
0.28807
0.26071
0.23667
0.20967
0.17989
0.14651
0.10956
0.07639
0.04907
0.02811
0.01981
0.02562
0.04689
0.08052
0.10826
0.1269
0.1392
0.14495
0.14778
0.15298
0.15835
0.16993
0.21623
0.28414
0.33005
0.36902
0.39514
0.40786
0.41544
0.42548
0.4161
0.40344
0.38088
0.37322
0.38888
0.41673
0.44016
0.45457
0.45826
0.45924
0.45927
0.45788
0.45685
0.44605
0.43608
0.45019
0.53195
0.6144
0.67335
0.70251
0.72176
0.72812
0.72005
0.70178
0.67445
0.64371
0.57282
0.46248
0.37526
0.35142
0.3539
0.37624
0.38654
0.38261
0.37641
0.3725
0.37036
0.34814
0.32143
0.3153
0.37849
0.43138
0.46728
0.48285
0.50162
0.51685
0.5234
0.51845
0.50694
0.51829
0.52022
0.48143
0.44419
0.4663
0.49675
0.52211
0.53774
0.54777
0.54823
0.53954
0.52521
0.50061
0.46679
0.43869
0.46102
0.48464
0.50069
0.51072
0.51514
0.51392
0.50421
0.48749
0.46645
0.44321
0.41241
0.35024
0.28944
0.27028
0.25598
0.24812
0.23912
0.22875
0.21801
0.20689
0.19457
0.17377
0.15156
0.13271
0.14442
0.14431
0.13355
0.12732
0.12324
0.11954
0.11208
0.10107
0.08571
0.07136
0.05514
0.03701
0.02773
0.03937
0.04702
0.04766
0.04286
0.0374
0.03221
0.02927
0.02696
0.02708
0.02514
0.01472
0.01456
0.022
0.02297
0.01722
0.01127
0.00606
0.00282
0.00129
0.00065
0.00059
0.00094
0.00306
0.0142
0.03022
0.03334
0.02937
0.02423
0.01774
0.01236
0.00827
0.00571
0.00473
0.00591
0.00365
0.00238
0.00468
0.00481
0.00337
0.00273
0.00259
0.00231
0.00216
0.00199
0.00201
0.00335
0.00725
0.01993
0.03775
0.04921
0.0583
0.06636
0.07372
0.07985
0.08553
0.09358
0.10185
0.10581
0.08667
0.07243
0.08565
0.10562
0.10963
0.10372
0.09546
0.0852
0.07107
0.05428
0.03928
0.03324
0.03928
0.05504
0.07642
0.0957
0.11282
0.12066
0.11908
0.11528
0.11355
0.1148
0.10516
0.09523
0.06686
0.04299
0.06033
0.12173
0.16575
0.17354
0.16417
0.14848
0.14298
0.14064
0.13517
0.13139
0.12964
0.1303
0.13184
0.13661
0.12787
0.11866
0.10507
0.08134
0.05878
0.04661
0.04369
0.04266
0.03723
0.03339
0.03733
0.04135
0.035
0.0255
0.01831
0.01132
0.00639
0.00344
0.00235
0.00178
0.00184
0.00761
0.02806
0.05118
0.07284
0.0904
0.09996
0.10658
0.10776
0.10516
0.09295
0.07399
0.04244
0.02345
0.02112
0.02447
0.02926
0.03569
0.03822
0.03761
0.03197
0.02495
0.01761
0.01139
0.01111
0.01918
0.03139
0.04198
0.04657
0.04414
0.03814
0.03106
0.02306
0.01605
0.0116
0.00902
0.00485
0.00366
0.00434
0.00502
0.00372
0.00197
0.00103
0.00053
0.00027
0.00034
0.0014
0.00632
0.02125
0.05234
0.07675
0.07278
0.05486
0.04302
0.03904
0.0395
0.04303
0.04959
0.0466
0.04365
0.04171
0.04492
0.04431
0.04129
0.03674
0.03516
0.03935
0.0505
0.06972
0.0951
0.13081
0.17024
0.18685
0.16961
0.14457
0.11726
0.09151
0.06904
0.05299
0.04315
0.03635
0.02999
0.02543
0.01987
0.01687
0.01528
0.01283
0.01088
0.00784
0.00587
0.00558
0.00635
0.00826
0.01019
0.01308
0.018
0.02709
0.04896
0.07382
0.07434
0.06383
0.0509
0.0404
0.03262
0.02889
0.02697
0.02316
0.01792
0.01108
0.01013
0.01093
0.01131
0.01159
0.01262
0.01413
0.01763
0.02247
0.02942
0.03848
0.04748
0.06022
0.07656
0.08426
0.07881
0.06737
0.05314
0.04165
0.03425
0.02899
0.02391
0.01602
0.00977
0.00477
0.00399
0.00449
0.00483
0.00481
0.00557
0.00797
0.01222
0.01878
0.02677
0.03863
0.05499
0.06853
0.07551
0.08713
0.08364
0.07116
0.05474
0.04023
0.03084
0.02437
0.01965
0.01663
0.01773
0.01992
0.02773
0.03911
0.04802
0.04836
0.04425
0.04159
0.04005
0.04017
0.04121
0.04501
0.05212
0.05888
0.07556
0.0977
0.10148
0.09974
0.09505
0.08943
0.08487
0.08316
0.08606
0.09028
0.09107
0.08396
0.09453
0.11072
0.12648
0.12847
0.12829
0.13265
0.1402
0.14983
0.16042
0.18661
0.20641
0.22148
0.26858
0.3015
0.3073
0.30927
0.3059
0.30371
0.30092
0.29875
0.30036
0.29088
0.26572
0.22686
0.22036
0.23665
0.23992
0.23221
0.22257
0.20792
0.18828
0.16479
0.14356
0.12083
0.09642
0.09166
0.09878
0.10255
0.10148
0.09813
0.0906
0.08069
0.07157
0.06513
0.05951
0.0509
0.0421
0.03152
0.03596
0.04332
0.04279
0.03747
0.03475
0.03102
0.0268
0.02303
0.02077
0.02196
0.02314
0.02222
0.01979
0.01935
0.01962
0.02034
0.02058
0.02028
0.02001
0.02088
0.02281
0.02405
0.02562
0.02677
0.02845
0.0308
0.03411
0.03853
0.04452
0.05308
0.06422
0.07478
0.08439
0.08692
0.08844
0.09209
0.09652
0.09912
0.09775
0.10152
0.10595
0.10591
0.10381
0.10238
0.10136
0.09418
0.08712
0.07782
0.07133
0.07251
0.08288
0.10037
0.12284
0.14667
0.16517
0.17341
0.17265
0.17001
0.16224
0.16227
0.17571
0.18884
0.19844
0.20506
0.20497
0.19789
0.18658
0.17287
0.15876
0.14826
0.14294
0.13619
0.13471
0.13802
0.13767
0.12763
0.11337
0.09734
0.07998
0.06277
0.04649
0.03545
0.0259
0.02157
0.0249
0.02941
0.03262
0.03379
0.0319
0.02701
0.02217
0.01831
0.01591
0.01446
0.01359
0.01057
0.00973
0.01491
0.02223
0.0256
0.02495
0.02161
0.01665
0.01162
0.00833
0.0072
0.00731
0.00814
0.01062
0.01164
0.01032
0.00884
0.00719
0.00541
0.00459
0.00394
0.00352
0.00313
0.00295
0.00219
0.00116
0.00285
0.01177
0.01559
0.01415
0.01066
0.00684
0.00377
0.00224
0.00247
0.00333
0.00565
0.01149
0.01772
0.02107
0.02169
0.02221
0.02163
0.02068
0.01943
0.01828
0.01669
0.0159
0.01388
0.00742
0.00724
0.01498
0.01917
0.01803
0.01451
0.00973
0.00591
0.00408
0.00404
0.00516
0.0091
0.02178
0.03806
0.04869
0.05661
0.06174
0.06207
0.05906
0.05581
0.05165
0.04462
0.03889
0.0301
0.01505
0.01168
0.02062
0.03423
0.04401
0.04838
0.05017
0.05466
0.06474
0.0715
0.07497
0.09734
0.14548
0.18321
0.19949
0.2125
0.21532
0.21081
0.2054
0.20131
0.20142
0.20282
0.20591
0.18772
0.16658
0.20951
0.28971
0.33419
0.34713
0.34562
0.34816
0.3629
0.37973
0.38792
0.34205
0.32936
0.36639
0.38126
0.37399
0.3619
0.33403
0.30577
0.27658
0.2536
0.23073
0.21068
0.18857
0.16123
0.13737
0.13911
0.15875
0.17066
0.18951
0.21276
0.23413
0.24892
0.25981
0.28015
0.29551
0.34959
0.4185
0.47187
0.51043
0.52411
0.52214
0.51843
0.50978
0.50486
0.50823
0.51088
0.51955
0.52096
0.52781
0.56656
0.59895
0.62483
0.62067
0.59462
0.55699
0.51076
0.45614
0.39074
0.30037
0.20716
0.19074
0.20937
0.24154
0.27681
0.3061
0.32705
0.33413
0.32938
0.31426
0.29773
0.27792
0.24232
0.20453
0.22846
0.28787
0.31881
0.34226
0.35672
0.35152
0.32547
0.28333
0.2257
0.16922
0.15604
0.19964
0.268
0.33508
0.40533
0.45594
0.47351
0.4504
0.40455
0.36003
0.33426
0.31829
0.29635
0.2726
0.25619
0.2549
0.24425
0.23338
0.23221
0.23349
0.22815
0.2038
0.17078
0.14756
0.13846
0.1387
0.13975
0.13881
0.13248
0.11915
0.10261
0.08768
0.074
0.06324
0.05558
0.05164
0.04677
0.04702
0.05519
0.06571
0.06807
0.06855
0.07194
0.07386
0.06989
0.06124
0.05356
0.04303
0.0321
0.03161
0.03329
0.03544
0.03791
0.03837
0.03581
0.0324
0.03009
0.02792
0.0268
0.02787
0.02823
0.02302
0.02092
0.02595
0.02697
0.02735
0.02569
0.02153
0.01537
0.00871
0.00379
0.00108
0.00081
0.00322
0.00728
0.01125
0.01304
0.01342
0.01353
0.01172
0.01028
0.0101
0.00956
0.01042
0.01056
0.00638
0.0055
0.00659
0.00549
0.00485
0.00522
0.0063
0.00622
0.00523
0.00518
0.00917
0.02069
0.03589
0.04151
0.03741
0.02943
0.02324
0.01932
0.01695
0.01712
0.02026
0.02212
0.02519
0.02685
0.02061
0.01952
0.02661
0.03544
0.04502
0.0542
0.06321
0.06999
0.06663
0.06308
0.05323
0.05249
0.06911
0.09121
0.11114
0.12167
0.13035
0.1375
0.14277
0.14159
0.13952
0.13292
0.12667
0.11879
0.12571
0.1416
0.15226
0.16314
0.17714
0.18967
0.20293
0.22071
0.23668
0.24189
0.23947
0.23384
0.23
0.23765
0.24354
0.24606
0.24124
0.23246
0.22284
0.21499
0.20858
0.19656
0.19495
0.192
0.19124
0.22442
0.25416
0.25659
0.24811
0.23315
0.21321
0.18854
0.16005
0.1318
0.09963
0.07335
0.06399
0.06048
0.05746
0.05684
0.0576
0.05696
0.05606
0.05479
0.05302
0.04986
0.04692
0.04563
0.04388
0.05637
0.06964
0.07361
0.07117
0.06689
0.05983
0.05334
0.04646
0.04351
0.03773
0.03063
0.03222
0.03845
0.04819
0.05654
0.06448
0.07432
0.08584
0.09725
0.10978
0.11826
0.12849
0.13672
0.13909
0.17111
0.21168
0.23869
0.25974
0.27558
0.28659
0.29208
0.29263
0.29351
0.27202
0.25048
0.26069
0.27213
0.28295
0.28908
0.29483
0.31008
0.33255
0.35153
0.35765
0.35109
0.34897
0.34725
0.35505
0.41645
0.47759
0.52639
0.56951
0.59411
0.60642
0.59921
0.57792
0.55023
0.49575
0.46726
0.47031
0.4791
0.4892
0.49868
0.50622
0.51642
0.53422
0.55453
0.57078
0.58281
0.59677
0.60379
0.60267
0.61247
0.64245
0.65793
0.65711
0.6534
0.64542
0.6331
0.60226
0.55385
0.49206
0.44103
0.408
0.3748
0.34167
0.30653
0.26724
0.23112
0.19815
0.17426
0.15624
0.14178
0.13162
0.12043
0.10507
0.1132
0.13273
0.14373
0.1481
0.14716
0.14524
0.14557
0.14242
0.13408
0.0951
0.065
0.05467
0.04331
0.03338
0.02908
0.02742
0.02827
0.0323
0.03966
0.0481
0.05004
0.04889
0.04167
0.02752
0.02878
0.03709
0.03905
0.0396
0.04059
0.04117
0.04141
0.04086
0.04158
0.03501
0.02784
0.02999
0.0286
0.02451
0.02464
0.0251
0.0243
0.0233
0.02403
0.0259
0.02217
0.01721
0.01314
0.00842
0.01628
0.03427
0.04311
0.04704
0.04991
0.05191
0.05303
0.05512
0.06298
0.06636
0.0813
0.12354
0.14132
0.13954
0.12875
0.11581
0.10128
0.08715
0.07566
0.06774
0.0601
0.05363
0.04762
0.03204
0.03733
0.06858
0.08448
0.09243
0.10077
0.11617
0.13974
0.17135
0.19713
0.18849
0.19341
0.22037
0.22189
0.20793
0.19467
0.17904
0.15929
0.14106
0.12912
0.12342
0.11867
0.11427
0.10614
0.09054
0.10322
0.13196
0.14353
0.1467
0.14261
0.13137
0.1184
0.10765
0.10017
0.09051
0.09952
0.11363
0.1132
0.10405
0.09557
0.08865
0.08052
0.06978
0.05908
0.05087
0.04398
0.04108
0.04119
0.03876
0.0439
0.06055
0.08268
0.10478
0.12423
0.13073
0.12609
0.10994
0.09997
0.10385
0.15617
0.22383
0.26337
0.27503
0.26599
0.24513
0.21305
0.17546
0.13956
0.11107
0.08553
0.06799
0.05756
0.04512
0.04294
0.04704
0.04802
0.04847
0.04781
0.04977
0.05744
0.06731
0.08061
0.10754
0.16254
0.2187
0.25187
0.26612
0.27086
0.2656
0.25055
0.23512
0.21894
0.20793
0.18621
0.16244
0.14356
0.11686
0.11048
0.12418
0.14733
0.17187
0.19429
0.21589
0.23768
0.24852
0.2536
0.29271
0.3545
0.40898
0.44691
0.47288
0.49218
0.48609
0.46419
0.43987
0.41479
0.38685
0.36875
0.3703
0.38633
0.38047
0.41071
0.50315
0.58094
0.62842
0.65228
0.64886
0.61282
0.54884
0.47532
0.38619
0.3558
0.35001
0.33395
0.31119
0.28606
0.25129
0.21971
0.20016
0.1961
0.2183
0.24124
0.27412
0.3153
0.34222
0.36378
0.39476
0.42105
0.44975
0.47397
0.47909
0.45683
0.42513
0.41488
0.44129
0.49151
0.546
0.58434
0.59747
0.60025
0.60146
0.58641
0.565
0.54177
0.53131
0.5363
0.54977
0.55849
0.54958
0.54683
0.56866
0.61658
0.64355
0.64472
0.63416
0.60629
0.56864
0.52763
0.47837
0.45089
0.44355
0.43564
0.43206
0.43284
0.42625
0.40419
0.37219
0.33286
0.2892
0.24309
0.21005
0.18951
0.16622
0.15666
0.16724
0.17845
0.17689
0.16444
0.14558
0.12479
0.10195
0.07682
0.04892
0.04289
0.05353
0.06733
0.07954
0.08517
0.0824
0.0714
0.06428
0.05722
0.04977
0.03972
0.03309
0.02921
0.01509
0.00888
0.01447
0.01794
0.02173
0.02608
0.0297
0.03372
0.0392
0.04106
0.03753
0.04763
0.05886
0.06391
0.06577
0.06784
0.06974
0.07452
0.08166
0.08984
0.09703
0.10005
0.10312
0.10709
0.10893
0.11429
0.14813
0.18179
0.20764
0.23263
0.25276
0.25344
0.23096
0.19205
0.1418
0.12236
0.11129
0.10156
0.09433
0.09103
0.08575
0.07673
0.06462
0.05336
0.04462
0.03778
0.03607
0.03865
0.0391
0.03968
0.05728
0.07784
0.08626
0.08164
0.06936
0.05594
0.04095
0.0294
0.02347
0.02974
0.04317
0.06694
0.10645
0.13366
0.14768
0.15856
0.16844
0.17715
0.18359
0.19197
0.20929
0.22694
0.22133
0.21551
0.24484
0.265
0.25386
0.23051
0.20484
0.17716
0.13529
0.10549
0.09894
0.10747
0.1138
0.11281
0.10704
0.09883
0.08899
0.08079
0.07371
0.06893
0.06442
0.05962
0.05269
0.04536
0.03398
0.02738
0.03111
0.0318
0.03247
0.03705
0.04247
0.04464
0.0412
0.03303
0.02481
0.02775
0.03586
0.04567
0.05794
0.06135
0.06423
0.0673
0.06978
0.07616
0.08621
0.09744
0.11044
0.12314
0.12782
0.13542
0.17137
0.21639
0.24861
0.26853
0.28123
0.28538
0.27176
0.2446
0.21664
0.20891
0.19756
0.1774
0.15208
0.12761
0.10431
0.08371
0.06874
0.05864
0.05168
0.05055
0.04798
0.04445
0.03643
0.02736
0.02512
0.02564
0.0285
0.02965
0.03127
0.03283
0.03263
0.03044
0.02524
0.02509
0.02538
0.02402
0.02406
0.02334
0.02107
0.01948
0.01819
0.01713
0.01577
0.01302
0.01088
0.00919
0.00688
0.00589
0.00954
0.01209
0.01244
0.01422
0.01987
0.03075
0.04553
0.05588
0.05262
0.06352
0.07284
0.0723
0.06549
0.06348
0.06067
0.05673
0.0519
0.04766
0.0444
0.04151
0.03894
0.0381
0.03254
0.02873
0.04374
0.05642
0.05725
0.05288
0.05097
0.0546
0.06207
0.06991
0.06175
0.07004
0.07517
0.06898
0.05841
0.05016
0.04358
0.03797
0.03522
0.03326
0.03093
0.0257
0.0206
0.01809
0.01366
0.00843
0.02158
0.04204
0.05079
0.05739
0.06508
0.07532
0.0915
0.10509
0.09053
0.1088
0.12558
0.12771
0.11604
0.10807
0.10282
0.09584
0.08747
0.08187
0.07816
0.07798
0.07735
0.07466
0.0626
0.05226
0.07791
0.126
0.1691
0.18818
0.20109
0.2151
0.22701
0.21589
0.17987
0.20853
0.22981
0.22332
0.20935
0.20144
0.186
0.16617
0.14702
0.13384
0.12728
0.11357
0.09796
0.08647
0.0699
0.05537
0.07771
0.10773
0.12378
0.12281
0.12155
0.13093
0.15588
0.16269
0.13368
0.14755
0.15031
0.13259
0.1114
0.09923
0.0887
0.07804
0.06898
0.06371
0.06281
0.0607
0.06193
0.06425
0.05762
0.04194
0.05645
0.07509
0.07834
0.08114
0.08317
0.08162
0.07457
0.05895
0.04312
0.04978
0.05012
0.04351
0.0353
0.03278
0.03161
0.03014
0.02891
0.02751
0.0255
0.02301
0.02114
0.02057
0.01739
0.00999
0.0107
0.01716
0.01849
0.01841
0.01866
0.0197
0.02258
0.02378
0.03421
0.057
0.0686
0.07072
0.06593
0.0602
0.05652
0.05415
0.05204
0.04897
0.04453
0.04043
0.0375
0.03617
0.03421
0.02175
0.02106
0.03048
0.03722
0.03894
0.03493
0.02877
0.02311
0.01465
0.0137
0.01467
0.0123
0.00991
0.00985
0.01361
0.02031
0.02603
0.03015
0.03262
0.03552
0.03666
0.03902
0.04058
0.035
0.01627
0.01245
0.02048
0.02499
0.02971
0.0359
0.03959
0.03715
0.02832
0.01829
0.0144
0.01177
0.00993
0.00956
0.00992
0.01095
0.01359
0.01825
0.02432
0.02967
0.03216
0.03097
0.02899
0.02443
0.02196
0.02914
0.05736
0.08237
0.0922
0.08833
0.07659
0.0651
0.06139
0.09284
0.15004
0.19729
0.22745
0.24536
0.26985
0.28925
0.30003
0.30793
0.31762
0.33008
0.32817
0.31872
0.31105
0.30502
0.30425
0.30911
0.31819
0.3248
0.32068
0.29888
0.26247
0.23234
0.22099
0.23479
0.25501
0.26112
0.25727
0.25027
0.25211
0.24932
0.242
0.23588
0.23279
0.23298
0.22441
0.21749
0.21811
0.21794
0.21019
0.21105
0.21617
0.21429
0.2043
0.18868
0.17076
0.15225
0.13348
0.12816
0.1314
0.12939
0.12153
0.10931
0.09441
0.07995
0.06579
0.05379
0.04364
0.03608
0.03232
0.03056
0.02932
0.02768
0.02492
0.02474
0.02331
0.01955
0.01524
0.01178
0.00999
0.00784
0.00644
0.00732
0.00954
0.01111
0.01197
0.01203
0.0116
0.0114
0.01098
0.01013
0.00926
0.009
0.00944
0.01051
0.01182
0.01201
0.01082
0.01151
0.01219
0.01109
0.00934
0.00971
0.01283
0.01899
0.02638
0.03956
0.06081
0.07451
0.07691
0.07417
0.06707
0.05786
0.05064
0.04743
0.04717
0.04964
0.05518
0.06277
0.06904
0.07299
0.06973
0.0869
0.11616
0.14138
0.16076
0.18249
0.21038
0.23985
0.25006
0.26554
0.31129
0.32241
0.30696
0.28291
0.25686
0.23471
0.21842
0.21123
0.20968
0.21229
0.22199
0.2377
0.25828
0.26891
0.25369
0.28606
0.3597
0.38868
0.38912
0.38354
0.3804
0.36821
0.3241
0.30048
0.32327
0.31937
0.29487
0.26223
0.23866
0.21137
0.1829
0.15725
0.13779
0.12746
0.12394
0.12615
0.13246
0.13246
0.10339
0.10838
0.14013
0.13663
0.12339
0.11963
0.12628
0.13487
0.13701
0.15452
0.1821
0.18562
0.17416
0.15641
0.13486
0.116
0.10365
0.09884
0.09906
0.10383
0.11347
0.12473
0.13373
0.13661
0.12109
0.13965
0.14326
0.1154
0.09071
0.08058
0.08277
0.09402
0.10169
0.09877
0.10002
0.09055
0.074
0.05844
0.04726
0.04239
0.04306
0.0504
0.06202
0.07737
0.08929
0.09901
0.10934
0.11681
0.12123
0.13088
0.14873
0.16283
0.16387
0.15482
0.14333
0.13758
0.1391
0.14233
0.14409
0.13712
0.12147
0.10204
0.08531
0.07402
0.06857
0.07269
0.08728
0.10856
0.13128
0.15154
0.16642
0.17858
0.18577
0.19448
0.20416
0.20796
0.20449
0.19803
0.18759
0.17721
0.16926
0.16812
0.16473
0.15386
0.13779
0.11872
0.09691
0.0731
0.05589
0.04916
0.04911
0.05098
0.05279
0.05435
0.0549
0.05141
0.04523
0.04126
0.04032
0.04102
0.04247
0.04617
0.05126
0.05501
0.05767
0.05682
0.0509
0.04141
0.03369
0.0274
0.0211
0.01586
0.01246
0.00898
0.00612
0.00499
0.00453
0.00472
0.00544
0.00588
0.00565
0.00534
0.00511
0.00454
0.00351
0.00251
0.00195
0.00183
0.00242
0.0037
0.00506
0.00597
0.00652
0.0066
0.00698
0.00753
0.00801
0.00864
0.01011
0.01216
0.01353
0.01457
0.01521
0.01568
0.01372
0.01029
0.00925
0.00931
0.00897
0.00837
0.00807
0.00818
0.00814
0.00901
0.01067
0.01313
0.01609
0.018
0.01823
0.01714
0.01514
0.01233
0.01055
0.00981
0.0101
0.01159
0.01341
0.01401
0.0121
0.00885
0.00605
0.00458
0.00348
0.00317
0.00329
0.00349
0.00351
0.00396
0.00376
0.00271
0.00175
0.0011
0.00077
0.00051
0.00034
0.00026
0.00024
0.00025
0.00027
5.00E-04
0.00109
0.00194
0.00242
0.00268
0.00354
0.00511
0.00806
0.01188
0.01528
0.0166
0.01639
0.01711
0.01579
0.01355
0.01284
0.01381
0.01428
0.01386
0.01258
0.01075
0.009
0.00809
0.00898
0.01261
0.01965
0.03022
0.04448
0.05723
0.06898
0.08274
0.10132
0.11429
0.11671
0.11371
0.11346
0.13014
0.15496
0.17978
0.20102
0.22037
0.22463
0.22159
0.21728
0.2105
0.20563
0.20303
0.212
0.2219
0.23138
0.23333
0.22231
0.21066
0.21908
0.23766
0.24565
0.24728
0.24783
0.25123
0.26562
0.28541
0.29924
0.30651
0.29624
0.27976
0.2737
0.27052
0.26634
0.25996
0.24755
0.22528
0.21013
0.20044
0.19171
0.18354
0.16636
0.14491
0.14205
0.1582
0.15992
0.14036
0.11155
0.08075
0.05525
0.04441
0.03638
0.03033
0.02649
0.02662
0.02804
0.03198
0.03859
0.04627
0.05229
0.05696
0.06013
0.06842
0.07785
0.08249
0.07366
0.05507
0.05657
0.07936
0.09713
0.09798
0.0853
0.07093
0.06806
0.0882
0.10409
0.10933
0.10644
0.10324
0.1105
0.12269
0.13227
0.13428
0.1359
0.13882
0.1314
0.11632
0.11145
0.11302
0.10362
0.08702
0.09364
0.11401
0.12152
0.11549
0.10196
0.07603
0.04786
0.02921
0.01811
0.01286
0.01073
0.00992
0.00938
0.00957
0.01133
0.01457
0.01776
0.02232
0.0297
0.0364
0.03832
0.04032
0.04377
0.04605
0.05122
0.06958
0.08612
0.08971
0.08516
0.07501
0.0796
0.1221
0.15873
0.17139
0.16944
0.16108
0.15718
0.1486
0.13713
0.12681
0.1167
0.11076
0.10112
0.09356
0.0881
0.08402
0.07449
0.06265
0.06234
0.07212
0.08165
0.08282
0.07987
0.07323
0.09011
0.13962
0.18229
0.20046
0.20406
0.19664
0.17209
0.1321
0.10588
0.09589
0.09673
0.10271
0.11252
0.12335
0.13251
0.13809
0.13729
0.13201
0.12903
0.12808
0.12543
0.11989
0.11103
0.10276
0.0976
0.10751
0.11107
0.10383
0.09358
0.08579
0.07881
0.06698
0.05227
0.03902
0.02852
0.02125
0.01608
0.01295
0.01111
0.00891
0.00569
0.00247
0.00135
0.00123
0.00132
0.0013
0.00121
0.00099
0.00071
9.00E-04
0.00155
0.00266
0.00361
0.00457
0.00482
0.00484
0.00518
0.00717
0.01206
0.02018
0.0297
0.03776
0.03939
0.03362
0.02732
0.01832
0.0156
0.01809
0.02014
0.01856
0.017
0.01895
0.02886
0.05445
0.08744
0.11605
0.1368
0.14915
0.15464
0.15333
0.14525
0.13362
0.12344
0.11688
0.11563
0.11744
0.12049
0.12598
0.12832
0.12738
0.13472
0.14261
0.1386
0.12847
0.1237
0.12387
0.15328
0.21124
0.24493
0.25329
0.24616
0.2326
0.21693
0.19397
0.16899
0.14152
0.11546
0.0947
0.08043
0.0732
0.0695
0.06758
0.05907
0.03636
0.02405
0.02118
0.01795
0.01441
0.01063
0.00771
0.00745
0.00735
0.00694
0.00687
0.00804
0.01154
0.01676
0.02095
0.02241
0.02136
0.01855
0.0144
0.01178
0.00944
0.0079
0.00723
0.00642
0.00355
0.00206
0.00227
0.00207
0.00199
0.00222
0.00275
0.00476
0.01125
0.0217
0.03293
0.04121
0.04408
0.04325
0.03987
0.03596
0.03341
0.0303
0.02807
0.02438
0.02098
0.01913
0.019
0.01658
0.0087
0.00408
0.00331
0.00346
0.00333
0.00313
0.00272
0.00303
0.00402
0.00581
0.00797
0.01136
0.01564
0.02111
0.02666
0.03163
0.03692
0.04411
0.05125
0.06054
0.06911
0.07738
0.08565
0.08851
0.07163
0.04977
0.04174
0.04091
0.03901
0.03551
0.03351
0.0455
0.06784
0.08725
0.0982
0.10011
0.0975
0.09327
0.0874
0.08133
0.07492
0.06933
0.065
0.05734
0.04916
0.04122
0.03531
0.03101
0.02402
0.01994
0.02007
0.02338
0.02504
0.02225
0.02294
0.02795
0.04206
0.05967
0.07863
0.09772
0.11658
0.13048
0.13496
0.13319
0.12956
0.1226
0.11586
0.11513
0.12751
0.14878
0.17299
0.19433
0.19396
0.17031
0.1581
0.15332
0.1504
0.15024
0.15147
0.1654
0.18391
0.19877
0.21374
0.23113
0.25578
0.29799
0.33752
0.36792
0.37892
0.38202
0.36064
0.32495
0.27488
0.23917
0.20489
0.17733
0.15007
0.13501
0.1474
0.18003
0.21017
0.24005
0.2875
0.34857
0.4138
0.48463
0.54376
0.60132
0.6564
0.70356
0.72335
0.70906
0.66973
0.61238
0.5421
0.47583
0.41999
0.36015
0.29002
0.22283
0.1639
0.12389
0.10824
0.08854
0.06824
0.05419
0.05303
0.08689
0.14628
0.2185
0.29764
0.36989
0.43114
0.49988
0.56163
0.60089
0.62188
0.62847
0.63298
0.62847
0.60452
0.58359
0.5466
0.51753
0.53164
0.59818
0.63507
0.65758
0.65976
0.66132
0.68052
0.71197
0.73716
0.75148
0.76358
0.77444
0.7845
0.7881
0.78754
0.78692
0.79177
0.8011
0.80947
0.82051
0.82351
0.81789
0.80051
0.77655
0.73748
0.70394
0.67317
0.65807
0.64434
0.63573
0.63252
0.63719
0.6263
0.60945
0.58103
0.55966
0.52583
0.51269
0.49442
0.48515
0.46451
0.45225
0.43794
0.42835
0.41262
0.40258
0.38399
0.36478
0.34692
0.34398
0.35049
0.36139
0.36087
0.35386
0.34219
0.33828
0.34207
0.34677
0.34571
0.33992
0.33649
0.3377
0.34005
0.3407
0.34521
0.35127
0.35797
0.36355
0.36666
0.36517
0.36355
0.34952
0.31922
0.2934
0.28585
0.27323
0.23731
0.18575
0.133
0.10605
0.09349
0.09432
0.10702
0.12429
0.14887
0.1765
0.21018
0.24162
0.26449
0.28493
0.30506
0.32966
0.3638
0.40378
0.43537
0.45857
0.46105
0.46082
0.47068
0.48757
0.48822
0.4842
0.49264
0.52736
0.57675
0.62554
0.66751
0.69248
0.7047
0.71567
0.72986
0.74097
0.73985
0.73941
0.74113
0.73771
0.74353
0.7486
0.75079
0.74343
0.72849
0.7115
0.71749
0.71375
0.68111
0.63425
0.60203
0.58057
0.56147
0.5381
0.5199
0.50757
0.50344
0.51162
0.51833
0.52429
0.52532
0.52676
0.54915
0.58039
0.61319
0.63866
0.66205
0.68619
0.7055
0.7299
0.74731
0.7564
0.75969
0.75839
0.75278
0.73268
0.69436
0.64156
0.57845
0.51267
0.45406
0.41762
0.3915
0.37218
0.37004
0.38009
0.40037
0.40921
0.41642
0.42249
0.42616
0.42703
0.42081
0.42552
0.45438
0.47833
0.49286
0.4919
0.48268
0.47121
0.44946
0.42697
0.40434
0.38687
0.37867
0.36934
0.35458
0.34496
0.34142
0.34543
0.36152
0.38341
0.41644
0.44684
0.4747
0.49584
0.51537
0.51947
0.51425
0.51374
0.51137
0.51915
0.53355
0.54062
0.55581
0.60041
0.68022
0.77201
0.85881
0.91991
0.955
0.9706
0.97702
0.97999
0.98045
0.97973
0.97652
0.97093
0.95497
0.92113
0.87858
0.84102
0.81529
0.8018
0.76705
0.71734
0.67962
0.6801
0.70269
0.73621
0.77639
0.82094
0.86152
0.89784
0.92195
0.93423
0.93893
0.94016
0.94189
0.941
0.93969
0.93711
0.93385
0.92823
0.91939
0.90649
0.89261
0.88052
0.85932
0.82871
0.80315
0.77019
0.73036
0.69223
0.65254
0.61998
0.58281
0.54892
0.51928
0.50233
0.48707
0.47278
0.46467
0.46952
0.46818
0.45579
0.44061
0.42357
0.39336
0.35462
0.3343
0.31613
0.28104
0.23767
0.20721
0.19598
0.19117
0.18997
0.19409
0.19877
0.2051
0.21782
0.22641
0.22846
0.23022
0.22727
0.21483
0.1947
0.18077
0.1639
0.1412
0.11502
0.08429
0.07086
0.07539
0.07851
0.08661
0.10083
0.11656
0.12999
0.14425
0.15466
0.1583
0.15622
0.15151
0.15077
0.15476
0.16126
0.1686
0.17468
0.18523
0.19787
0.21171
0.22751
0.2432
0.25502
0.26049
0.26675
0.28739
0.3099
0.31828
0.32193
0.32898
0.34282
0.35543
0.35539
0.34139
0.32428
0.30671
0.28668
0.25976
0.22704
0.19248
0.16368
0.14062
0.12281
0.10727
0.08841
0.06699
0.0468
0.02758
0.01991
0.02267
0.03028
0.03998
0.04963
0.06301
0.09123
0.12384
0.15478
0.18145
0.20241
0.22097
0.23047
0.23471
0.24253
0.25849
0.27937
0.30293
0.32308
0.34377
0.3704
0.4009
0.43134
0.4548
0.47637
0.51154
0.54933
0.57994
0.60247
0.62156
0.64433
0.66409
0.65855
0.63514
0.5896
0.53784
0.48834
0.44273
0.394
0.35875
0.32563
0.29906
0.26646
0.23595
0.20813
0.18893
0.16988
0.14515
0.12394
0.11387
0.10371
0.08857
0.07311
0.06473
0.0646
0.06174
0.05658
0.05316
0.05452
0.0588
0.0648
0.07355
0.08276
0.09205
0.09849
0.10169
0.09748
0.09043
0.08228
0.0701
0.05782
0.04663
0.03363
0.02269
0.01748
0.0157
0.01606
0.01715
0.02038
0.02036
0.01592
0.01255
0.01401
0.02096
0.0311
0.04355
0.06036
0.07696
0.09069
0.10394
0.11706
0.1246
0.12955
0.13537
0.14312
0.15233
0.15945
0.17129
0.18698
0.19895
0.20962
0.22483
0.24949
0.28079
0.31321
0.3482
0.38136
0.40829
0.43497
0.4605
0.48356
0.50186
0.51721
0.53122
0.53666
0.52495
0.50387
0.49758
0.48283
0.46691
0.44407
0.42886
0.43069
0.44486
0.45756
0.47845
0.50072
0.5211
0.53981
0.57173
0.61231
0.66542
0.71458
0.7739
0.82885
0.87341
0.90252
0.91952
0.92336
0.91876
0.90757
0.88891
0.8639
0.83831
0.82266
0.81742
0.8248
0.84287
0.86619
0.89268
0.92066
0.94806
0.96582
0.9748
0.97933
0.98252
0.98454
0.98025
0.97195
0.96383
0.95061
0.93096
0.90882
0.88665
0.86176
0.83073
0.79642
0.75817
0.72766
0.70611
0.69144
0.67985
0.66852
0.66506
0.66382
0.67135
0.68423
0.69694
0.70634
0.71578
0.73609
0.76026
0.76049
0.73943
0.70368
0.66314
0.62012
0.57783
0.53693
0.49801
0.46557
0.43485
0.40659
0.37869
0.35255
0.32941
0.30589
0.27954
0.26044
0.2409
0.2306
0.22833
0.23927
0.25839
0.28499
0.3131
0.34844
0.3799
0.40104
0.41121
0.41759
0.4134
0.40574
0.39271
0.38419
0.36621
0.33456
0.3116
0.30152
0.29397
0.28965
0.28623
0.29645
0.3081
0.31776
0.32409
0.3287
0.32671
0.31686
0.30222
0.28343
0.2594
0.23512
0.21841
0.20985
0.2006
0.19041
0.18404
0.18009
0.17204
0.14659
0.12769
0.12376
0.13337
0.15328
0.17578
0.20122
0.22072
0.23357
0.25065
0.27324
0.30232
0.33477
0.37441
0.41495
0.44992
0.48584
0.53518
0.60108
0.67043
0.72781
0.76137
0.75633
0.71948
0.65532
0.59189
0.53456
0.50284
0.48122
0.47354
0.47839
0.48098
0.48128
0.48719
0.49795
0.51463
0.52636
0.53239
0.54106
0.54692
0.54791
0.5474
0.5631
0.59334
0.61521
0.62992
0.65114
0.67644
0.68811
0.69604
0.7032
0.71656
0.73349
0.74751
0.75714
0.76366
0.77229
0.78253
0.78763
0.78523
0.77811
0.7767
0.77955
0.78302
0.78969
0.79611
0.79876
0.80095
0.79827
0.79399
0.78905
0.79031
0.78392
0.7834
0.78188
0.77784
0.77642
0.77241
0.77151
0.76484
0.74825
0.71451
0.65613
0.58434
0.50879
0.42951
0.34765
0.28057
0.22019
0.17335
0.13339
0.10179
0.07862
0.064
0.05313
0.04239
0.02705
0.01605
0.01178
0.01064
0.01212
0.01695
0.02256
0.0286
0.03409
0.04161
0.05139
0.06156
0.07273
0.08562
0.09403
0.10047
0.10729
0.11577
0.12492
0.13762
0.15355
0.17065
0.18624
0.1951
0.17884
0.17022
0.17705
0.19155
0.20937
0.24007
0.29426
0.3316
0.34311
0.34637
0.33775
0.31971
0.30524
0.28745
0.27199
0.25891
0.25286
0.24905
0.24639
0.25196
0.25484
0.25789
0.2638
0.26725
0.25521
0.24577
0.25188
0.26481
0.26919
0.25684
0.25022
0.24839
0.24981
0.25669
0.27028
0.2885
0.30389
0.31955
0.33649
0.34964
0.35962
0.36725
0.37907
0.39173
0.40177
0.41102
0.41848
0.41515
0.40285
0.40806
0.42627
0.44581
0.46364
0.47996
0.50493
0.51639
0.52071
0.52416
0.5328
0.54156
0.55086
0.55134
0.53955
0.52592
0.50943
0.50138
0.50049
0.50617
0.51413
0.52243
0.54575
0.57035
0.59495
0.61328
0.63084
0.63878
0.64395
0.63682
0.63502
0.63486
0.65025
0.65866
0.67381
0.67706
0.67415
0.64784
0.62193
0.58295
0.55588
0.52933
0.51915
0.50871
0.50133
0.48484
0.46704
0.43457
0.38818
0.34514
0.31567
0.27476
0.23208
0.20585
0.20779
0.22115
0.2437
0.28789
0.34368
0.41406
0.48834
0.56763
0.63933
0.70321
0.7561
0.79273
0.7983
0.75759
0.67357
0.57618
0.48082
0.39146
0.31389
0.25584
0.20885
0.16673
0.13468
0.10913
0.08941
0.06934
0.05204
0.03634
0.02489
0.01771
0.01336
0.01046
0.00938
0.00988
0.0117
0.01545
0.02237
0.03129
0.03905
0.04516
0.04956
0.05047
0.04124
0.03459
0.03239
0.03222
0.03527
0.04633
0.07377
0.10074
0.11716
0.12134
0.11678
0.10753
0.0956
0.08581
0.0752
0.06452
0.0523
0.04339
0.0367
0.03148
0.02917
0.02794
0.02657
0.02262
0.01505
0.00922
0.00659
0.00634
0.00842
0.01513
0.02482
0.03434
0.04171
0.04717
0.05106
0.05646
0.0663
0.0789
0.09168
0.10454
0.11755
0.13357
0.1511
0.16782
0.18294
0.19503
0.20607
0.20884
0.2053
0.20348
0.20576
0.20893
0.21809
0.23619
0.25996
0.27095
0.27892
0.28682
0.29184
0.29684
0.30733
0.31548
0.31933
0.3138
0.30017
0.28721
0.27506
0.25913
0.25226
0.25724
0.2673
0.2739
0.27065
0.27343
0.28303
0.29161
0.3018
0.31628
0.3406
0.36003
0.37545
0.39382
0.40729
0.41295
0.41019
0.40223
0.39169
0.3769
0.36429
0.35981
0.35656
0.35356
0.3433
0.32801
0.31499
0.30582
0.29262
0.28085
0.27175
0.25852
0.24179
0.22716
0.22335
0.22114
0.22633
0.24603
0.26842
0.28532
0.2906
0.29777
0.30496
0.30423
0.30116
0.29783
0.29813
0.29742
0.28962
0.28193
0.2791
0.27546
0.26389
0.25744
0.26006
0.2648
0.26838
0.27472
0.28039
0.28453
0.29338
0.30739
0.32516
0.33922
0.34713
0.35115
0.35963
0.37014
0.3797
0.38796
0.39468
0.40131
0.41368
0.42257
0.42888
0.43043
0.4169
0.40687
0.39807
0.3963
0.39939
0.40616
0.41922
0.42134
0.40744
0.39272
0.3736
0.36031
0.35333
0.35701
0.36898
0.38777
0.40258
0.42486
0.43687
0.45463
0.47204
0.49875
0.52652
0.56086
0.5832
0.63637
0.68536
0.72536
0.75864
0.7889
0.81892
0.84032
0.86201
0.88653
0.90439
0.9179
0.92892
0.93114
0.90769
0.85679
0.78023
0.70704
0.64814
0.62102
0.62844
0.65752
0.70094
0.73343
0.75406
0.77565
0.80121
0.8172
0.82541
0.82405
0.81668
0.8028
0.78832
0.77285
0.76448
0.75763
0.76919
0.77717
0.78642
0.79347
0.80755
0.82112
0.8372
0.84512
0.86156
0.86495
0.8567
0.82645
0.79616
0.75944
0.71985
0.66761
0.61285
0.54874
0.49768
0.44274
0.38972
0.34115
0.2943
0.25414
0.22196
0.20243
0.19787
0.20887
0.2347
0.27204
0.30389
0.32706
0.34277
0.36051
0.3769
0.3879
0.38811
0.39747
0.41419
0.43949
0.47844
0.52946
0.60141
0.66714
0.72045
0.75381
0.77352
0.76573
0.7407
0.69599
0.65772
0.6045
0.55425
0.49622
0.47307
0.45872
0.45639
0.44329
0.43116
0.40274
0.36001
0.33074
0.32283
0.3152
0.30416
0.29831
0.29595
0.29567
0.31087
0.33634
0.37635
0.42464
0.50443
0.57489
0.64436
0.70068
0.75304
0.78184
0.79629
0.7983
0.79136
0.78234
0.76918
0.75408
0.73374
0.72627
0.72228
0.71732
0.70851
0.69835
0.68853
0.67234
0.64826
0.62867
0.61035
0.59418
0.57696
0.56072
0.54349
0.53354
0.52382
0.52151
0.51827
0.52524
0.53971
0.5577
0.57607
0.58619
0.59063
0.59643
0.60061
0.59709
0.57528
0.54491
0.5179
0.48591
0.44389
0.39962
0.34385
0.27963
0.21574
0.16702
0.13358
0.11437
0.10041
0.08801
0.07576
0.06073
0.04533
0.03527
0.03204
0.03282
0.03226
0.03312
0.04022
0.05748
0.08821
0.13876
0.20509
0.25969
0.29797
0.32417
0.34369
0.35547
0.37026
0.37518
0.37145
0.36412
0.35678
0.34694
0.34267
0.34294
0.34948
0.36078
0.37223
0.3742
0.34998
0.31615
0.2821
0.2421
0.20468
0.17994
0.172
0.1676
0.16564
0.16167
0.15331
0.14577
0.14746
0.14796
0.14279
0.13759
0.14034
0.15636
0.17227
0.19975
0.23853
0.28212
0.32556
0.35213
0.36056
0.36859
0.37686
0.39082
0.41712
0.46504
0.54034
0.61492
0.66987
0.70294
0.71309
0.70767
0.71759
0.72831
0.7298
0.72518
0.71949
0.71521
0.71162
0.69308
0.65759
0.61029
0.55896
0.49829
0.43552
0.38523
0.33891
0.29178
0.25372
0.22083
0.18934
0.15617
0.13623
0.12713
0.12638
0.12798
0.12771
0.12583
0.12271
0.72518
0.71949
0.71521
0.71162
0.69308
0.65759
0.61029
0.55896
0.49829
0.43552
0.38523
0.33891
0.29178
0.25372
0.22083
0.18934
0.15617
0.13623
0.12713
0.12638
0.12798
0.12771
0.12583
0.12271