31,05
30,47
28,92
27,88
26,96
27,84
28,79
28,63
28,44
28,30
30,65
31,55
32,16
32,45
32,63
33,65
34,90
36,22
36,65
36,37
35,49
34,41
34,66
32,55
33,15
32,66
31,83
31,47
32,56
34,36
36,28
38,39
39,09
38,33
38,42
38,25
37,96
37,89
37,88
38,78
39,83
39,91
39,32
38,49
37,46
36,94
36,37
34,59
33,11
32,22
31,46
31,67
32,05
33,67
34,93
35,82
36,38
36,52
36,71
36,60
36,51
36,40
36,42
36,58
36,94
36,94
36,81
36,43
35,91
35,45
34,77
32,09
31,71
30,86
30,21
30,36
30,89
32,21
34,33
35,98
36,72
36,68
36,80
36,64
36,44
36,31
35,83
36,12
36,80
37,29
37,15
36,47
36,03
35,43
35,17
32,95
33,69
32,71
32,09
32,17
32,73
33,77
34,03
33,98
34,45
36,12
36,69
36,74
36,52
36,12
36,14
36,78
37,71
38,37
37,99
36,94
36,24
35,89
35,70
35,44
34,87
33,05
32,25
32,41
32,45
32,80
33,27
32,97
33,65
34,25
35,01
35,94
35,79
35,02
34,85
35,18
35,90
37,09
37,65
37,39
36,99
36,10
36,00
34,93
34,97
33,71
33,13
33,23
34,10
35,68
38,51
40,66
42,48
42,08
41,97
41,37
40,30
39,96
40,17
41,60
42,37
41,93
39,97
38,90
37,92
37,47
36,49
35,55
35,44
35,01
34,83
34,84
35,21
36,35
39,04
42,55
44,35
43,58
43,15
42,43
41,92
41,94
41,72
43,47
47,47
47,97
44,91
42,78
39,77
39,09
38,23
36,14
36,49
35,92
35,44
35,76
35,93
37,31
39,17
41,40
43,51
41,59
40,80
40,56
40,50
40,74
40,53
40,75
42,96
43,08
40,87
39,81
39,02
37,97
36,71
35,30
35,77
35,20
34,74
35,00
36,00
37,13
38,83
41,69
44,07
42,70
42,08
41,72
41,80
42,41
43,61
44,02
47,44
48,80
43,22
41,56
40,29
39,65
38,90
37,44
37,10
36,33
36,05
35,57
36,34
38,13
40,29
45,68
49,75
46,30
45,58
43,60
43,43
43,04
43,72
44,15
47,64
49,17
43,78
41,82
40,12
39,58
38,85
37,64
37,94
37,52
36,95
36,98
36,88
37,24
37,90
38,62
39,28
40,31
40,99
41,24
40,98
40,79
40,84
42,09
44,73
50,04
48,05
42,05
40,35
39,79
39,58
38,34
38,76
38,32
37,87
37,25
37,17
37,33
37,26
37,68
37,81
38,47
39,14
39,76
39,56
39,06
38,97
39,50
40,39
43,41
46,10
42,75
40,52
39,63
39,61
38,27
37,69
37,43
37,54
37,61
38,23
38,98
41,97
54,77
57,92
52,10
49,10
48,84
48,78
50,78
52,35
51,86
53,20
60,50
50,61
47,92
42,80
41,16
40,32
38,59
38,69
37,95
37,57
37,96
38,42
39,33
42,53
56,21
59,22
55,12
54,63
52,44
49,01
51,91
52,92
54,87
58,01
64,00
55,91
47,23
43,12
41,65
40,49
38,94
38,99
38,13
37,89
38,19
38,70
40,26
44,27
63,87
70,00
72,83
60,10
52,93
55,59
59,13
57,06
56,18
58,92
69,93
60,04
49,42
43,11
41,89
40,47
38,79
39,41
39,03
38,93
39,23
39,65
40,69
43,82
61,58
62,42
59,92
58,14
56,22
58,78
60,12
62,37
62,34
62,30
72,83
86,07
61,30
48,66
45,96
42,31
40,37
39,76
38,98
38,72
39,01
39,21
40,40
44,83
62,03
66,97
65,13
60,20
49,28
48,09
46,28
46,99
47,89
54,60
61,96
51,88
44,16
41,97
40,43
39,25
38,69
38,16
37,98
37,92
37,97
38,00
37,96
38,08
38,38
39,03
40,65
41,56
41,93
41,60
41,00
40,09
40,23
41,70
47,97
46,02
41,79
39,98
39,14
38,76
37,92
38,01
37,87
37,53
37,16
36,95
37,13
37,35
37,47
37,96
38,60
39,49
40,10
39,71
38,39
37,88
38,43
39,41
40,07
40,71
39,82
38,92
37,91
37,86
37,21
37,27
37,28
37,05
37,26
37,36
38,03
39,78
43,20
44,78
43,91
42,71
42,21
42,37
42,52
42,21
42,50
44,33
49,47
43,82
42,29
41,27
40,51
39,62
37,67
37,09
36,94
36,98
37,10
37,47
38,33
40,05
53,98
63,33
50,70
48,13
47,07
45,51
46,93
47,19
53,51
61,50
75,05
54,04
48,59
44,20
42,98
40,71
39,36
39,31
38,16
37,86
38,22
38,78
40,36
45,70
68,10
75,00
70,07
70,06
66,01
65,37
64,35
61,65
58,63
59,59
75,02
63,53
55,77
45,82
43,13
41,08
40,19
40,41
39,63
39,18
39,67
39,38
41,20
48,24
68,45
71,28
75,00
63,84
60,05
69,48
64,63
63,54
60,66
66,38
78,79
81,59
50,47
47,97
47,81
43,89
40,16
40,23
39,29
39,06
39,17
39,78
41,03
52,18
62,32
69,60
69,90
67,97
66,79
60,60
55,07
49,91
50,69
55,08
62,28
57,65
44,25
41,24
40,39
39,10
37,22
36,73
36,45
36,43
36,42
36,15
36,19
36,26
36,33
36,49
37,82
38,64
38,68
38,12
37,79
37,45
37,88
38,96
40,38
39,82
39,09
38,11
36,66
37,01
36,19
35,97
35,80
35,11
34,39
34,43
34,44
34,99
35,12
35,60
36,03
36,65
36,92
36,53
36,33
36,11
36,14
36,76
37,71
38,26
37,86
36,40
36,01
36,05
35,03
35,12
34,44
34,12
34,53
35,05
35,90
38,32
40,13
40,65
39,96
39,66
39,37
39,12
39,09
39,09
39,21
39,61
40,20
39,73
38,97
37,76
36,00
35,65
34,29
33,12
32,61
32,24
32,27
32,76
34,61
36,24
37,66
38,02
38,00
37,95
38,38
38,32
38,94
39,27
39,41
39,70
42,47
40,02
39,45
38,88
37,86
36,19
34,49
33,47
32,02
31,44
31,62
32,22
33,74
35,73
37,73
37,89
37,58
37,56
37,41
37,04
36,64
36,43
36,57
37,18
37,84
37,41
36,96
36,28
35,41
34,49
33,20
33,77
33,08
32,36
32,55
33,61
34,66
35,58
37,03
37,26
36,84
36,68
36,37
36,14
36,42
36,69
37,14
37,64
38,74
38,56
37,50
36,71
36,61
35,94
35,00
34,63
34,33
34,04
34,38
34,75
35,80
36,85
38,47
40,92
41,96
42,24
41,22
39,97
39,73
39,22
39,34
40,24
44,27
41,97
39,84
38,73
38,01
37,80
36,51
36,97
36,18
34,86
34,69
34,55
34,69
34,93
35,29
36,60
37,87
38,26
38,08
37,57
36,72
35,85
35,95
36,72
38,61
39,13
38,45
36,95
35,79
36,25
35,02
35,83
34,84
34,29
34,51
34,40
34,66
35,00
35,24
35,70
36,85
37,30
37,31
36,54
35,83
35,84
35,95
36,61
37,30
37,67
37,00
36,69
36,28
35,86
34,92
34,96
34,57
34,18
34,27
34,89
36,09
38,32
39,57
40,30
39,61
39,23
38,35
37,62
37,09
36,97
36,96
37,17
37,63
37,60
36,91
36,03
35,46
34,92
34,32
34,03
33,63
33,07
33,35
33,81
34,79
36,45
38,51
38,83
38,50
38,01
37,69
37,59
37,55
37,51
38,09
39,43
41,42
39,92
39,41
38,59
37,55
36,94
34,89
35,28
35,21
34,91
35,13
35,55
36,63
38,61
41,69
44,39
43,16
42,81
41,38
40,60
40,60
40,52
40,55
41,55
44,38
41,66
40,49
39,31
38,31
37,04
35,90
36,58
35,95
35,45
35,53
35,85
37,52
40,64
44,24
48,05
44,81
43,84
41,78
41,56
41,20
41,45
41,36
41,89
53,61
44,44
41,70
40,75
40,29
39,47
37,58
36,77
36,22
36,17
36,50
36,83
37,72
40,51
42,65
45,33
43,86
42,17
41,36
40,79
40,46
40,36
40,18
40,66
42,00
40,99
40,24
39,23
38,76
38,29
37,06
37,06
36,86
36,62
36,43
36,67
36,85
37,07
37,40
37,92
39,88
40,35
40,31
40,11
39,63
38,82
39,01
40,26
42,66
41,95
40,73
39,81
38,10
37,63
36,65
37,49
36,98
36,77
36,73
36,60
36,57
37,14
37,29
37,36
37,76
38,14
38,57
37,94
37,64
37,49
37,45
37,97
39,73
40,52
39,90
38,78
37,78
37,59
36,89
37,03
36,54
36,42
36,48
37,02
37,70
40,21
46,04
47,68
46,96
44,99
44,56
42,66
41,66
41,27
41,52
42,78
49,90
50,55
45,38
41,19
40,37
40,20
38,57
37,22
36,80
36,88
37,05
37,28
37,97
40,36
48,01
54,59
50,74
51,08
45,72
43,67
42,54
43,04
42,44
43,94
54,73
47,98
42,44
41,08
40,55
39,85
38,34
37,20
37,00
36,92
37,11
37,72
38,73
41,36
61,76
63,90
60,90
58,96
46,98
43,62
42,92
43,01
42,88
44,98
59,31
48,09
42,55
40,81
40,41
39,26
37,73
37,11
36,86
36,58
36,76
36,74
37,67
40,02
42,47
43,97
42,47
42,56
41,54
41,04
40,80
40,83
40,82
40,97
42,91
41,75
40,74
40,03
39,39
38,11
36,93
36,62
36,40
36,16
36,64
37,21
38,33
40,07
42,73
45,63
44,60
43,90
42,66
41,50
40,90
40,59
40,40
40,70
42,08
41,77
40,62
40,02
39,38
38,85
37,78
37,23
37,13
36,78
36,48
36,64
36,64
37,11
37,73
39,08
39,62
39,96
39,92
39,70
39,32
38,49
38,26
39,32
40,84
40,91
40,08
39,40
38,17
38,13
37,50
37,10
36,56
36,17
35,88
35,98
36,26
36,85
37,08
38,13
38,38
38,35
38,42
37,62
37,23
36,88
37,09
37,78
40,05
40,76
40,10
39,43
37,91
38,20
36,99
37,13
36,81
36,03
35,98
37,44
38,86
40,05
41,89
43,96
42,89
42,38
40,95
40,61
40,32
39,99
39,83
40,03
40,73
40,44
39,83
39,08
38,23
37,62
36,45
36,51
35,76
35,37
35,63
35,98
37,22
38,98
40,09
40,39
40,24
40,30
40,07
39,94
40,03
39,97
39,77
39,99
40,89
40,88
40,25
39,68
39,26
38,04
36,90
36,98
36,42
36,41
36,98
37,35
38,18
39,75
40,93
41,81
41,96
41,62
40,94
40,88
40,70
40,36
40,28
40,47
42,21
42,22
40,74
39,97
39,69
38,75
37,31
38,30
37,93
37,80
38,06
38,26
39,75
41,93
50,02
58,24
51,73
50,10
46,99
45,02
44,80
43,43
42,13
42,48
48,78
47,45
42,86
41,72
41,12
40,25
39,07
39,20
38,69
38,71
39,18
39,65
40,29
42,96
46,80
55,35
53,77
47,75
43,98
43,04
42,45
41,94
41,70
41,87
43,30
45,22
43,31
41,52
40,73
39,64
38,53
39,30
38,53
37,77
37,66
37,80
38,01
37,69
37,78
38,32
38,88
39,05
38,94
38,31
37,68
37,32
37,42
38,01
40,00
41,23
40,51
39,08
39,04
38,37
37,56
37,30
37,00
36,75
36,62
36,61
36,70
36,54
36,50
36,59
36,98
37,99
38,85
38,60
37,05
36,85
36,79
37,07
39,13
40,35
40,26
39,50
39,04
38,76
37,51
37,02
36,87
36,91
37,33
37,87
39,15
40,61
41,34
41,77
41,62
41,41
41,10
40,89
40,73
40,58
40,48
40,65
41,48
41,69
41,18
40,50
40,07
39,42
37,94
38,02
37,40
37,01
37,45
38,41
39,75
41,17
41,85
42,92
42,67
41,98
41,65
41,48
41,28
41,16
41,09
41,14
41,97
41,98
41,59
41,13
40,49
39,49
38,01
39,20
37,79
37,83
38,07
39,14
40,43
41,64
44,12
46,12
45,37
43,99
42,40
41,74
41,50
41,23
41,02
41,14
41,94
42,94
41,84
41,04
40,34
39,63
38,60
38,24
37,87
37,27
37,97
38,41
39,87
41,10
42,13
43,73
42,50
42,23
41,54
40,92
40,39
40,11
39,77
39,81
40,86
41,13
40,75
40,09
39,47
38,54
37,00
37,58
36,94
36,47
36,78
37,55
38,79
40,98
41,82
43,16
42,94
42,56
42,16
41,64
41,18
40,38
40,25
40,65
42,10
42,62
42,03
41,51
40,87
40,14
39,34
40,88
39,60
38,67
38,63
39,01
38,70
38,46
39,48
40,09
40,46
40,67
39,98
39,30
38,32
37,82
37,96
38,29
39,92
40,65
39,92
38,46
38,00
37,80
37,31
37,24
36,76
36,71
36,67
36,87
37,40
37,23
37,32
37,50
38,10
38,71
39,72
39,24
38,27
38,09
38,98
40,43
41,90
42,88
42,97
42,36
41,82
41,10
40,37
40,23
39,07
38,83
39,20
39,42
41,24
43,81
49,58
53,97
50,04
46,80
42,63
40,97
40,45
40,82
41,89
42,62
43,88
44,66
43,63
42,55
41,81
38,85
37,67
38,10
37,58
37,66
38,16
38,35
39,98
41,35
43,58
43,92
42,57
41,22
40,80
40,91
40,60
40,51
40,80
42,42
43,78
43,91
43,29
42,64
41,70
39,99
38,16
38,32
37,93
37,72
38,06
38,68
40,77
43,35
44,99
45,42
44,67
43,16
41,66
40,74
40,83
41,26
41,94
42,59
43,27
43,83
43,39
42,23
41,63
40,54
38,45
38,72
38,07
37,93
38,10
38,26
39,85
42,08
44,00
45,09
44,01
43,68
43,03
41,66
41,46
41,23
41,08
40,79
43,18
43,92
43,74
43,16
41,34
40,24
39,13
38,84
38,45
38,32
38,20
38,60
40,19
42,28
43,55
43,70
43,03
42,06
41,43
40,48
39,75
39,38
39,17
39,33
41,35
43,33
43,09
42,19
41,47
40,47
39,51
40,00
38,74
38,17
38,37
38,70
39,03
39,08
39,02
40,13
40,78
40,66
40,47
40,18
39,68
39,30
39,39
39,89
40,59
43,05
43,05
40,97
40,36
40,08
38,69
40,00
39,05
38,48
38,47
38,60
38,87
38,65
38,77
38,67
39,44
39,98
40,16
39,71
39,18
38,83
38,78
39,26
40,29
41,46
42,41
41,41
40,97
40,65
39,47
40,26
39,72
39,98
40,46
41,01
42,00
43,24
44,84
47,71
47,87
45,42
44,47
43,77
43,40
43,29
43,33
43,20
45,58
53,22
50,74
45,80
43,25
41,85
41,41
41,85
41,25
41,04
41,36
41,87
42,93
45,06
56,91
59,27
54,91
51,72
48,12
45,45
44,97
44,48
44,94
44,74
49,31
59,22
55,01
47,90
44,85
43,50
41,72
41,44
40,87
40,90
41,07
41,60
43,18
46,72
61,88
73,96
75,54
61,39
48,52
48,04
46,93
47,66
46,60
45,84
50,39
59,28
59,63
50,08
45,75
43,54
41,97
42,80
42,00
42,15
42,69
43,52
45,11
54,68
83,92
84,41
63,98
57,04
50,18
46,03
45,68
45,39
45,91
47,88
59,74
72,82
74,93
58,09
47,24
44,39
42,45
43,15
42,99
43,12
43,55
43,91
45,02
48,49
71,64
75,06
65,47
53,09
47,90
44,96
43,96
43,80
43,27
43,47
45,86
54,97
50,76
44,64
43,13
42,24
41,67
42,62
42,45
42,03
41,74
41,26
41,84
42,41
43,08
42,80
42,89
42,63
42,41
41,77
41,19
40,75
40,89
41,24
43,19
45,29
45,38
43,05
42,29
42,18
41,26
42,11
41,78
41,03
40,51
40,65
40,96
40,69
40,61
40,59
41,03
41,32
41,08
40,98
40,81
40,77
40,72
40,70
41,19
42,57
42,95
42,21
41,87
41,36
41,12
40,42
39,70
39,46
39,93
40,62
42,33
43,40
44,38
44,52
44,27
43,97
43,84
43,88
44,24
44,28
43,95
43,64
44,18
44,85
44,62
43,60
42,85
41,33
40,62
41,62
41,18
41,28
41,46
41,98
43,62
44,96
49,47
51,98
50,65
46,47
45,50
44,65
44,24
44,16
43,92
44,23
45,91
47,72
47,67
45,90
45,01
43,76
41,59
41,77
41,60
41,85
42,10
42,58
43,90
46,56
59,16
67,47
59,20
54,95
50,92
47,08
47,98
47,81
48,40
46,96
49,04
50,31
51,17
47,47
46,72
44,52
42,71
43,77
43,39
43,67
44,16
44,71
46,01
49,93
74,29
90,14
74,52
64,44
57,07
50,93
50,01
49,05
50,97
49,10
57,04
78,94
95,69
52,37
51,12
46,98
44,35
44,17
44,14
44,11
44,22
44,48
45,81
50,25
67,64
59,05
48,84
47,32
46,16
45,63
45,48
45,09
44,81
44,77
45,25
46,10
46,35
45,63
45,09
44,41
43,98
44,19
43,36
42,63
42,78
43,18
43,36
43,14
44,12
44,53
45,28
45,35
44,92
44,41
44,10
43,81
43,78
44,20
44,89
45,94
47,03
45,63
45,05
44,61
44,09
44,29
43,84
43,76
43,87
44,06
44,25
44,32
44,46
44,52
44,94
45,24
45,04
44,64
44,41
44,03
43,58
43,75
44,71
45,85
46,38
45,77
45,08
44,97
44,23
44,52
44,30
44,23
44,30
44,83
46,16
47,02
51,79
53,26
48,93
47,64
46,70
46,12
45,94
45,99
45,60
45,40
45,99
46,29
48,11
46,07
45,23
44,91
44,21
44,77
44,58
44,68
45,07
45,46
46,15
46,85
48,68
48,03
47,17
46,38
45,53
44,85
44,85
44,90
44,61
44,50
45,05
47,31
49,08
46,88
45,94
45,45
44,14
45,53
45,56
45,77
46,25
46,91
47,37
48,06
53,03
53,15
48,34
47,38
46,57
46,10
46,03
46,03
45,84
46,01
46,86
49,28
50,59
49,19
48,01
46,75
45,19
47,07
46,83
46,92
47,39
48,05
49,87
49,16
51,67
49,74
48,76
48,78
47,59
47,01
46,84
46,77
47,00
47,87
48,77
50,50
50,79
50,33
49,94
49,40
46,91
46,84
46,63
46,79
47,10
47,17
47,40
47,02
46,75
46,89
47,22
47,25
46,86
46,36
46,28
46,29
46,33
46,48
47,91
48,27
49,89
48,49
47,51
47,20
46,79
47,07
46,88
46,82
46,92
47,07
47,38
47,27
47,40
47,39
47,46
47,48
47,30
47,02
46,64
46,47
46,42
46,42
46,92
48,19
49,11
47,55
46,90
46,99
46,46
47,02
46,64
46,51
46,59
46,64
46,72
46,59
46,23
46,66
47,08
46,87
46,46
45,90
45,50
44,94
44,75
45,21
46,08
46,59
47,50
47,00
47,17
46,63
47,05
46,69
46,30
46,19
46,24
46,98
47,68
48,18
48,56
48,83
49,32
48,76
48,05
47,00
46,28
45,98
46,07
46,88
47,24
48,69
48,98
47,93
47,29
46,84
47,76
46,88
46,66
46,70
47,05
49,02
54,66
95,43
109,55
77,40
58,09
52,59
51,36
50,04
49,49
49,01
48,95
49,59
53,36
58,91
59,03
54,51
49,70
47,26
48,26
47,09
46,82
47,06
47,49
49,63
49,94
58,75
60,78
53,55
51,93
50,63
49,84
49,32
47,89
47,60
47,51
47,97
48,16
50,87
51,74
48,80
48,00
47,44
47,03
46,43
46,16
46,21
46,76
47,97
49,37
58,88
65,35
61,20
56,09
51,69
49,26
48,44
47,92
47,65
47,64
48,20
49,08
50,88
51,38
50,97
48,80
46,50
48,82
48,27
47,76
47,48
48,18
49,79
51,56
65,54
74,28
66,99
55,80
53,57
52,99
51,25
49,61
48,94
48,47
50,02
50,51
50,94
51,48
50,66
49,34
48,31
49,60
49,03
48,88
48,83
49,14
49,52
50,12
49,90
49,76
50,74
50,99
49,90
49,22
48,52
47,93
47,57
47,52
47,91
50,20
52,15
51,94
49,96
49,46
47,87
48,64
47,98
48,36
48,15
48,57
48,50
48,50
47,82
48,23
48,46
48,65
48,48
47,91
47,25
47,06
46,85
47,10
47,98
49,17
50,30
51,89
50,67
50,05
49,00
49,84
49,56
49,65
49,78
50,19
51,93
58,93
90,54
89,20
72,47
60,91
60,49
59,07
56,00
55,98
55,94
54,64
59,12
57,61
57,02
58,33
55,96
51,97
49,81
51,33
50,38
50,12
50,05
50,49
52,47
54,45
65,00
70,09
57,62
55,30
54,34
52,73
52,04
51,67
51,54
51,23
51,87
52,00
52,36
53,35
52,42
50,50
48,98
49,91
49,26
48,71
48,48
49,42
50,95
51,83
66,99
66,78
59,14
54,62
53,60
52,97
54,05
52,99
52,12
51,16
53,72
53,77
54,05
54,88
54,08
51,96
50,36
49,83
49,07
48,40
48,27
49,12
50,45
53,19
66,97
74,86
64,73
62,00
55,76
55,00
54,47
52,81
52,17
51,23
52,29
52,41
52,09
52,56
52,42
50,79
49,98
50,69
48,62
47,27
47,92
49,11
51,47
51,84
57,21
71,15
62,30
57,98
55,39
53,65
53,83
53,56
53,10
52,54
52,75
52,35
52,76
52,17
51,15
51,17
51,01
52,58
50,98
49,95
49,35
49,63
50,75
50,30
50,48
51,47
52,26
53,15
52,40
51,96
51,46
51,14
50,48
50,20
51,38
51,82
51,74
54,06
53,20
51,95
50,97
49,72
48,05
47,55
47,39
47,50
47,43
47,52
47,57
47,46
47,34
47,81
47,53
46,78
46,35
45,39
44,68
44,59
45,26
45,80
46,86
48,44
47,99
47,53
45,50
43,19
40,65
38,21
39,85
41,50
44,15
48,06
52,62
54,39
52,98
52,93
52,65
52,41
52,52
52,17
52,11
51,65
53,06
53,96
53,83
54,26
54,50
54,12
51,94
45,99
45,65
45,45
45,75
46,80
48,81
51,46
57,58
58,31
55,66
52,95
52,00
51,53
51,33
50,95
50,02
49,68
50,02
51,10
51,17
51,31
51,29
48,54
45,89
41,38
37,65
37,01
37,80
40,96
43,50
45,62
49,65
50,70
50,21
48,74
47,34
47,00
46,33
45,94
45,78
45,78
46,32
46,19
47,85
48,02
47,39
45,79
42,63
35,99
34,37
32,91
32,92
34,32
35,63
39,85
42,56
43,29
42,80
42,17
41,64
40,38
39,40
39,01
38,73
38,69
39,64
40,20
40,60
41,45
41,57
40,41
39,20
33,89
32,20
30,16
29,91
31,47
33,90
37,08
40,39
41,72
40,67
40,23
39,89
39,02
38,87
38,40
37,87
36,22
36,96
37,79
37,34
38,92
39,37
38,55
36,79
36,75
36,39
36,49
37,02
36,93
34,78
37,04
38,83
40,06
40,27
40,42
40,17
40,02
39,41
39,09
38,51
38,54
38,81
38,74
38,96
40,01
40,80
40,54
40,52
40,62
38,86
38,09
37,60
37,12
37,04
36,12
36,85
38,48
39,66
40,07
39,78
38,97
38,16
37,08
36,07
37,05
37,69
38,08
39,08
40,34
40,48
40,81
38,75
38,04
38,01
37,08
37,46
38,58
40,88
43,38
45,58
46,75
46,26
45,66
45,09
44,60
43,64
42,88
41,65
40,97
42,15
42,66
42,60
42,72
42,84
41,19
37,32
34,44
32,07
31,01
30,84
30,76
31,99
38,65
43,17
43,10
41,63
40,25
38,82
38,59
37,42
37,10
36,83
36,95
37,88
39,85
39,76
39,96
40,37
40,04
37,47
38,58
37,15
34,43
33,12
33,58
38,80
43,32
44,48
45,01
44,54
43,68
42,42
40,49
38,89
38,91
38,53
38,35
39,00
40,52
41,61
41,95
41,90
40,96
37,90
37,95
36,06
35,48
34,91
34,54
39,01
42,94
44,32
44,56
43,28
43,15
43,01
42,60
42,05
41,59
40,74
40,37
40,56
40,59
43,02
43,43
42,15
41,54
39,33
37,52
36,30
36,41
36,75
37,27
38,64
41,66
43,01
44,17
44,31
44,06
43,15
42,47
42,09
41,61
40,64
39,94
39,44
39,78
39,46
39,65
39,83
39,06
37,09
37,50
36,08
35,10
35,06
34,71
35,05
37,60
38,60
38,72
39,20
39,47
39,19
39,00
38,55
37,87
37,89
37,78
38,71
38,72
38,54
38,72
39,22
39,17
38,77
37,03
34,94
34,82
34,48
34,90
35,07
34,78
35,89
36,27
36,91
37,76
37,51
36,19
35,07
34,22
33,62
33,80
33,82
34,49
36,47
38,62
38,84
38,89
35,68
35,61
34,04
32,21
30,77
30,76
34,02
40,20
44,04
44,70
43,81
43,28
41,59
40,54
39,85
39,27
38,87
38,73
38,84
39,42
40,76
41,34
41,24
39,96
36,70
36,99
34,70
34,30
34,36
34,41
37,34
39,26
43,95
45,18
43,97
42,24
43,07
42,15
41,15
39,71
39,06
39,25
39,32
39,92
40,60
41,52
41,18
39,46
35,38
37,64
36,12
34,84
34,94
35,23
36,93
37,97
39,39
39,31
40,35
40,59
39,93
39,72
39,75
39,61
39,42
39,35
39,70
39,92
39,69
39,70
40,58
40,50
39,32
39,91
38,07
38,46
38,59
38,54
39,76
40,98
44,52
45,36
44,96
44,56
43,97
43,71
43,09
42,32
41,55
41,79
41,64
41,01
41,15
41,97
42,98
42,07
40,17
39,13
38,77
37,64
37,04
36,44
39,59
41,51
43,77
45,01
45,46
44,23
43,25
41,91
41,79
41,64
41,06
40,74
40,69
41,03
41,04
40,38
41,08
40,91
39,17
40,13
36,81
35,27
34,68
33,87
33,98
34,21
35,53
38,82
41,01
41,07
40,90
40,12
39,79
39,48
38,75
38,69
38,71
39,52
40,02
39,75
39,80
39,59
37,83
39,45
37,84
36,28
35,76
35,22
35,29
35,49
37,86
39,40
39,02
39,69
39,93
39,22
38,64
37,93
37,33
37,90
39,70
39,82
40,03
40,69
41,01
40,81
39,57
40,45
39,35
39,03
39,12
39,27
41,65
42,81
45,88
51,27
53,01
47,06
48,79
47,85
45,31
44,61
43,44
43,07
43,07
44,20
43,09
42,74
42,51
42,29
39,99
38,76
37,23
37,03
37,01
37,73
39,15
41,33
45,22
47,53
45,98
45,22
45,02
43,94
42,54
41,27
40,53
39,97
39,97
40,75
40,17
40,51
39,99
39,06
36,32
35,98
33,28
31,51
31,45
31,69
34,91
41,07
43,60
43,68
42,26
41,00
40,02
39,93
38,89
37,94
37,51
36,91
38,59
40,45
40,91
41,55
41,59
37,75
34,45
33,91
32,56
32,36
31,52
31,55
30,75
32,59
34,77
35,20
36,36
37,90
37,35
36,60
36,46
35,50
35,03
35,21
34,87
35,38
36,05
39,93
40,57
39,17
34,46
33,72
31,61
30,37
29,02
27,01
29,90
35,01
39,90
41,95
41,50
39,01
38,51
36,12
35,89
35,63
35,42
34,90
36,63
37,97
38,25
38,37
38,74
36,02
33,41
31,80
30,00
29,88
29,50
28,87
28,49
29,41
32,56
34,22
36,64
37,61
36,77
36,40
36,01
34,29
34,25
34,36
35,63
34,85
35,47
35,96
35,34
34,31
33,18
34,27
31,88
29,99
29,94
30,10
30,90
29,28
31,11
32,25
34,75
35,65
35,79
35,55
35,16
34,51
34,91
35,65
36,04
36,35
36,56
36,79
38,18
38,13
36,33
36,06
32,84
32,23
31,57
31,29
34,99
40,01
42,58
43,49
43,24
43,66
45,08
43,43
43,20
43,10
41,82
40,23
40,78
41,20
41,91
41,26
40,50
39,57
36,99
34,27
32,16
31,58
31,50
32,13
34,62
40,27
44,09
45,31
44,11
43,78
43,24
43,44
42,62
41,58
41,48
40,94
41,19
41,94
42,46
42,91
42,03
40,38
37,53
35,34
34,40
34,02
33,48
33,54
37,17
39,70
43,54
44,68
42,27
41,03
40,48
40,03
39,80
39,36
39,11
38,30
38,44
39,72
40,16
39,83
40,08
39,49
34,66
30,42
27,46
27,45
26,58
29,02
31,72
37,12
41,28
44,75
44,30
43,90
43,33
41,23
38,80
38,29
37,87
36,22
36,43
37,87
37,93
37,60
37,59
34,76
31,18
27,21
24,36
22,07
19,38
22,06
27,72
34,60
38,88
39,97
40,28
41,22
40,83
39,91
38,75
38,04
37,34
36,73
37,07
37,69
36,53
36,60
36,88
34,80
31,76
29,43
26,02
22,72
20,45
19,97
25,59
27,08
29,83
31,42
32,63
33,37
33,04
32,41
32,32
32,10
31,95
32,00
32,14
33,78
35,45
35,84
36,15
34,88
32,06
31,35
29,74
28,04
27,07
26,86
25,74
27,14
28,91
31,12
31,91
32,25
32,27
31,89
31,84
31,23
30,73
31,46
31,83
31,92
31,83
31,73
31,82
31,83
31,41
26,84
24,53
19,19
13,42
16,06
26,51
32,97
36,14
37,93
38,73
39,87
39,17
38,28
37,56
36,44
35,55
33,66
34,71
35,81
38,55
38,38
38,91
38,74
35,16
31,89
27,92
22,26
22,38
25,11
30,82
39,50
43,48
46,18
44,59
43,04
44,66
42,89
42,68
41,87
41,16
40,58
40,98
40,49
39,51
38,36
38,03
36,75
34,51
31,76
29,09
24,78
20,07
20,25
28,94
35,71
40,21
41,99
41,57
41,35
40,98
39,16
38,37
36,95
35,44
33,47
33,09
32,84
33,09
33,71
33,92
32,72
28,72
27,33
25,06
21,18
21,53
28,00
31,30
37,09
42,00
45,03
45,18
44,72
44,55
44,00
43,25
43,59
43,44
42,90
42,15
42,95
42,09
41,07
40,86
39,97
37,45
36,20
33,22
31,01
29,89
30,08
33,93
38,88
40,98
42,34
42,45
43,22
42,36
41,75
40,96
40,87
39,70
39,33
39,15
39,09
39,98
39,48
39,10
38,61
36,27
36,17
34,02
31,93
31,14
30,32
30,16
30,15
32,62
33,77
36,14
36,65
35,57
33,34
32,91
32,00
31,39
31,47
31,90
32,45
34,02
34,22
35,98
36,38
32,46
31,09
28,42
24,46
19,51
17,27
19,02
20,14
26,02
30,24
31,18
31,53
31,07
30,15
30,27
30,49
30,64
31,11
31,52
32,31
32,41
32,46
32,92
33,78
32,21
33,11
32,06
30,92
30,23
32,02
34,53
38,32
43,77
47,17
48,57
46,99
45,94
44,41
45,04
44,57
43,95
43,70
43,43
44,01
43,18
42,42
42,64
41,16
38,33
35,63
33,18
32,08
30,69
31,47
34,41
39,86
43,07
43,57
43,01
42,47
41,78
40,91
39,94
39,91
40,07
40,08
40,62
40,25
39,96
39,83
39,56
38,98
34,95
33,90
33,00
30,25
29,23
29,64
31,51
39,17
41,78
43,41
43,06
42,43
42,69
41,94
42,48
42,19
41,61
41,10
41,28
40,92
40,42
39,92
39,73
39,25
36,92
35,46
33,04
32,16
30,06
30,92
33,48
36,69
40,34
41,16
40,62
40,49
40,37
40,12
39,13
38,72
38,24
37,79
38,30
39,06
39,32
38,76
37,30
36,16
31,33
29,68
26,69
25,39
26,96
27,61
32,02
37,15
40,22
40,96
41,38
40,91
41,44
40,88
39,05
38,27
37,54
37,02
37,02
37,12
37,13
37,24
37,12
36,44
33,07
34,15
33,26
31,05
30,03
27,94
27,08
32,55
33,50
36,10
36,94
38,03
38,06
36,61
34,64
33,39
33,08
33,12
33,70
33,63
33,41
33,01
32,41
32,45
31,08
32,52
29,48
27,87
26,09
21,44
21,33
25,29
26,82
30,41
32,47
32,39
32,95
33,04
32,94
32,43
31,89
31,99
32,48
32,96
33,29
33,32
33,22
33,15
32,59
31,57
28,55
27,48
26,14
28,88
32,54
37,26
39,99
41,76
41,92
42,97
43,75
42,24
40,90
39,28
38,71
38,41
38,11
38,29
38,68
38,38
38,31
37,89
34,87
32,81
32,00
30,35
29,74
30,09
32,77
38,53
41,49
44,49
44,10
44,76
44,04
42,98
42,66
41,03
40,86
39,77
39,77
40,19
40,94
40,96
39,95
39,82
36,51
35,93
35,28
34,46
34,17
34,21
36,34
40,16
44,58
49,99
46,76
43,93
42,85
42,55
42,03
40,30
39,63
39,20
39,01
40,24
40,64
39,69
39,77
38,14
36,48
37,76
36,94
35,73
35,47
35,96
38,07
39,95
45,04
45,23
43,37
44,74
44,89
43,51
42,85
40,92
40,27
39,74
39,73
40,29
40,37
40,36
39,66
39,24
38,04
38,51
37,76
37,08
36,38
37,23
38,37
40,19
44,63
46,04
44,65
43,56
43,12
42,15
41,31
39,93
39,36
39,09
39,01
38,92
38,98
38,84
38,17
37,90
36,06
36,33
33,78
32,66
31,27
29,93
31,50
32,43
35,41
36,12
37,40
38,22
38,29
37,87
37,25
36,36
35,92
35,72
36,64
37,01
36,85
37,21
37,21
37,43
35,01
34,28
32,27
31,16
29,96
28,57
30,08
31,40
32,44
33,23
35,46
37,68
38,20
38,20
37,75
37,19
36,14
35,50
37,32
38,06
38,35
38,40
38,58
38,70
37,91
36,31
33,44
32,15
32,01
32,07
36,77
39,20
41,93
45,31
45,27
45,62
45,08
43,87
43,67
41,97
41,08
40,97
40,83
40,81
40,74
40,46
40,35
40,31
38,95
38,59
37,23
35,45
34,70
35,01
38,42
39,87
42,34
44,37
45,49
46,81
45,49
45,18
44,71
42,63
41,56
41,36
41,26
40,95
41,34
40,77
40,67
40,17
38,98
38,22
36,96
35,66
35,04
35,82
37,46
39,14
40,82
41,78
41,71
41,77
41,18
40,93
40,74
40,86
40,40
40,31
39,97
40,04
40,00
39,80
39,06
38,53
36,77
35,63
32,59
31,24
30,49
31,18
33,74
36,75
38,69
39,74
39,42
39,54
39,34
39,06
38,52
37,50
37,20
37,23
37,12
37,24
37,12
36,36
35,75
34,61
32,76
31,24
28,68
26,01
24,90
22,81
29,44
33,38
36,28
37,02
36,97
36,93
36,55
36,09
35,62
35,57
35,00
35,05
35,60
36,19
36,63
36,67
36,47
36,92
34,27
31,97
31,37
29,96
28,92
28,06
29,05
29,89
31,95
32,34
34,95
35,41
35,22
35,20
34,21
33,10
32,48
32,46
32,47
32,99
32,48
32,17
31,76
32,07
31,21
29,90
24,69
23,46
19,05
14,33
13,37
14,69
24,55
29,54
31,10
32,06
32,39
32,38
31,92
31,61
31,53
31,52
31,97
32,43
32,57
32,75
34,50
35,43
32,49
32,43
30,24
29,40
28,90
29,74
32,44
36,98
38,92
39,74
39,19
38,96
38,99
38,35
38,00
37,62
37,37
37,10
37,29
37,95
37,96
37,04
36,81
36,06
32,81
32,40
31,59
30,70
30,78
30,77
32,25
35,32
37,77
39,24
39,22
38,80
38,63
38,49
38,38
37,83
36,95
36,91
36,94
36,99
37,92
37,51
36,82
36,63
33,83
30,94
29,64
27,98
27,13
27,40
30,28
34,13
36,80
37,90
37,90
37,71
37,44
35,94
35,67
35,47
35,51
35,43
35,99
36,69
36,36
35,49
35,14
34,86
31,30
29,58
26,38
24,46
23,96
24,62
29,08
33,03
38,77
39,70
39,98
39,75
39,54
38,47
37,85
36,53
36,28
35,82
36,65
38,01
37,66
35,08
34,00
34,18
30,72
29,48
26,54
22,29
17,33
15,84
24,17
30,24
34,27
35,80
34,36
33,84
33,03
32,28
31,21
29,74
28,00
27,28
30,56
31,77
31,14
30,81
30,46
30,38
28,65
19,84
10,99
8,17
7,73
5,78
3,72
6,84
14,08
20,12
22,02
22,61
21,57
21,16
19,20
15,92
14,95
19,20
21,62
24,83
26,44
24,25
22,62
23,60
22,16
10,63
8,51
7,60
4,03
2,81
1,70
1,38
5,88
8,98
21,88
25,66
25,95
25,63
25,18
24,76
25,77
26,57
27,79
28,16
29,88
30,76
31,79
31,69
27,43
25,59
18,63
14,98
16,99
16,54
26,27
31,25
35,05
36,73
37,56
38,21
38,47
37,61
37,38
36,44
35,55
34,09
34,38
35,05
35,65
34,00
33,32
33,42
30,29
29,67
27,81
26,56
26,37
26,41
28,82
32,65
36,81
39,07
39,70
39,73
39,91
39,06
37,97
36,51
35,32
34,10
33,85
34,08
34,33
34,06
32,61
32,77
30,40
27,28
24,44
19,34
14,52
14,74
23,98
31,52
34,62
36,46
36,12
35,62
34,89
34,34
34,34
33,91
33,44
33,11
33,73
34,33
34,20
33,83
33,36
33,20
31,16
29,48
26,46
23,03
21,56
21,55
27,13
33,25
35,75
36,63
36,63
37,05
36,95
36,53
36,18
35,73
35,52
35,42
35,33
35,26
35,02
34,63
34,11
33,80
31,40
30,95
28,01
25,29
23,86
24,61
28,76
33,97
35,98
36,63
36,73
36,92
36,53
36,11
35,66
34,71
33,94
34,31
34,65
35,13
34,67
34,32
33,50
34,20
32,25
29,93
27,90
27,02
26,89
25,41
23,68
25,85
28,86
31,17
32,76
34,56
34,90
32,30
30,91
29,80
28,69
28,60
28,92
29,79
29,77
29,85
29,85
30,58
28,64
24,63
22,57
18,75
12,37
11,08
11,00
11,01
19,51
25,31
27,17
29,09
30,22
30,10
30,00
29,96
29,93
30,32
31,00
31,29
31,63
33,80
34,86
35,19
32,26
29,30
26,91
26,38
25,91
25,97
27,20
32,13
35,65
35,92
36,17
35,57
35,22
34,57
34,49
34,00
33,68
33,20
34,68
35,28
35,21
34,78
34,67
33,82
32,64
32,10
30,18
28,59
26,13
27,00
30,21
33,35
35,11
35,59
35,50
35,59
35,48
35,15
34,92
34,33
34,55
34,48
34,79
34,48
34,69
34,90
34,22
33,85
32,16
30,26
26,85
25,23
23,58
23,85
26,40
31,73
34,00
34,82
34,93
35,03
35,04
34,98
34,88
34,83
34,81
34,55
34,45
34,31
34,15
34,06
33,79
33,40
32,54
30,64
29,59
27,71
28,11
28,82
30,25
33,30
34,38
34,65
35,03
35,51
35,57
35,75
35,67
35,06
34,77
34,25
34,09
34,16
34,37
34,06
33,70
33,45
32,02
30,99
28,81
26,66
26,75
26,99
29,31
31,95
34,05
34,34
34,60
34,87
34,98
34,01
32,79
31,93
31,77
31,74
31,94
32,52
32,30
32,30
32,08
31,88
31,06
29,30
27,29
25,02
22,63
22,00
21,50
27,24
30,00
31,36
31,08
30,89
30,98
30,80
30,58
30,32
30,19
30,43
31,02
31,62
31,92
31,12
30,65
30,91
29,94
29,19
27,87
26,64
25,09
23,08
22,84
25,43
28,90
29,51
30,31
31,07
31,21
30,99
30,43
29,87
29,53
29,16
29,32
29,18
30,38
29,96
30,27
31,33
29,41
29,35
27,50
26,49
26,38
26,78
29,15
32,62
33,97
34,54
34,38
34,64
34,53
33,85
33,01
32,69
32,65
32,67
33,46
33,63
33,96
34,36
34,08
33,91
32,18
31,37
30,44
30,01
29,76
29,15
30,27
32,03
32,41
33,27
33,51
33,78
32,96
32,55
32,40
32,28
32,12
31,85
31,75
32,13
31,94
31,74
31,63
31,53
30,40
29,42
27,98
24,66
23,49
23,58
26,87
31,49
32,52
32,75
32,92
33,34
33,35
33,19
32,38
32,26
32,26
31,91
32,39
32,93
33,22
32,80
32,53
32,68
31,54
30,94
27,74
28,11
28,07
28,98
30,48
32,41
34,48
35,31
35,54
35,32
35,22
34,88
34,80
33,99
33,45
33,25
34,67
34,99
34,26
33,96
34,57
34,58
33,27
32,37
30,91
30,19
29,82
30,08
31,36
33,15
35,05
35,57
35,92
35,98
36,13
35,56
34,54
33,29
33,07
32,87
33,24
34,62
34,55
34,16
34,55
34,70
33,85
33,62
32,22
31,00
29,80
29,40
29,70
31,11
32,02
32,98
33,94
33,94
33,99
33,73
32,91
32,66
32,56
32,40
32,59
33,16
33,51
33,22
33,09
33,20
32,87
31,71
29,45
28,48
28,12
27,52
26,67
24,34
27,68
29,37
31,72
32,10
32,17
32,14
32,02
31,83
31,61
31,54
31,69
31,83
32,16
32,85
33,52
33,75
33,00
31,68
29,12
28,54
28,67
29,72
31,70
34,02
34,74
35,76
35,97
35,97
35,95
35,90
35,33
34,56
34,01
34,13
34,11
34,19
34,13
33,96
34,19
34,30
33,74
32,80
31,14
30,13
29,86
29,12
31,94
34,21
34,82
35,77
36,81
37,19
37,16
36,74
36,82
36,74
36,56
36,21
35,78
35,86
35,57
35,13
35,21
35,59
34,62
34,68
33,11
31,47
31,08
31,79
33,36
36,63
36,97
37,39
37,86
38,28
38,32
37,97
38,03
37,72
37,39
36,96
37,08
37,04
36,86
36,57
36,62
36,43
35,25
34,32
33,02
31,78
31,13
31,69
33,61
36,17
37,01
37,55
37,79
37,93
37,93
37,73
37,45
37,27
37,04
36,49
36,50
36,57
36,42
36,24
36,59
36,72
35,59
34,18
32,74
31,11
29,66
29,87
31,87
34,92
35,26
35,43
35,79
36,06
36,04
35,84
35,04
34,27
34,20
34,26
35,43
36,21
36,60
36,31
36,45
36,63
35,55
34,92
33,10
32,67
32,02
31,82
31,93
33,09
34,86
35,31
35,59
35,19
35,24
35,07
34,67
34,29
34,04
34,27
34,62
35,41
35,91
35,48
35,15
35,86
34,57
34,30
33,18
32,90
32,21
31,16
29,90
30,98
32,31
33,08
34,42
35,01
35,17
35,11
35,05
34,92
34,76
34,53
34,91
35,13
35,22
35,99
36,65
36,92
35,64
34,71
33,04
32,59
31,97
31,79
33,09
36,16
36,86
38,28
38,63
38,86
38,45
38,32
38,23
38,01
37,92
37,62
37,52
37,90
37,43
36,99
37,06
36,97
36,56
34,64
33,18
32,01
30,97
30,74
33,35
35,53
36,26
37,94
38,41
38,83
38,75
38,60
38,45
38,30
37,48
37,40
37,96
38,20
37,65
36,61
36,48
36,85
35,86
35,25
33,97
32,96
32,50
32,48
34,11
35,52
37,29
38,48
38,98
39,26
39,24
39,27
39,14
39,01
38,79
38,55
38,70
38,45
38,44
38,11
38,03
38,20
37,01
35,40
33,99
32,98
32,69
32,78
34,37
36,65
36,81
37,57
39,01
39,28
39,26
39,02
38,79
37,74
37,88
38,58
38,47
38,37
38,27
37,95
38,25
38,48
37,71
35,69
34,27
33,13
32,98
32,97
34,33
36,49
37,06
38,14
38,45
38,59
38,62
38,44
38,38
38,06
37,62
37,77
37,90
37,71
37,78
37,03
36,91
37,34
36,57
35,77
35,00
33,63
33,12
32,99
32,96
33,51
34,41
35,39
35,89
35,88
35,77
35,64
35,60
35,62
35,54
35,44
35,58
36,50
36,80
36,17
36,41
36,16
34,80
34,13
33,33
32,25
31,09
29,97
27,78
29,11
30,45
31,93
33,33
34,10
34,39
34,42
34,31
34,26
34,24
34,13
34,52
34,45
34,41
34,77
35,41
35,85
34,76
34,05
32,86
31,68
31,22
31,46
33,17
35,80
37,40
38,26
38,54
38,63
38,62
38,51
38,48
38,41
38,35
38,28
38,19
38,15
37,98
37,19
37,22
37,87
35,65
34,12
32,19
31,78
31,42
31,58
32,61
34,85
37,27
38,18
38,36
38,52
38,31
37,33
36,21
35,72
35,39
35,23
35,74
36,59
36,58
36,50
36,51
36,45
35,31
33,93
32,23
31,30
31,54
31,88
32,47
34,54
35,86
37,18
37,38
37,16
36,86
36,04
35,90
35,89
35,59
35,43
36,53
36,98
36,89
36,57
36,85
36,83
35,51
34,16
32,28
31,52
31,94
32,75
33,10
35,58
37,05
37,51
37,83
38,20
38,40
38,10
37,70
37,54
37,29
37,49
37,69
37,66
37,61
37,25
37,44
37,31
35,71
34,07
32,79
32,16
32,03
32,07
32,96
35,58
36,72
36,87
36,92
37,42
37,10
36,33
35,64
35,47
35,11
35,11
35,73
36,33
35,99
35,64
35,76
35,63
34,42
32,83
32,00
30,95
29,80
28,74
28,52
29,68
31,39
32,86
34,33
34,85
35,01
34,89
34,70
34,55
34,28
34,43
34,98
35,57
35,65
35,64
36,27
36,05
35,01
34,28
32,21
31,33
30,73
30,36
30,11
30,75
31,30
32,52
34,28
35,04
35,18
35,16
35,09
34,98
34,84
34,90
35,26
35,68
36,92
37,24
37,51
37,28
36,19
34,07
32,79
32,16
32,03
32,07
32,96
35,58
36,72
36,87
36,92
37,42
37,10
36,33
35,64
35,47
35,11
35,11
35,73
36,33
35,99
35,64
35,76
35,63
34,42
32,90
31,82
30,47
30,35
30,55
32,16
34,56
37,08
37,69
37,68
37,75
37,95
37,69
37,32
37,13
37,09
37,23
37,08
37,32
37,01
36,44
36,79
36,43
34,51
33,00
32,25
31,49
31,28
31,92
32,99
35,77
38,17
38,66
38,78
38,73
38,71
38,32
37,97
37,92
37,56
36,93
36,80
37,19
37,50
36,47
36,18
35,65
34,27
33,62
32,20
31,97
31,75
32,26
33,58
35,73
37,51
38,66
38,36
38,43
38,55
38,42
38,08
38,24
37,83
37,46
37,33
37,63
37,82
37,02
36,76
36,00
34,35
33,21
32,24
31,57
31,17
31,59
32,76
35,51
37,96
38,98
38,76
39,07
38,76
38,62
37,87
37,14
36,57
36,74
37,11
36,99
36,92
36,61
36,76
36,05
33,51
32,53
32,06
31,92
31,82
31,82
32,06
32,67
34,13
35,21
36,36
36,35
36,33
35,94
35,50
35,31
35,17
35,00
34,97
34,95
35,92
35,92
35,92
35,13
33,77
33,62
32,41
32,07
31,74
30,81
30,62
31,89
32,06
32,77
33,74
34,25
34,42
34,29
34,15
33,76
33,55
33,80
34,23
34,61
34,66
34,99
36,07
35,12
33,67
32,81
31,60
31,15
30,76
31,10
33,04
35,18
37,88
38,93
39,20
38,96
38,18
37,98
38,04
37,61
36,97
37,27
37,71
38,16
38,07
37,38
37,26
36,40
34,24
32,45
31,65
31,10
30,98
30,94
32,32
34,73
37,51
39,24
38,95
38,57
37,93
37,71
37,13
36,27
35,68
35,75
35,72
35,82
35,66
36,20
36,48
35,41
33,41
31,27
30,19
29,18
28,46
29,01
31,33
34,58
36,73
37,24
37,00
37,08
36,97
36,89
36,76
36,24
35,81
35,80
36,19
36,39
36,58
36,59
36,75
35,45
33,40
32,48
31,67
31,37
31,21
31,47
32,52
34,62
36,90
37,13
37,75
37,78
37,56
37,10
36,95
36,76
36,45
36,31
36,29
36,31
35,91
35,71
35,78
34,57
32,90
32,14
30,78
30,12
30,09
29,97
31,18
35,19
36,94
37,42
37,33
37,35
37,12
36,55
35,90
35,47
35,15
35,40
35,98
35,86
35,56
35,59
35,73
35,16
34,03
33,93
32,49
30,83
29,35
29,33
29,39
30,79
32,32
33,38
34,43
34,86
34,92
34,71
34,65
34,38
34,16
34,11
34,30
34,78
35,14
34,72
34,92
34,16
32,59
31,10
29,29
26,68
22,78
21,61
17,73
19,30
24,86
28,36
30,83
31,91
32,22
32,20
31,90
31,40
31,44
32,02
32,91
33,24
33,82
33,84
35,02
34,87
33,70
32,71
30,85
30,63
30,29
30,81
32,99
35,12
38,15
39,88
40,00
40,09
40,76
40,75
40,16
39,64
39,33
39,09
39,08
38,88
37,86
37,84
37,69
36,88
34,05
32,46
32,04
31,60
31,73
32,05
32,92
35,45
38,02
39,28
39,57
39,71
39,48
39,28
39,06
38,80
38,23
38,33
38,26
38,20
38,01
37,80
37,87
36,35
33,62
32,25
31,80
31,36
31,34
31,79
32,42
35,99
38,70
39,30
39,19
39,10
39,18
39,07
39,14
38,56
37,94
38,20
38,15
37,97
37,38
37,26
36,86
36,02
33,96
32,42
32,00
31,30
31,36
31,68
32,96
36,19
38,18
39,48
39,68
39,73
39,85
39,68
39,34
38,68
38,33
38,40
38,55
38,81
38,28
38,44
37,96
37,47
34,98
32,95
32,21
31,49
31,57
31,91
32,97
36,55
39,05
40,81
40,62
40,54
39,64
39,20
38,28
37,41
36,43
36,33
36,52
36,25
36,27
36,52
36,23
35,40
33,02
32,89
32,53
32,01
31,92
31,76
32,05
32,88
33,61
34,66
35,22
35,92
35,82
35,07
34,59
34,21
33,92
33,91
34,63
34,73
34,58
35,07
34,91
33,97
33,05
32,69
31,91
31,78
31,41
31,30
31,48
31,79
32,27
33,04
33,71
34,62
35,52
34,80
34,36
33,97
33,88
33,88
34,30
34,85
34,89
35,46
36,21
34,66
33,52
33,00
32,07
31,85
31,81
32,09
33,38
36,02
39,03
40,85
41,51
41,54
41,34
40,37
40,10
39,86
39,29
39,04
39,08
39,36
39,28
39,53
39,44
37,91
34,03
33,85
33,72
33,53
33,54
33,79
34,45
36,73
40,31
41,97
40,51
41,09
41,71
40,33
40,41
39,82
39,91
39,16
39,05
38,20
38,46
38,16
37,96
37,46
35,59
34,04
33,68
33,13
33,16
33,53
34,37
37,00
40,00
41,53
42,19
41,92
41,95
40,35
40,65
39,99
39,52
39,14
39,59
39,50
39,09
39,82
39,62
38,53
35,31
34,86
33,60
33,10
33,01
33,44
34,96
37,36
39,66
40,92
41,48
41,83
40,68
40,04
39,98
39,36
39,01
38,85
39,20
39,08
38,63
38,97
38,50
37,39
36,10
34,09
33,54
33,09
32,50
33,14
34,11
37,33
39,04
39,63
39,69
39,74
39,63
39,36
38,94
37,81
36,97
37,69
37,87
37,81
37,04
37,34
37,08
36,49
34,46
34,10
33,19
33,06
32,85
32,87
32,98
33,97
34,57
34,66
34,71
34,92
34,82
34,15
33,91
33,44
33,60
33,66
33,95
34,61
34,99
35,43
35,04
34,30
33,04
31,89
31,20
30,63
30,50
30,39
30,07
30,69
32,05
32,98
33,50
33,88
33,48
33,15
32,97
32,70
32,67
32,91
33,08
33,32
33,93
34,58
34,35
33,91
32,37
30,48
29,54
29,20
29,25
30,15
32,02
34,81
36,91
37,95
37,66
37,34
37,21
36,76
36,45
36,14
36,12
35,99
35,87
36,17
36,26
36,81
35,86
34,52
33,33
33,63
33,04
33,02
33,06
33,59
34,75
37,26
39,45
40,75
42,30
42,26
41,68
41,45
39,73
39,52
39,45
38,80
39,23
38,84
38,68
39,45
38,47
37,70
36,82
35,28
34,79
34,61
34,35
34,58
35,85
38,80
40,94
42,90
43,28
41,77
41,55
40,89
40,52
40,49
40,26
40,29
39,90
39,74
39,93
40,23
39,21
38,44
36,39
35,80
35,49
35,28
35,16
35,50
36,02
38,58
41,39
43,64
44,20
43,31
42,92
41,08
38,68
38,54
38,78
39,15
39,55
39,17
39,58
40,04
38,65
36,82
35,41
34,64
34,42
34,04
34,02
34,37
35,63
38,01
40,09
41,33
40,81
39,71
38,37
37,41
36,83
35,99
35,85
36,14
37,18
37,63
37,68
38,21
37,31
35,69
34,69
35,33
34,17
34,08
34,13
34,21
34,81
35,66
36,57
37,21
38,37
37,93
38,05
37,13
36,46
36,21
36,20
36,91
37,38
38,71
39,26
39,78
38,42
37,20
36,39
35,66
35,43
35,26
35,16
35,12
35,08
35,11
35,24
35,66
35,94
36,19
35,99
35,64
35,50
35,33
35,27
35,37
35,69
36,94
37,81
39,08
37,60
37,04
36,23
35,47
35,02
35,12
35,11
35,33
36,17
38,76
43,51
45,86
46,11
46,00
45,94
44,06
43,97
41,61
40,86
40,71
41,15
42,27
42,25
43,26
41,10
38,71
36,16
36,38
35,43
35,30
35,26
35,44
37,17
40,23
44,58
46,85
47,85
46,79
46,23
46,43
44,81
43,33
43,06
42,69
43,02
43,76
44,46
43,58
40,79
39,72
37,01
36,77
36,24
35,98
35,80
36,17
37,65
40,29
43,92
46,42
45,69
45,09
46,70
46,87
44,71
44,05
43,06
43,32
43,06
44,26
45,01
45,30
44,13
40,96
37,93
37,36
36,71
36,39
36,34
36,75
38,06
42,06
45,13
46,38
46,13
46,75
45,84
45,74
44,57
42,58
42,75
42,95
42,96
43,37
43,77
46,47
41,23
40,73
37,98
37,68
37,07
36,66
36,62
37,10
38,21
41,14
45,48
46,97
48,63
48,16
48,11
46,99
45,70
43,38
42,00
42,08
43,35
43,73
44,69
44,84
39,93
38,90
37,57
37,65
37,15
36,81
36,60
36,60
36,86
37,69
38,29
38,60
39,43
39,90
40,17
39,18
38,09
37,85
37,73
37,79
38,30
38,88
39,31
39,96
38,15
37,67
37,36
36,55
36,15
35,84
35,44
35,30
35,29
35,39
35,71
36,59
36,87
37,02
37,40
37,39
36,85
36,80
36,49
36,26
36,39
36,97
37,96
38,06
36,83
35,87
35,16
33,25
31,77
31,03
31,64
32,39
34,94
37,09
40,05
40,55
40,94
40,66
40,66
40,45
39,95
39,88
39,58
39,57
39,84
39,76
39,72
39,14
38,65
37,35
36,25
35,37
35,07
34,43
34,12
34,95
35,94
38,18
40,54
41,60
41,34
39,66
39,53
39,45
38,82
38,05
38,05
38,27
38,76
39,62
41,12
40,48
38,30
36,82
35,96
34,64
33,90
33,73
33,96
34,70
36,03
37,99
40,83
41,55
42,25
42,39
42,74
42,66
42,99
41,42
40,66
40,12
40,62
41,40
42,87
40,94
39,29
37,49
36,10
35,65
35,26
35,14
35,12
35,24
36,38
39,77
41,71
42,87
42,31
42,38
42,31
44,92
42,17
39,46
39,07
39,44
40,92
41,76
42,92
41,56
40,18
37,42
36,12
35,59
35,31
35,18
35,22
35,48
36,92
40,14
42,84
45,60
45,38
44,03
42,64
41,66
40,79
39,92
39,21
38,82
39,27
40,04
40,91
40,42
38,61
37,06
36,09
35,06
34,76
34,36
34,19
34,27
34,68
34,91
35,12
36,10
36,92
37,50
37,09
35,81
35,44
34,80
34,64
34,84
35,39
37,34
38,49
37,97
35,68
34,84
33,82
32,61
31,76
29,97
30,35
30,23
31,52
31,71
32,08
32,91
34,06
34,40
34,39
34,12
33,97
33,81
33,61
33,79
34,09
34,85
36,38
35,85
34,74
33,75
32,60
30,74
29,98
29,39
28,41
29,52
32,68
35,71
39,27
40,52
39,99
39,53
38,96
38,66
36,93
36,29
36,21
37,10
38,34
38,96
40,01
39,60
37,63
36,02
34,32
35,29
34,44
34,07
34,30
34,96
36,46
41,23
44,70
47,48
46,62
45,71
44,31
41,40
40,55
39,83
39,76
40,08
41,71
43,97
46,11
45,07
39,87
38,53
36,81
36,89
36,40
35,97
36,09
36,35
37,44
41,20
45,67
48,11
48,88
47,48
47,58
45,55
44,18
42,63
42,03
42,55
43,89
44,75
45,90
44,84
40,54
39,06
36,89
36,07
35,89
35,18
35,04
35,96
37,27
41,89
45,04
46,65
46,11
45,53
45,00
43,93
42,56
41,43
39,61
39,90
40,07
40,56
43,08
40,95
39,01
38,58
36,91
37,27
36,50
36,26
35,96
36,43
37,51
40,45
42,42
44,14
43,92
43,04
41,88
42,07
40,46
39,60
39,55
39,65
39,82
40,51
40,79
40,07
38,87
38,58
37,75
38,00
37,29
36,81
36,11
36,03
36,40
37,17
37,68
38,67
38,99
38,96
38,46
38,07
37,91
37,84
37,82
37,86
38,27
39,59
40,84
39,83
38,25
37,41
36,75
37,08
35,74
35,09
34,95
34,93
35,16
35,80
36,29
36,72
37,41
37,88
37,88
37,77
37,62
37,43
37,44
37,55
38,17
38,87
39,71
39,45
38,04
37,64
37,02
36,28
35,62
35,50
35,31
35,92
37,39
39,57
44,16
44,53
44,02
42,79
41,27
40,60
39,90
38,98
38,87
38,91
39,67
42,26
44,13
42,74
39,30
38,12
37,37
37,58
37,39
37,28
37,19
37,26
37,71
40,63
46,01
47,35
47,45
45,83
43,76
41,02
39,85
39,86
39,96
40,08
43,65
43,80
47,37
43,70
40,99
39,22
37,60
37,38
36,98
36,61
36,32
36,77
37,40
39,33
44,88
46,93
43,61
41,39
39,96
39,59
38,75
38,50
38,26
38,52
39,42
42,13
46,01
41,15
38,05
37,26
36,73
35,92
35,37
35,00
34,62
34,85
36,20
38,65
41,13
41,94
40,00
39,43
38,80
38,58
38,41
38,36
38,20
38,02
38,53
39,43
40,22
38,63
37,49
36,66
35,79
35,90
35,06
34,54
34,57
34,86
36,47
38,59
39,91
40,19
39,75
39,44
39,02
38,36
37,62
37,63
38,33
38,37
38,79
39,39
39,79
38,73
37,50
36,93
36,05
35,82
34,86
34,04
33,58
33,63
34,39
35,41
35,96
36,95
38,42
38,66
38,95
38,66
38,29
37,22
37,06
37,33
38,33
39,40
39,41
38,61
37,36
37,08
35,68
36,07
35,63
35,26
34,96
35,41
35,89
36,62
37,16
37,34
37,88
38,36
38,53
38,28
38,32
37,81
37,00
37,06
38,02
38,89
39,44
39,26
38,05
37,33
35,35
35,16
34,66
33,75
33,42
34,03
36,66
39,46
41,22
41,83
41,74
41,65
41,22
40,34
39,92
39,76
39,76
39,65
40,04
41,44
41,84
40,31
39,05
38,57
37,40
36,47
35,08
34,65
34,48
34,97
37,54
39,62
41,80
42,44
41,98
42,58
41,75
40,52
39,90
39,96
40,06
39,78
40,26
40,59
40,60
39,43
38,53
38,16
36,14
34,50
34,09
33,12
32,01
32,97
35,33
38,34
40,08
40,73
40,45
40,20
39,86
39,46
38,92
38,93
39,23
39,40
39,98
40,63
40,80
39,97
38,70
37,64
36,01
35,01
34,44
33,57
33,35
34,40
36,50
40,03
41,69
41,91
41,89
41,88
41,39
40,68
40,12
39,84
39,77
39,50
40,04
40,99
40,97
39,26
37,90
37,40
35,97
36,08
34,98
34,60
34,26
34,44
36,61
39,28
40,71
41,19
41,02
40,95
40,61
39,47
38,29
37,69
37,82
37,74
38,33
38,88
39,30
37,90
37,13
36,51
35,60
37,04
36,44
36,18
35,50
35,53
36,21
36,75
37,29
37,51
37,98
38,06
37,84
37,53
37,25
37,03
36,99
37,06
38,03
39,55
39,61
38,59
37,54
36,97
36,25
36,88
36,13
35,08
34,43
34,39
34,84
35,72
36,47
36,77
37,42
38,00
38,37
38,26
37,94
37,83
37,77
37,95
38,68
39,71
41,36
40,25
38,61
38,16
37,66
37,37
36,91
36,63
36,83
37,07
38,12
41,15
44,77
45,75
45,47
44,03
43,25
42,14
41,24
41,52
42,02
41,97
43,15
44,64
45,04
43,25
39,80
38,47
37,59
37,91
37,60
37,44
37,24
37,43
38,42
41,17
44,31
46,24
45,70
45,73
44,92
43,21
43,26
42,57
42,67
42,75
43,75
45,13
47,20
44,50
42,09
40,14
38,48
38,14
37,93
37,68
37,70
37,98
39,45
44,43
48,55
46,45
47,36
45,66
44,70
44,73
44,61
44,78
44,22
44,08
45,79
48,21
47,71
44,91
42,31
39,56
38,50
37,99
37,45
37,08
36,94
37,16
37,98
40,57
45,91
47,00
45,21
44,38
43,60
42,94
41,97
42,03
41,79
41,25
42,08
43,47
42,30
40,33
38,41
37,93
37,47
37,64
37,23
36,87
36,85
37,19
38,28
39,59
42,79
43,84
43,53
44,79
43,61
41,75
40,63
40,11
39,90
40,75
42,55
45,50
46,18
43,90
40,85
39,47
38,30
38,87
38,30
38,03
37,97
38,01
38,27
38,85
40,21
40,20
40,84
41,21
40,66
39,91
39,43
39,13
38,99
39,38
40,49
42,97
42,90
40,08
39,50
38,98
38,53
38,56
38,09
37,90
37,66
37,93
38,11
38,36
38,70
38,75
39,01
39,79
39,96
39,68
39,49
39,25
39,31
39,83
40,69
42,39
42,82
40,94
39,55
38,84
37,99
37,74
37,12
36,94
36,97
37,45
38,75
41,10
49,37
50,83
50,79
49,99
48,31
45,96
45,16
45,07
45,42
45,06
47,25
50,30
52,53
46,53
42,61
39,36
38,05
37,48
36,43
35,67
35,65
35,94
37,71
39,65
45,18
47,35
45,28
42,90
42,01
40,69
39,85
39,74
39,73
39,76
41,42
42,92
42,84
39,10
37,92
37,00
36,02
34,31
33,03
32,10
32,09
32,81
35,40
38,28
40,67
41,66
41,10
40,98
40,47
39,81
38,90
38,65
38,58
38,63
40,03
40,98
40,56
38,55
37,49
36,25
34,63
33,07
32,06
31,52
31,56
32,48
35,13
37,61
40,83
41,17
40,95
39,99
38,84
37,60
36,99
37,42
37,89
38,29
40,82
41,20
40,69
39,88
38,18
37,24
35,09
33,67
31,81
31,57
32,27
33,23
35,43
37,96
42,96
45,05
42,91
42,08
40,56
39,48
38,16
37,16
37,03
37,40
39,80
42,60
41,54
37,91
35,95
35,25
33,56
34,05
32,06
31,91
31,92
31,98
32,27
32,89
33,60
35,64
36,42
36,08
35,17
34,07
33,66
33,44
33,30
33,40
35,10
36,93
37,18
34,18
33,34
33,09
32,70
33,64
33,07
33,07
32,93
32,71
32,81
33,04
33,91
34,13
34,46
35,03
35,26
35,14
35,26
34,99
34,95
35,03
35,19
35,49
35,61
35,34
34,44
34,99
34,21
32,48
30,08
27,61
27,48
27,78
30,44
33,08
35,66
38,30
38,08
37,09
37,04
36,38
35,80
35,81
35,84
35,72
36,40
37,24
37,39
36,01
35,15
34,73
33,50
32,25
31,04
30,12
29,80
30,10
30,93
32,65
34,95
36,85
36,71
35,43
35,27
34,74
34,40
34,79
35,17
36,83
38,09
39,39
39,32
38,08
37,03
35,73
34,65
32,16
30,13
29,66
29,12
29,27
30,14
32,68
34,81
37,42
37,74
36,09
34,97
34,37
34,15
34,51
35,47
36,92
37,93
38,66
38,35
37,35
36,40
35,35
34,17
32,28
31,74
31,01
31,04
31,05
31,88
32,93
34,73
37,28
37,50
36,30
35,25
34,13
33,60
33,91
34,83
35,78
37,13
38,06
37,74
36,95
35,48
34,35
33,43
32,24
31,99
31,79
31,75
31,97
32,51
33,34
34,51
35,19
35,63
35,20
35,24
35,41
35,88
35,38
35,12
35,25
35,81
36,98
37,37
36,15
35,05
33,69
34,22
33,21
32,42
32,21
31,95
32,29
32,38
32,65
33,15
33,23
33,76
34,33
35,07
35,65
35,43
34,92
34,48
34,74
35,18
37,04
37,90
36,65
35,06
34,25
33,69
33,12
33,09
32,79
32,33
32,14
32,17
32,60
32,85
32,84
32,70
32,92
33,01
32,97
32,98
32,96
32,91
32,96
33,60
34,19
34,21
33,88
33,12
32,88
32,42
31,70
30,75
30,12
30,04
30,26
31,31
32,48
34,36
36,46
36,77
35,95
35,51
35,41
35,35
35,39
35,60
36,00
37,04
39,08
38,91
37,28
35,57
35,02
33,97
32,93
33,14
32,42
32,24
32,26
32,99
34,12
36,32
38,44
38,76
37,22
36,56
36,33
36,65
37,27
37,57
38,63
39,94
41,60
40,12
38,08
36,93
35,31
34,62
33,87
33,78
33,55
33,31
33,56
34,03
35,05
36,65
38,87
39,68
39,07
38,72
38,44
38,19
38,28
37,96
37,89
39,06
42,06
41,89
39,89
38,26
36,22
34,99
34,04
34,02
33,79
33,72
33,82
34,37
35,37
37,02
39,19
39,13
37,79
37,34
37,29
37,14
37,32
37,28
38,51
40,15
41,30
40,54
38,79
37,74
36,65
35,27
33,48
33,29
32,29
32,14
32,21
33,59
34,97
37,19
39,59
40,43
39,14
38,33
38,03
37,76
37,67
37,55
37,67
38,83
40,10
39,99
38,03
37,36
35,97
34,99
34,19
34,70
34,07
33,82
33,60
33,85
34,15
34,39
35,11
35,39
35,56
35,75
35,73
35,51
35,27
35,18
35,53
36,04
37,31
37,68
36,86
35,69
35,17
34,45
33,49
31,77
31,44
31,34
31,76
32,28
33,39
33,97
34,21
34,65
35,15
35,34
35,76
36,10
35,28
35,29
35,69
36,07
36,94
37,72
37,23
35,99
35,53
35,48
34,24
34,09
33,50
33,58
33,92
34,87
36,21
37,73
40,38
42,53
40,88
40,69
40,13
39,93
40,60
40,34
40,44
41,29
42,00
39,79
38,40
37,43
36,89
35,75
33,16
31,97
31,40
31,10
31,18
31,79
33,40
35,91
37,78
37,87
37,62
37,44
37,74
37,84
38,04
38,00
38,55
40,45
42,72
39,39
38,32
37,50
36,97
35,94
34,05
32,64
31,84
31,51
31,68
32,22
34,11
36,57
38,52
38,39
37,69
37,27
37,04
36,89
37,11
37,05
37,47
39,23
42,26
39,81
38,55
38,13
37,55
35,97
34,20
33,96
33,38
32,77
32,81
33,60
34,79
37,55
39,74
39,24
38,37
37,93
37,85
38,04
38,51
38,60
39,35
42,52
44,36
41,69
39,07
38,01
37,85
36,76
34,68
34,01
33,67
33,37
33,43
34,13
35,11
38,03
39,80
40,00
39,34
38,99
38,61
37,87
37,68
37,24
37,05
37,67
37,81
37,23
36,04
35,15
34,42
33,42
32,06
32,00
30,72
30,62
30,39
30,58
30,94
30,81
31,64
33,12
34,26
34,47
34,23
33,60
32,99
33,24
34,13
35,22
35,68
35,30
34,75
33,38
32,41
32,36
31,00
30,35
28,89
28,65
28,65
28,87
29,39
28,50
31,43
32,54
34,17
34,48
34,95
34,89
34,88
35,36
36,01
36,84
37,88
37,95
37,22
36,33
35,07
34,34
33,62
32,82
31,96
31,57
31,44
33,04
35,11
37,79
41,76
42,49
39,64
39,45
39,06
38,84
39,58
39,80
40,90
42,55
43,37
39,62
39,04
37,45
35,82
34,57
33,06
33,41
32,98
32,79
32,85
33,66
35,49
37,98
41,90
41,80
39,93
39,32
39,48
39,82
40,67
41,08
42,01
43,43
43,97
42,42
39,38
38,95
37,97
36,50
35,05
35,25
35,15
35,13
35,35
35,98
37,14
39,82
45,89
46,86
43,52
43,23
42,39
41,83
43,11
43,40
45,90
47,10
46,91
44,85
41,32
39,67
38,57
37,22
36,28
35,37
35,05
34,86
35,00
35,50
36,86
40,28
44,71
45,55
43,69
42,63
42,23
43,50
43,92
43,61
45,62
48,91
49,03
44,43
42,05
39,45
38,90
37,67
35,91
35,69
35,26
35,20
35,29
35,93
36,99
40,78
47,94
49,88
46,05
44,91
43,66
42,71
42,72
42,61
43,59
45,37
47,35
44,67
40,51
39,42
38,00
36,84
36,09
35,71
35,26
35,06
34,95
35,08
35,42
35,89
36,31
36,88
37,97
38,18
38,28
37,89
37,73
37,68
38,43
39,90
40,87
39,51
38,19
37,05
36,15
35,65
34,54
34,00
33,40
32,97
32,82
32,96
33,28
33,66
33,99
34,27
34,90
35,38
36,04
35,19
35,09
35,31
35,81
36,53
36,99
36,85
36,98
36,38
36,00
35,54
35,00
34,23
33,97
33,80
33,96
34,94
36,32
39,56
48,11
48,78
44,08
40,31
39,57
39,66
42,55
44,50
45,91
48,31
52,22
45,92
43,47
40,90
39,93
37,61
35,85
34,53
34,31
34,10
34,30
35,23
36,89
43,19
46,97
51,71
48,90
46,00
45,54
44,04
44,84
45,83
46,86
48,48
48,04
43,55
40,41
38,73
37,75
36,37
33,83
33,54
32,82
32,26
32,65
33,08
34,14
36,52
38,29
38,96
38,19
37,78
37,34
37,09
37,19
37,04
37,24
37,79
37,94
37,50
36,78
35,84
34,60
33,55
32,49
30,91
29,99
29,10
29,26
30,18
32,33
34,16
35,90
36,31
35,63
35,59
35,37
35,10
35,42
35,45
36,15
37,14
37,92
37,37
36,53
35,81
35,31
34,12
33,12
32,95
32,78
33,01
33,29
33,80
34,91
37,25
42,35
43,63
41,61
40,02
39,13
37,60
37,03
36,69
36,92
37,75
38,74
37,86
36,54
35,22
35,03
34,28
33,74
33,86
33,52
33,27
33,23
33,34
33,53
33,74
34,46
34,97
35,85
36,94
36,82
36,51
36,91
37,23
38,87
40,34
40,88
39,52
37,85
36,27
34,87
34,31
33,51
33,09
32,62
32,15
32,13
31,90
32,00
32,24
32,63
32,85
33,26
33,43
33,54
33,58
33,60
33,71
34,07
34,73
35,63
36,17
35,59
35,32
35,19
34,99
33,76
33,64
33,43
33,44
33,60
34,15
36,27
43,44
50,11
59,96
50,00
46,85
46,08
45,79
46,10
45,06
46,98
48,20
46,96
43,70
40,30
38,67
36,85
35,60
33,62
33,08
32,27
31,32
31,46
32,88
33,87
36,50
38,89
39,15
37,91
37,49
37,28
37,25
37,64
37,90
38,70
39,72
40,87
38,80
37,34
36,64
36,08
34,81
33,41
32,94
31,60
31,15
31,06
32,05
33,88
35,61
37,32
37,87
37,43
37,25
37,04
36,96
36,99
37,13
37,28
37,71
38,14
37,30
36,46
35,51
34,57
33,55
32,26
30,74
30,16
30,04
30,33
30,80
32,57
34,56
36,73
37,07
36,25
35,49
35,15
34,71
35,25
35,39
36,88
38,30
38,55
37,62
37,03
35,91
33,92
33,26
32,10
31,66
31,18
31,03
31,03
31,24
32,53
34,13
36,09
36,73
36,06
35,47
35,12
34,70
34,61
34,77
35,91
36,77
36,89
35,98
34,45
33,66
33,57
33,19
32,81
33,30
33,04
32,83
32,90
33,08
33,35
33,72
33,85
34,03
34,28
34,50
34,72
34,59
34,67
35,25
36,51
39,10
41,49
40,53
39,11
37,60
37,19
36,57
35,44
35,89
34,96
34,34
34,18
34,30
34,55
34,66
34,99
35,61
36,32
36,47
36,82
36,21
35,72
35,71
36,16
37,00
37,51
37,12
36,13
35,65
35,15
34,80
34,31
33,92
33,79
33,67
33,81
34,31
35,79
37,92
41,67
43,63
41,92
40,79
41,05
40,57
44,54
50,95
59,99
60,08
65,43
56,85
48,54
42,95
39,20
37,26
35,63
34,90
33,92
33,16
33,17
34,15
36,10
38,72
43,17
45,84
42,96
41,79
40,95
40,01
40,16
40,31
40,96
42,54
42,74
39,11
37,51
36,72
36,00
35,02
34,38
33,49
32,09
32,07
32,20
32,56
34,21
36,22
37,87
38,82
38,52
37,64
37,40
37,36
37,50
37,84
38,96
39,78
39,79
38,52
37,34
36,61
35,90
34,99
33,97
32,23
31,72
31,54
31,59
31,97
32,90
34,80
35,72
36,31
35,63
35,44
35,30
34,97
35,07
35,15
35,46
35,76
35,76
35,19
34,37
33,96
33,55
32,69
31,66
30,46
30,17
30,04
30,83
31,50
32,64
33,97
36,21
36,71
35,95
35,66
35,61
35,39
35,64
35,68
36,11
36,61
37,32
35,87
34,86
34,29
33,91
33,10
32,68
32,17
31,55
31,41
31,43
31,52
32,00
32,05
32,42
32,74
32,90
33,35
33,37
33,06
32,90
32,96
33,61
34,08
34,34
34,11
33,08
32,31
31,85
31,63
30,38
29,47
28,85
28,08
27,70
27,54
28,62
29,06
29,52
29,97
30,41
30,88
31,11
31,12
31,29
31,75
32,78
33,72
34,06
33,78
33,03
32,49
32,02
31,49
30,08
28,50
27,39
26,97
27,12
28,33
30,08
31,78
33,11
33,55
33,25
32,64
32,37
32,23
32,41
32,94
33,25
33,63
33,97
33,48
32,90
32,39
31,98
31,24
30,14
28,67
27,70
26,62
27,51
29,01
30,46
32,61
33,91
34,63
34,12
34,00
33,84
33,69
33,95
34,57
35,43
37,37
37,86
35,94
34,65
33,61
33,00
32,29
31,71
30,77
30,46
30,06
30,06
30,50
31,45
33,56
35,83
37,03
35,52
35,31
34,76
34,38
34,79
35,19
36,27
37,35
36,59
35,01
33,62
32,79
32,18
30,93
29,78
28,79
27,65
26,69
26,76
28,10
29,62
30,84
32,13
32,36
31,98
32,06
32,62
32,61
32,78
33,01
33,31
33,62
33,92
33,28
32,65
32,02
31,40
30,83
30,10
29,48
29,15
28,71
28,08
29,31
30,43
32,26
33,23
33,65
33,23
33,01
32,65
32,27
32,17
32,02
31,97
32,70
32,61
32,00
31,17
30,76
30,59
30,35
29,47
29,08
28,32
27,69
27,09
26,98
27,51
28,04
29,15
29,48
29,82
29,76
29,80
29,64
29,44
29,55
30,06
30,56
30,73
30,87
30,20
29,23
28,28
27,47
26,62
27,10
23,97
22,89
22,43
23,54
24,86
25,55
26,88
28,03
28,41
28,93
29,18
29,31
29,24
29,48
29,73
29,95
30,18
30,15
29,51
29,02
28,91
28,75
28,29
25,10
23,16
23,24
23,39
25,55
28,26
29,31
30,86
31,73
31,58
31,43
31,50
31,38
31,38
31,50
31,95
32,35
32,21
31,61
31,21
30,12
29,62
29,20
28,19
28,04
25,59
24,81
23,33
24,16
25,29
27,27
28,15
28,42
29,21
29,40
29,23
28,94
28,59
28,65
29,07
29,23
28,61
27,40
26,94
26,16
26,86
27,00
26,00
25,87
25,07
24,64
24,09
24,90
25,10
26,34
26,90
26,84
27,36
29,21
29,96
30,00
29,52
29,49
29,93
30,68
31,20
30,94
30,70
30,39
30,25
29,89
29,29
28,70
25,80
25,12
24,55
24,94
25,55
27,07
28,04
29,33
30,45
30,84
31,09
31,18
31,10
31,21
31,42
31,96
32,01
31,75
31,49
31,32
31,13
30,78
30,30
29,50
28,31
27,44
27,35
27,93
28,75
29,48
30,01
30,87
30,58
30,26
30,36
30,19
30,09
30,10
30,17
30,90
31,48
31,07
30,52
29,35
28,87
28,11
27,02
25,86
23,79
23,01
21,63
23,25
23,91
25,97
27,08
27,57
28,79
29,31
29,17
29,35
29,32
29,59
29,84
30,91
31,39
31,08
30,52
30,05
29,98
29,46
28,78
28,68
26,31
24,65
23,39
23,61
24,16
25,76
26,38
27,10
28,89
29,74
30,06
30,04
29,94
29,98
30,12
31,06
31,55
31,31
31,02
30,38
30,29
30,02
29,28
27,90
25,59
24,32
24,66
25,65
27,85
28,88
30,41
30,97
31,29
31,32
31,08
30,93
30,92
31,13
31,41
31,67
31,59
31,41
30,91
30,14
29,52
29,20
28,15
27,66
26,20
25,22
24,87
25,61
27,07
27,49
28,79
30,05
30,38
30,63
30,76
30,93
30,57
30,47
30,47
31,53
31,80
31,06
30,32
28,87
28,11
28,77
28,05
27,66
26,20
25,22
24,87
25,61
27,07
27,49
28,79
30,05
30,38
30,63
30,76
30,93
30,57
30,47
30,47
31,53
31,80
31,06
30,32
28,87
28,11
28,77
28,05