1240.99
1122.59
1099.19
1088.39
1168.94
1361.59
1475.69
1355.29
1326.29
1341.44
1401.69
1471.37
1447.59
1361.14
1274.79
1284.19
1292.64
1403.99
1890.99
1907.49
1816.24
1545.39
1267.84
1136.99
1240.99
1122.59
1099.19
1088.39
1168.94
1361.59
1475.69
1355.29
1326.29
1341.44
1401.69
1471.37
1447.59
1361.14
1274.79
1284.19
1292.64
1403.99
1890.99
1907.49
1816.24
1545.39
1267.84
1136.99
1240.99
1122.59
1099.19
1088.39
1168.94
1361.59
1475.69
1355.29
1326.29
1341.44
1401.69
1471.37
1447.59
1361.14
1274.79
1284.19
1292.64
1403.99
1890.99
1907.49
1816.24
1545.39
1267.84
1136.99
1240.99
1122.59
1099.19
1088.39
1168.94
1361.59
1475.69
1355.29
1326.29
1341.44
1401.69
1471.37
1447.59
1361.14
1274.79
1284.19
1292.64
1403.99
1890.99
1907.49
1816.24
1545.39
1267.84
1136.99
1240.99
1122.59
1099.19
1088.39
1168.94
1361.59
1475.69
1355.29
1326.29
1341.44
1401.69
1471.37
1447.59
1361.14
1274.79
1284.19
1292.64
1403.99
1890.99
1907.49
1816.24
1545.39
1267.84
1136.99
1240.99
1122.59
1099.19
1088.39
1168.94
1361.59
1475.69
1355.29
1326.29
1341.44
1401.69
1471.37
1447.59
1361.14
1274.79
1284.19
1292.64
1403.99
1890.99
1907.49
1816.24
1545.39
1267.84
1136.99
1240.99
1122.59
1099.19
1088.39
1168.94
1361.59
1475.69
1355.29
1326.29
1341.44
1401.69
1471.37
1447.59
1361.14
1274.79
1284.19
1292.64
1403.99
1890.99
1907.49
1816.24
1545.39
1267.84
1136.99
1240.99
1122.59
1099.19
1088.39
1168.94
1361.59
1475.69
1355.29
1326.29
1341.44
1401.69
1471.37
1447.59
1361.14
1274.79
1284.19
1292.64
1403.99
1890.99
1907.49
1816.24
1545.39
1267.84
1136.99
1240.99
1122.59
1099.19
1088.39
1168.94
1361.59
1475.69
1355.29
1326.29
1341.44
1401.69
1471.37
1447.59
1361.14
1274.79
1284.19
1292.64
1403.99
1890.99
1907.49
1816.24
1545.39
1267.84
1136.99
1240.99
1122.59
1099.19
1088.39
1168.94
1361.59
1475.69
1355.29
1326.29
1341.44
1401.69
1471.37
1447.59
1361.14
1274.79
1284.19
1292.64
1403.99
1890.99
1907.49
1816.24
1545.39
1267.84
1136.99
1240.99
1122.59
1099.19
1088.39
1168.94
1361.59
1475.69
1355.29
1326.29
1341.44
1401.69
1471.37
1447.59
1361.14
1274.79
1284.19
1292.64
1403.99
1890.99
1907.49
1816.24
1545.39
1267.84
1136.99
1240.99
1122.59
1099.19
1088.39
1168.94
1361.59
1475.69
1355.29
1326.29
1341.44
1401.69
1471.37
1447.59
1361.14
1274.79
1284.19
1292.64
1403.99
1890.99
1907.49
1816.24
1545.39
1267.84
1136.99
1240.99
1122.59
1099.19
1088.39
1168.94
1361.59
1475.69
1355.29
1326.29
1341.44
1401.69
1471.37
1447.59
1361.14
1274.79
1284.19
1292.64
1403.99
1890.99
1907.49
1816.24
1545.39
1267.84
1136.99
1240.99
1122.59
1099.19
1088.39
1168.94
1361.59
1475.69
1355.29
1326.29
1341.44
1401.69
1471.37
1447.59
1361.14
1274.79
1284.19
1292.64
1403.99
1890.99
1907.49
1816.24
1545.39
1267.84
1136.99
1240.99
1122.59
1099.19
1088.39
1168.94
1361.59
1475.69
1355.29
1326.29
1341.44
1401.69
1471.37
1447.59
1361.14
1274.79
1284.19
1292.64
1403.99
1890.99
1907.49
1816.24
1545.39
1267.84
1136.99
1240.99
1122.59
1099.19
1088.39
1168.94
1361.59
1475.69
1355.29
1326.29
1341.44
1401.69
1471.37
1447.59
1361.14
1274.79
1284.19
1292.64
1403.99
1890.99
1907.49
1816.24
1545.39
1267.84
1136.99
1240.99
1122.59
1099.19
1088.39
1168.94
1361.59
1475.69
1355.29
1326.29
1341.44
1401.69
1471.37
1447.59
1361.14
1274.79
1284.19
1292.64
1403.99
1890.99
1907.49
1816.24
1545.39
1267.84
1136.99
1240.99
1122.59
1099.19
1088.39
1168.94
1361.59
1475.69
1355.29
1326.29
1341.44
1401.69
1471.37
1447.59
1361.14
1274.79
1284.19
1292.64
1403.99
1890.99
1907.49
1816.24
1545.39
1267.84
1136.99
1240.99
1122.59
1099.19
1088.39
1168.94
1361.59
1475.69
1355.29
1326.29
1341.44
1401.69
1471.37
1447.59
1361.14
1274.79
1284.19
1292.64
1403.99
1890.99
1907.49
1816.24
1545.39
1267.84
1136.99
1240.99
1122.59
1099.19
1088.39
1168.94
1361.59
1475.69
1355.29
1326.29
1341.44
1401.69
1471.37
1447.59
1361.14
1274.79
1284.19
1292.64
1403.99
1890.99
1907.49
1816.24
1545.39
1267.84
1136.99
1240.99
1122.59
1099.19
1088.39
1168.94
1361.59
1475.69
1355.29
1326.29
1341.44
1401.69
1471.37
1447.59
1361.14
1274.79
1284.19
1292.64
1403.99
1890.99
1907.49
1816.24
1545.39
1267.84
1136.99
1240.99
1122.59
1099.19
1088.39
1168.94
1361.59
1475.69
1355.29
1326.29
1341.44
1401.69
1471.37
1447.59
1361.14
1274.79
1284.19
1292.64
1403.99
1890.99
1907.49
1816.24
1545.39
1267.84
1136.99
1240.99
1122.59
1099.19
1088.39
1168.94
1361.59
1475.69
1355.29
1326.29
1341.44
1401.69
1471.37
1447.59
1361.14
1274.79
1284.19
1292.64
1403.99
1890.99
1907.49
1816.24
1545.39
1267.84
1136.99
1240.99
1122.59
1099.19
1088.39
1168.94
1361.59
1475.69
1355.29
1326.29
1341.44
1401.69
1471.37
1447.59
1361.14
1274.79
1284.19
1292.64
1403.99
1890.99
1907.49
1816.24
1545.39
1267.84
1136.99
1240.99
1122.59
1099.19
1088.39
1168.94
1361.59
1475.69
1355.29
1326.29
1341.44
1401.69
1471.37
1447.59
1361.14
1274.79
1284.19
1292.64
1403.99
1890.99
1907.49
1816.24
1545.39
1267.84
1136.99
1240.99
1122.59
1099.19
1088.39
1168.94
1361.59
1475.69
1355.29
1326.29
1341.44
1401.69
1471.37
1447.59
1361.14
1274.79
1284.19
1292.64
1403.99
1890.99
1907.49
1816.24
1545.39
1267.84
1136.99
1240.99
1122.59
1099.19
1088.39
1168.94
1361.59
1475.69
1355.29
1326.29
1341.44
1401.69
1471.37
1447.59
1361.14
1274.79
1284.19
1292.64
1403.99
1890.99
1907.49
1816.24
1545.39
1267.84
1136.99
1240.99
1122.59
1099.19
1088.39
1168.94
1361.59
1475.69
1355.29
1326.29
1341.44
1401.69
1471.37
1447.59
1361.14
1274.79
1284.19
1292.64
1403.99
1890.99
1907.49
1816.24
1545.39
1267.84
1136.99
1240.99
1122.59
1099.19
1088.39
1168.94
1361.59
1475.69
1355.29
1326.29
1341.44
1401.69
1471.37
1447.59
1361.14
1274.79
1284.19
1292.64
1403.99
1890.99
1907.49
1816.24
1545.39
1267.84
1136.99
1240.99
1122.59
1099.19
1088.39
1168.94
1361.59
1475.69
1355.29
1326.29
1341.44
1401.69
1471.37
1447.59
1361.14
1274.79
1284.19
1292.64
1403.99
1890.99
1907.49
1816.24
1545.39
1267.84
1136.99
1240.99
1122.59
1099.19
1088.39
1168.94
1361.59
1475.69
1355.29
1326.29
1341.44
1401.69
1471.37
1447.59
1361.14
1274.79
1284.19
1292.64
1403.99
1890.99
1907.49
1816.24
1545.39
1267.84
1136.99
1305.99
1189.59
1166.19
1154.49
1235.94
1428.59
1542.69
1421.39
1391.29
1407.44
1466.69
1536.37
1511.48
1426.14
1339.79
1349.19
1358.64
1468.99
1955.99
1972.49
1881.27
1611.39
1332.84
1201.99
1305.99
1189.59
1166.19
1154.49
1235.94
1428.59
1542.69
1421.39
1391.29
1407.44
1466.69
1536.37
1511.48
1426.14
1339.79
1349.19
1358.64
1468.99
1955.99
1972.49
1881.27
1611.39
1332.84
1201.99
1305.99
1189.59
1166.19
1154.49
1235.94
1428.59
1542.69
1421.39
1391.29
1407.44
1466.69
1536.37
1511.48
1426.14
1339.79
1349.19
1358.64
1468.99
1955.99
1972.49
1881.27
1611.39
1332.84
1201.99
1305.99
1189.59
1166.19
1154.49
1235.94
1428.59
1542.69
1421.39
1391.29
1407.44
1466.69
1536.37
1511.48
1426.14
1339.79
1349.19
1358.64
1468.99
1955.99
1972.49
1881.27
1611.39
1332.84
1201.99
1305.99
1189.59
1166.19
1154.49
1235.94
1428.59
1542.69
1421.39
1391.29
1407.44
1466.69
1536.37
1511.48
1426.14
1339.79
1349.19
1358.64
1468.99
1955.99
1972.49
1881.27
1611.39
1332.84
1201.99
1305.99
1189.59
1166.19
1154.49
1235.94
1428.59
1542.69
1421.39
1391.29
1407.44
1466.69
1536.37
1511.48
1426.14
1339.79
1349.19
1358.64
1468.99
1955.99
1972.49
1881.27
1611.39
1332.84
1201.99
1305.99
1189.59
1166.19
1154.49
1235.94
1428.59
1542.69
1421.39
1391.29
1407.44
1466.69
1536.37
1511.48
1426.14
1339.79
1349.19
1358.64
1468.99
1955.99
1972.49
1881.27
1611.39
1332.84
1201.99
1305.99
1189.59
1166.19
1154.49
1235.94
1428.59
1542.69
1421.39
1391.29
1407.44
1466.69
1536.37
1511.48
1426.14
1339.79
1349.19
1358.64
1468.99
1955.99
1972.49
1881.27
1611.39
1332.84
1201.99
1305.99
1189.59
1166.19
1154.49
1235.94
1428.59
1542.69
1421.39
1391.29
1407.44
1466.69
1536.37
1511.48
1426.14
1339.79
1349.19
1358.64
1468.99
1955.99
1972.49
1881.27
1611.39
1332.84
1201.99
1305.99
1189.59
1166.19
1154.49
1235.94
1428.59
1542.69
1421.39
1391.29
1407.44
1466.69
1536.37
1511.48
1426.14
1339.79
1349.19
1358.64
1468.99
1955.99
1972.49
1881.27
1611.39
1332.84
1201.99
1305.99
1189.59
1166.19
1154.49
1235.94
1428.59
1542.69
1421.39
1391.29
1407.44
1466.69
1536.37
1511.48
1426.14
1339.79
1349.19
1358.64
1468.99
1955.99
1972.49
1881.27
1611.39
1332.84
1201.99
1305.99
1189.59
1166.19
1154.49
1235.94
1428.59
1542.69
1421.39
1391.29
1407.44
1466.69
1536.37
1511.48
1426.14
1339.79
1349.19
1358.64
1468.99
1955.99
1972.49
1881.27
1611.39
1332.84
1201.99
1305.99
1189.59
1166.19
1154.49
1235.94
1428.59
1542.69
1421.39
1391.29
1407.44
1466.69
1536.37
1511.48
1426.14
1339.79
1349.19
1358.64
1468.99
1955.99
1972.49
1881.27
1611.39
1332.84
1201.99
1305.99
1189.59
1166.19
1154.49
1235.94
1428.59
1542.69
1421.39
1391.29
1407.44
1466.69
1536.37
1511.48
1426.14
1339.79
1349.19
1358.64
1468.99
1955.99
1972.49
1881.27
1611.39
1332.84
1201.99
1305.99
1189.59
1166.19
1154.49
1235.94
1428.59
1542.69
1421.39
1391.29
1407.44
1466.69
1536.37
1511.48
1426.14
1339.79
1349.19
1358.64
1468.99
1955.99
1972.49
1881.27
1611.39
1332.84
1201.99
1305.99
1189.59
1166.19
1154.49
1235.94
1428.59
1542.69
1421.39
1391.29
1407.44
1466.69
1536.37
1511.48
1426.14
1339.79
1349.19
1358.64
1468.99
1955.99
1972.49
1881.27
1611.39
1332.84
1201.99
1305.99
1189.59
1166.19
1154.49
1235.94
1428.59
1542.69
1421.39
1391.29
1407.44
1466.69
1536.37
1511.48
1426.14
1339.79
1349.19
1358.64
1468.99
1955.99
1972.49
1881.27
1611.39
1332.84
1201.99
1305.99
1189.59
1166.19
1154.49
1235.94
1428.59
1542.69
1421.39
1391.29
1407.44
1466.69
1536.37
1511.48
1426.14
1339.79
1349.19
1358.64
1468.99
1955.99
1972.49
1881.27
1611.39
1332.84
1201.99
1305.99
1189.59
1166.19
1154.49
1235.94
1428.59
1542.69
1421.39
1391.29
1407.44
1466.69
1536.37
1511.48
1426.14
1339.79
1349.19
1358.64
1468.99
1955.99
1972.49
1881.27
1611.39
1332.84
1201.99
1305.99
1189.59
1166.19
1154.49
1235.94
1428.59
1542.69
1421.39
1391.29
1407.44
1466.69
1536.37
1511.48
1426.14
1339.79
1349.19
1358.64
1468.99
1955.99
1972.49
1881.27
1611.39
1332.84
1201.99
1305.99
1189.59
1166.19
1154.49
1235.94
1428.59
1542.69
1421.39
1391.29
1407.44
1466.69
1536.37
1511.48
1426.14
1339.79
1349.19
1358.64
1468.99
1955.99
1972.49
1881.27
1611.39
1332.84
1201.99
1305.99
1189.59
1166.19
1154.49
1235.94
1428.59
1542.69
1421.39
1391.29
1407.44
1466.69
1536.37
1511.48
1426.14
1339.79
1349.19
1358.64
1468.99
1955.99
1972.49
1881.27
1611.39
1332.84
1201.99
1305.99
1189.59
1166.19
1154.49
1235.94
1428.59
1542.69
1421.39
1391.29
1407.44
1466.69
1536.37
1511.48
1426.14
1339.79
1349.19
1358.64
1468.99
1955.99
1972.49
1881.27
1611.39
1332.84
1201.99
1305.99
1189.59
1166.19
1154.49
1235.94
1428.59
1542.69
1421.39
1391.29
1407.44
1466.69
1536.37
1511.48
1426.14
1339.79
1349.19
1358.64
1468.99
1955.99
1972.49
1881.27
1611.39
1332.84
1201.99
1305.99
1189.59
1166.19
1154.49
1235.94
1428.59
1542.69
1421.39
1391.29
1407.44
1466.69
1536.37
1511.48
1426.14
1339.79
1349.19
1358.64
1468.99
1955.99
1972.49
1881.27
1611.39
1332.84
1201.99
1305.99
1189.59
1166.19
1154.49
1235.94
1428.59
1542.69
1421.39
1391.29
1407.44
1466.69
1536.37
1511.48
1426.14
1339.79
1349.19
1358.64
1468.99
1955.99
1972.49
1881.27
1611.39
1332.84
1201.99
1305.99
1189.59
1166.19
1154.49
1235.94
1428.59
1542.69
1421.39
1391.29
1407.44
1466.69
1536.37
1511.48
1426.14
1339.79
1349.19
1358.64
1468.99
1955.99
1972.49
1881.27
1611.39
1332.84
1201.99
1305.99
1189.59
1166.19
1154.49
1235.94
1428.59
1542.69
1421.39
1391.29
1407.44
1466.69
1536.37
1511.48
1426.14
1339.79
1349.19
1358.64
1468.99
1955.99
1972.49
1881.27
1611.39
1332.84
1201.99
1305.99
1189.59
1166.19
1154.49
1235.94
1428.59
1542.69
1421.39
1391.29
1407.44
1466.69
1536.37
1511.48
1426.14
1339.79
1349.19
1358.64
1468.99
1955.99
1972.49
1881.27
1611.39
1332.84
1201.99
1262.64
1144.24
1120.84
1110.18
1190.59
1383.24
1497.34
1376.94
1347.94
1363.09
1423.34
1493.02
1469.24
1382.79
1296.44
1305.84
1314.29
1425.64
1912.64
1929.14
1837.89
1567.04
1289.49
1158.64
1262.64
1144.24
1120.84
1110.18
1190.59
1383.24
1497.34
1376.94
1347.94
1363.09
1423.34
1493.02
1469.24
1382.79
1296.44
1305.84
1314.29
1425.64
1912.64
1929.14
1837.89
1567.04
1289.49
1158.64
1262.64
1144.24
1120.84
1110.18
1190.59
1383.24
1497.34
1376.94
1347.94
1363.09
1423.34
1493.02
1469.24
1382.79
1296.44
1305.84
1314.29
1425.64
1912.64
1929.14
1837.89
1567.04
1289.49
1158.64
1262.64
1144.24
1120.84
1110.18
1190.59
1383.24
1497.34
1376.94
1347.94
1363.09
1423.34
1493.02
1469.24
1382.79
1296.44
1305.84
1314.29
1425.64
1912.64
1929.14
1837.89
1567.04
1289.49
1158.64
1262.64
1144.24
1120.84
1110.18
1190.59
1383.24
1497.34
1376.94
1347.94
1363.09
1423.34
1493.02
1469.24
1382.79
1296.44
1305.84
1314.29
1425.64
1912.64
1929.14
1837.89
1567.04
1289.49
1158.64
1262.64
1144.24
1120.84
1110.18
1190.59
1383.24
1497.34
1376.94
1347.94
1363.09
1423.34
1493.02
1469.24
1382.79
1296.44
1305.84
1314.29
1425.64
1912.64
1929.14
1837.89
1567.04
1289.49
1158.64
1262.64
1144.24
1120.84
1110.18
1190.59
1383.24
1497.34
1376.94
1347.94
1363.09
1423.34
1493.02
1469.24
1382.79
1296.44
1305.84
1314.29
1425.64
1912.64
1929.14
1837.89
1567.04
1289.49
1158.64
1262.64
1144.24
1120.84
1110.18
1190.59
1383.24
1497.34
1376.94
1347.94
1363.09
1423.34
1493.02
1469.24
1382.79
1296.44
1305.84
1314.29
1425.64
1912.64
1929.14
1837.89
1567.04
1289.49
1158.64
1262.64
1144.24
1120.84
1110.18
1190.59
1383.24
1497.34
1376.94
1347.94
1363.09
1423.34
1493.02
1469.24
1382.79
1296.44
1305.84
1314.29
1425.64
1912.64
1929.14
1837.89
1567.04
1289.49
1158.64
1262.64
1144.24
1120.84
1110.18
1190.59
1383.24
1497.34
1376.94
1347.94
1363.09
1423.34
1493.02
1469.24
1382.79
1296.44
1305.84
1314.29
1425.64
1912.64
1929.14
1837.89
1567.04
1289.49
1158.64
1262.64
1144.24
1120.84
1110.18
1190.59
1383.24
1497.34
1376.94
1347.94
1363.09
1423.34
1493.02
1469.24
1382.79
1296.44
1305.84
1314.29
1425.64
1912.64
1929.14
1837.89
1567.04
1289.49
1158.64
1262.64
1144.24
1120.84
1110.18
1190.59
1383.24
1497.34
1376.94
1347.94
1363.09
1423.34
1493.02
1469.24
1382.79
1296.44
1305.84
1314.29
1425.64
1912.64
1929.14
1837.89
1567.04
1289.49
1158.64
1262.64
1144.24
1120.84
1110.18
1190.59
1383.24
1497.34
1376.94
1347.94
1363.09
1423.34
1493.02
1469.24
1382.79
1296.44
1305.84
1314.29
1425.64
1912.64
1929.14
1837.89
1567.04
1289.49
1158.64
1262.64
1144.24
1120.84
1110.18
1190.59
1383.24
1497.34
1376.94
1347.94
1363.09
1423.34
1493.02
1469.24
1382.79
1296.44
1305.84
1314.29
1425.64
1912.64
1929.14
1837.89
1567.04
1289.49
1158.64
1262.64
1144.24
1120.84
1110.18
1190.59
1383.24
1497.34
1376.94
1347.94
1363.09
1423.34
1493.02
1469.24
1382.79
1296.44
1305.84
1314.29
1425.64
1912.64
1929.14
1837.89
1567.04
1289.49
1158.64
1262.64
1144.24
1120.84
1110.18
1190.59
1383.24
1497.34
1376.94
1347.94
1363.09
1423.34
1493.02
1469.24
1382.79
1296.44
1305.84
1314.29
1425.64
1912.64
1929.14
1837.89
1567.04
1289.49
1158.64
1262.64
1144.24
1120.84
1110.18
1190.59
1383.24
1497.34
1376.94
1347.94
1363.09
1423.34
1493.02
1469.24
1382.79
1296.44
1305.84
1314.29
1425.64
1912.64
1929.14
1837.89
1567.04
1289.49
1158.64
1262.64
1144.24
1120.84
1110.18
1190.59
1383.24
1497.34
1376.94
1347.94
1363.09
1423.34
1493.02
1469.24
1382.79
1296.44
1305.84
1314.29
1425.64
1912.64
1929.14
1837.89
1567.04
1289.49
1158.64
1262.64
1144.24
1120.84
1110.18
1190.59
1383.24
1497.34
1376.94
1347.94
1363.09
1423.34
1493.02
1469.24
1382.79
1296.44
1305.84
1314.29
1425.64
1912.64
1929.14
1837.89
1567.04
1289.49
1158.64
1262.64
1144.24
1120.84
1110.18
1190.59
1383.24
1497.34
1376.94
1347.94
1363.09
1423.34
1493.02
1469.24
1382.79
1296.44
1305.84
1314.29
1425.64
1912.64
1929.14
1837.89
1567.04
1289.49
1158.64
1262.64
1144.24
1120.84
1110.18
1190.59
1383.24
1497.34
1376.94
1347.94
1363.09
1423.34
1493.02
1469.24
1382.79
1296.44
1305.84
1314.29
1425.64
1912.64
1929.14
1837.89
1567.04
1289.49
1158.64
1262.64
1144.24
1120.84
1110.18
1190.59
1383.24
1497.34
1376.94
1347.94
1363.09
1423.34
1493.02
1469.24
1382.79
1296.44
1305.84
1314.29
1425.64
1912.64
1929.14
1837.89
1567.04
1289.49
1158.64
1262.64
1144.24
1120.84
1110.18
1190.59
1383.24
1497.34
1376.94
1347.94
1363.09
1423.34
1493.02
1469.24
1382.79
1296.44
1305.84
1314.29
1425.64
1912.64
1929.14
1837.89
1567.04
1289.49
1158.64
1262.64
1144.24
1120.84
1110.18
1190.59
1383.24
1497.34
1376.94
1347.94
1363.09
1423.34
1493.02
1469.24
1382.79
1296.44
1305.84
1314.29
1425.64
1912.64
1929.14
1837.89
1567.04
1289.49
1158.64
1262.64
1144.24
1120.84
1110.18
1190.59
1383.24
1497.34
1376.94
1347.94
1363.09
1423.34
1493.02
1469.24
1382.79
1296.44
1305.84
1314.29
1425.64
1912.64
1929.14
1837.89
1567.04
1289.49
1158.64
1262.64
1144.24
1120.84
1110.18
1190.59
1383.24
1497.34
1376.94
1347.94
1363.09
1423.34
1493.02
1469.24
1382.79
1296.44
1305.84
1314.29
1425.64
1912.64
1929.14
1837.89
1567.04
1289.49
1158.64
1262.64
1144.24
1120.84
1110.18
1190.59
1383.24
1497.34
1376.94
1347.94
1363.09
1423.34
1493.02
1469.24
1382.79
1296.44
1305.84
1314.29
1425.64
1912.64
1929.14
1837.89
1567.04
1289.49
1158.64
1262.64
1144.24
1120.84
1110.18
1190.59
1383.24
1497.34
1376.94
1347.94
1363.09
1423.34
1493.02
1469.24
1382.79
1296.44
1305.84
1314.29
1425.64
1912.64
1929.14
1837.89
1567.04
1289.49
1158.64
1262.64
1144.24
1120.84
1110.18
1190.59
1383.24
1497.34
1376.94
1347.94
1363.09
1423.34
1493.02
1469.24
1382.79
1296.44
1305.84
1314.29
1425.64
1912.64
1929.14
1837.89
1567.04
1289.49
1158.64
1262.64
1144.24
1120.84
1110.18
1190.59
1383.24
1497.34
1376.94
1347.94
1363.09
1423.34
1493.02
1469.24
1382.79
1296.44
1305.84
1314.29
1425.64
1912.64
1929.14
1837.89
1567.04
1289.49
1158.64
1262.64
1144.24
1120.84
1110.18
1190.59
1383.24
1497.34
1376.94
1347.94
1363.09
1423.34
1493.02
1469.24
1382.79
1296.44
1305.84
1314.29
1425.64
1912.64
1929.14
1837.89
1567.04
1289.49
1158.64
1318.65
1202.25
1178.85
1167.15
1248.6
1441.25
1555.35
1434.05
1403.95
1420.11
1479.35
1549.03
1524.14
1438.8
1352.45
1361.85
1371.36
1481.78
1968.65
1985.15
1893.93
1624.05
1345.5
1214.65
1318.65
1202.25
1178.85
1167.15
1248.6
1441.25
1555.35
1434.05
1403.95
1420.11
1479.35
1549.03
1524.14
1438.8
1352.45
1361.85
1371.36
1481.78
1968.65
1985.15
1893.93
1624.05
1345.5
1214.65
1318.65
1202.25
1178.85
1167.15
1248.6
1441.25
1555.35
1434.05
1403.95
1420.11
1479.35
1549.03
1524.14
1438.8
1352.45
1361.85
1371.36
1481.78
1968.65
1985.15
1893.93
1624.05
1345.5
1214.65
1318.65
1202.25
1178.85
1167.15
1248.6
1441.25
1555.35
1434.05
1403.95
1420.11
1479.35
1549.03
1524.14
1438.8
1352.45
1361.85
1371.36
1481.78
1968.65
1985.15
1893.93
1624.05
1345.5
1214.65
1318.65
1202.25
1178.85
1167.15
1248.6
1441.25
1555.35
1434.05
1403.95
1420.11
1479.35
1549.03
1524.14
1438.8
1352.45
1361.85
1371.36
1481.78
1968.65
1985.15
1893.93
1624.05
1345.5
1214.65
1318.65
1202.25
1178.85
1167.15
1248.6
1441.25
1555.35
1434.05
1403.95
1420.11
1479.35
1549.03
1524.14
1438.8
1352.45
1361.85
1371.36
1481.78
1968.65
1985.15
1893.93
1624.05
1345.5
1214.65
1318.65
1202.25
1178.85
1167.15
1248.6
1441.25
1555.35
1434.05
1403.95
1420.11
1479.35
1549.03
1524.14
1438.8
1352.45
1361.85
1371.36
1481.78
1968.65
1985.15
1893.93
1624.05
1345.5
1214.65
1318.65
1202.25
1178.85
1167.15
1248.6
1441.25
1555.35
1434.05
1403.95
1420.11
1479.35
1549.03
1524.14
1438.8
1352.45
1361.85
1371.36
1481.78
1968.65
1985.15
1893.93
1624.05
1345.5
1214.65
1318.65
1202.25
1178.85
1167.15
1248.6
1441.25
1555.35
1434.05
1403.95
1420.11
1479.35
1549.03
1524.14
1438.8
1352.45
1361.85
1371.36
1481.78
1968.65
1985.15
1893.93
1624.05
1345.5
1214.65
1318.65
1202.25
1178.85
1167.15
1248.6
1441.25
1555.35
1434.05
1403.95
1420.11
1479.35
1549.03
1524.14
1438.8
1352.45
1361.85
1371.36
1481.78
1968.65
1985.15
1893.93
1624.05
1345.5
1214.65
1318.65
1202.25
1178.85
1167.15
1248.6
1441.25
1555.35
1434.05
1403.95
1420.11
1479.35
1549.03
1524.14
1438.8
1352.45
1361.85
1371.36
1481.78
1968.65
1985.15
1893.93
1624.05
1345.5
1214.65
1318.65
1202.25
1178.85
1167.15
1248.6
1441.25
1555.35
1434.05
1403.95
1420.11
1479.35
1549.03
1524.14
1438.8
1352.45
1361.85
1371.36
1481.78
1968.65
1985.15
1893.93
1624.05
1345.5
1214.65
1318.65
1202.25
1178.85
1167.15
1248.6
1441.25
1555.35
1434.05
1403.95
1420.11
1479.35
1549.03
1524.14
1438.8
1352.45
1361.85
1371.36
1481.78
1968.65
1985.15
1893.93
1624.05
1345.5
1214.65
1318.65
1202.25
1178.85
1167.15
1248.6
1441.25
1555.35
1434.05
1403.95
1420.11
1479.35
1549.03
1524.14
1438.8
1352.45
1361.85
1371.36
1481.78
1968.65
1985.15
1893.93
1624.05
1345.5
1214.65
1318.65
1202.25
1178.85
1167.15
1248.6
1441.25
1555.35
1434.05
1403.95
1420.11
1479.35
1549.03
1524.14
1438.8
1352.45
1361.85
1371.36
1481.78
1968.65
1985.15
1893.93
1624.05
1345.5
1214.65
1318.65
1202.25
1178.85
1167.15
1248.6
1441.25
1555.35
1434.05
1403.95
1420.11
1479.35
1549.03
1524.14
1438.8
1352.45
1361.85
1371.36
1481.78
1968.65
1985.15
1893.93
1624.05
1345.5
1214.65
1318.65
1202.25
1178.85
1167.15
1248.6
1441.25
1555.35
1434.05
1403.95
1420.11
1479.35
1549.03
1524.14
1438.8
1352.45
1361.85
1371.36
1481.78
1968.65
1985.15
1893.93
1624.05
1345.5
1214.65
1318.65
1202.25
1178.85
1167.15
1248.6
1441.25
1555.35
1434.05
1403.95
1420.11
1479.35
1549.03
1524.14
1438.8
1352.45
1361.85
1371.36
1481.78
1968.65
1985.15
1893.93
1624.05
1345.5
1214.65
1318.65
1202.25
1178.85
1167.15
1248.6
1441.25
1555.35
1434.05
1403.95
1420.11
1479.35
1549.03
1524.14
1438.8
1352.45
1361.85
1371.36
1481.78
1968.65
1985.15
1893.93
1624.05
1345.5
1214.65
1318.65
1202.25
1178.85
1167.15
1248.6
1441.25
1555.35
1434.05
1403.95
1420.11
1479.35
1549.03
1524.14
1438.8
1352.45
1361.85
1371.36
1481.78
1968.65
1985.15
1893.93
1624.05
1345.5
1214.65
1318.65
1202.25
1178.85
1167.15
1248.6
1441.25
1555.35
1434.05
1403.95
1420.11
1479.35
1549.03
1524.14
1438.8
1352.45
1361.85
1371.36
1481.78
1968.65
1985.15
1893.93
1624.05
1345.5
1214.65
1318.65
1202.25
1178.85
1167.15
1248.6
1441.25
1555.35
1434.05
1403.95
1420.11
1479.35
1549.03
1524.14
1438.8
1352.45
1361.85
1371.36
1481.78
1968.65
1985.15
1893.93
1624.05
1345.5
1214.65
1318.65
1202.25
1178.85
1167.15
1248.6
1441.25
1555.35
1434.05
1403.95
1420.11
1479.35
1549.03
1524.14
1438.8
1352.45
1361.85
1371.36
1481.78
1968.65
1985.15
1893.93
1624.05
1345.5
1214.65
1318.65
1202.25
1178.85
1167.15
1248.6
1441.25
1555.35
1434.05
1403.95
1420.11
1479.35
1549.03
1524.14
1438.8
1352.45
1361.85
1371.36
1481.78
1968.65
1985.15
1893.93
1624.05
1345.5
1214.65
1318.65
1202.25
1178.85
1167.15
1248.6
1441.25
1555.35
1434.05
1403.95
1420.11
1479.35
1549.03
1524.14
1438.8
1352.45
1361.85
1371.36
1481.78
1968.65
1985.15
1893.93
1624.05
1345.5
1214.65
1318.65
1202.25
1178.85
1167.15
1248.6
1441.25
1555.35
1434.05
1403.95
1420.11
1479.35
1549.03
1524.14
1438.8
1352.45
1361.85
1371.36
1481.78
1968.65
1985.15
1893.93
1624.05
1345.5
1214.65
1318.65
1202.25
1178.85
1167.15
1248.6
1441.25
1555.35
1434.05
1403.95
1420.11
1479.35
1549.03
1524.14
1438.8
1352.45
1361.85
1371.36
1481.78
1968.65
1985.15
1893.93
1624.05
1345.5
1214.65
1318.65
1202.25
1178.85
1167.15
1248.6
1441.25
1555.35
1434.05
1403.95
1420.11
1479.35
1549.03
1524.14
1438.8
1352.45
1361.85
1371.36
1481.78
1968.65
1985.15
1893.93
1624.05
1345.5
1214.65
1318.65
1202.25
1178.85
1167.15
1248.6
1441.25
1555.35
1434.05
1403.95
1420.11
1479.35
1549.03
1524.14
1438.8
1352.45
1361.85
1371.36
1481.78
1968.65
1985.15
1893.93
1624.05
1345.5
1214.65
1318.65
1202.25
1178.85
1167.15
1248.6
1441.25
1555.35
1434.05
1403.95
1420.11
1479.35
1549.03
1524.14
1438.8
1352.45
1361.85
1371.36
1481.78
1968.65
1985.15
1893.93
1624.05
1345.5
1214.65
1333.93
1217.53
1194.13
1182.43
1263.88
1456.53
1570.63
1449.33
1419.43
1435.38
1494.63
1564.31
1539.42
1454.08
1367.73
1377.13
1386.58
1496.93
1983.93
2000.43
1909.24
1639.33
1360.78
1229.93
1333.93
1217.53
1194.13
1182.43
1263.88
1456.53
1570.63
1449.33
1419.43
1435.38
1494.63
1564.31
1539.42
1454.08
1367.73
1377.13
1386.58
1496.93
1983.93
2000.43
1909.24
1639.33
1360.78
1229.93
1333.93
1217.53
1194.13
1182.43
1263.88
1456.53
1570.63
1449.33
1419.43
1435.38
1494.63
1564.31
1539.42
1454.08
1367.73
1377.13
1386.58
1496.93
1983.93
2000.43
1909.24
1639.33
1360.78
1229.93
1333.93
1217.53
1194.13
1182.43
1263.88
1456.53
1570.63
1449.33
1419.43
1435.38
1494.63
1564.31
1539.42
1454.08
1367.73
1377.13
1386.58
1496.93
1983.93
2000.43
1909.24
1639.33
1360.78
1229.93
1333.93
1217.53
1194.13
1182.43
1263.88
1456.53
1570.63
1449.33
1419.43
1435.38
1494.63
1564.31
1539.42
1454.08
1367.73
1377.13
1386.58
1496.93
1983.93
2000.43
1909.24
1639.33
1360.78
1229.93
1333.93
1217.53
1194.13
1182.43
1263.88
1456.53
1570.63
1449.33
1419.43
1435.38
1494.63
1564.31
1539.42
1454.08
1367.73
1377.13
1386.58
1496.93
1983.93
2000.43
1909.24
1639.33
1360.78
1229.93
1333.93
1217.53
1194.13
1182.43
1263.88
1456.53
1570.63
1449.33
1419.43
1435.38
1494.63
1564.31
1539.42
1454.08
1367.73
1377.13
1386.58
1496.93
1983.93
2000.43
1909.24
1639.33
1360.78
1229.93
1333.93
1217.53
1194.13
1182.43
1263.88
1456.53
1570.63
1449.33
1419.43
1435.38
1494.63
1564.31
1539.42
1454.08
1367.73
1377.13
1386.58
1496.93
1983.93
2000.43
1909.24
1639.33
1360.78
1229.93
1333.93
1217.53
1194.13
1182.43
1263.88
1456.53
1570.63
1449.33
1419.43
1435.38
1494.63
1564.31
1539.42
1454.08
1367.73
1377.13
1386.58
1496.93
1983.93
2000.43
1909.24
1639.33
1360.78
1229.93
1333.93
1217.53
1194.13
1182.43
1263.88
1456.53
1570.63
1449.33
1419.43
1435.38
1494.63
1564.31
1539.42
1454.08
1367.73
1377.13
1386.58
1496.93
1983.93
2000.43
1909.24
1639.33
1360.78
1229.93
1333.93
1217.53
1194.13
1182.43
1263.88
1456.53
1570.63
1449.33
1419.43
1435.38
1494.63
1564.31
1539.42
1454.08
1367.73
1377.13
1386.58
1496.93
1983.93
2000.43
1909.24
1639.33
1360.78
1229.93
1333.93
1217.53
1194.13
1182.43
1263.88
1456.53
1570.63
1449.33
1419.43
1435.38
1494.63
1564.31
1539.42
1454.08
1367.73
1377.13
1386.58
1496.93
1983.93
2000.43
1909.24
1639.33
1360.78
1229.93
1333.93
1217.53
1194.13
1182.43
1263.88
1456.53
1570.63
1449.33
1419.43
1435.38
1494.63
1564.31
1539.42
1454.08
1367.73
1377.13
1386.58
1496.93
1983.93
2000.43
1909.24
1639.33
1360.78
1229.93
1333.93
1217.53
1194.13
1182.43
1263.88
1456.53
1570.63
1449.33
1419.43
1435.38
1494.63
1564.31
1539.42
1454.08
1367.73
1377.13
1386.58
1496.93
1983.93
2000.43
1909.24
1639.33
1360.78
1229.93
1333.93
1217.53
1194.13
1182.43
1263.88
1456.53
1570.63
1449.33
1419.43
1435.38
1494.63
1564.31
1539.42
1454.08
1367.73
1377.13
1386.58
1496.93
1983.93
2000.43
1909.24
1639.33
1360.78
1229.93
1333.93
1217.53
1194.13
1182.43
1263.88
1456.53
1570.63
1449.33
1419.43
1435.38
1494.63
1564.31
1539.42
1454.08
1367.73
1377.13
1386.58
1496.93
1983.93
2000.43
1909.24
1639.33
1360.78
1229.93
1333.93
1217.53
1194.13
1182.43
1263.88
1456.53
1570.63
1449.33
1419.43
1435.38
1494.63
1564.31
1539.42
1454.08
1367.73
1377.13
1386.58
1496.93
1983.93
2000.43
1909.24
1639.33
1360.78
1229.93
1333.93
1217.53
1194.13
1182.43
1263.88
1456.53
1570.63
1449.33
1419.43
1435.38
1494.63
1564.31
1539.42
1454.08
1367.73
1377.13
1386.58
1496.93
1983.93
2000.43
1909.24
1639.33
1360.78
1229.93
1333.93
1217.53
1194.13
1182.43
1263.88
1456.53
1570.63
1449.33
1419.43
1435.38
1494.63
1564.31
1539.42
1454.08
1367.73
1377.13
1386.58
1496.93
1983.93
2000.43
1909.24
1639.33
1360.78
1229.93
1333.93
1217.53
1194.13
1182.43
1263.88
1456.53
1570.63
1449.33
1419.43
1435.38
1494.63
1564.31
1539.42
1454.08
1367.73
1377.13
1386.58
1496.93
1983.93
2000.43
1909.24
1639.33
1360.78
1229.93
1333.93
1217.53
1194.13
1182.43
1263.88
1456.53
1570.63
1449.33
1419.43
1435.38
1494.63
1564.31
1539.42
1454.08
1367.73
1377.13
1386.58
1496.93
1983.93
2000.43
1909.24
1639.33
1360.78
1229.93
1333.93
1217.53
1194.13
1182.43
1263.88
1456.53
1570.63
1449.33
1419.43
1435.38
1494.63
1564.31
1539.42
1454.08
1367.73
1377.13
1386.58
1496.93
1983.93
2000.43
1909.24
1639.33
1360.78
1229.93
1333.93
1217.53
1194.13
1182.43
1263.88
1456.53
1570.63
1449.33
1419.43
1435.38
1494.63
1564.31
1539.42
1454.08
1367.73
1377.13
1386.58
1496.93
1983.93
2000.43
1909.24
1639.33
1360.78
1229.93
1333.93
1217.53
1194.13
1182.43
1263.88
1456.53
1570.63
1449.33
1419.43
1435.38
1494.63
1564.31
1539.42
1454.08
1367.73
1377.13
1386.58
1496.93
1983.93
2000.43
1909.24
1639.33
1360.78
1229.93
1333.93
1217.53
1194.13
1182.43
1263.88
1456.53
1570.63
1449.33
1419.43
1435.38
1494.63
1564.31
1539.42
1454.08
1367.73
1377.13
1386.58
1496.93
1983.93
2000.43
1909.24
1639.33
1360.78
1229.93
1333.93
1217.53
1194.13
1182.43
1263.88
1456.53
1570.63
1449.33
1419.43
1435.38
1494.63
1564.31
1539.42
1454.08
1367.73
1377.13
1386.58
1496.93
1983.93
2000.43
1909.24
1639.33
1360.78
1229.93
1333.93
1217.53
1194.13
1182.43
1263.88
1456.53
1570.63
1449.33
1419.43
1435.38
1494.63
1564.31
1539.42
1454.08
1367.73
1377.13
1386.58
1496.93
1983.93
2000.43
1909.24
1639.33
1360.78
1229.93
1333.93
1217.53
1194.13
1182.43
1263.88
1456.53
1570.63
1449.33
1419.43
1435.38
1494.63
1564.31
1539.42
1454.08
1367.73
1377.13
1386.58
1496.93
1983.93
2000.43
1909.24
1639.33
1360.78
1229.93
1333.93
1217.53
1194.13
1182.43
1263.88
1456.53
1570.63
1449.33
1419.43
1435.38
1494.63
1564.31
1539.42
1454.08
1367.73
1377.13
1386.58
1496.93
1983.93
2000.43
1909.24
1639.33
1360.78
1229.93
1333.93
1217.53
1194.13
1182.43
1263.88
1456.53
1570.63
1449.33
1419.43
1435.38
1494.63
1564.31
1539.42
1454.08
1367.73
1377.13
1386.58
1496.93
1983.93
2000.43
1909.24
1639.33
1360.78
1229.93
1333.93
1217.53
1194.13
1182.43
1263.88
1456.53
1570.63
1449.33
1419.43
1435.38
1494.63
1564.31
1539.42
1454.08
1367.73
1377.13
1386.58
1496.93
1983.93
2000.43
1909.24
1639.33
1360.78
1229.93
1335.35
1218.95
1195.55
1183.85
1265.3
1457.95
1572.05
1450.75
1420.65
1436.8
1496.05
1565.73
1540.84
1455.5
1369.15
1378.55
1388.2
1498.35
1985.35
2001.85
1910.63
1640.75
1362.2
1231.35
1335.35
1218.95
1195.55
1183.85
1265.3
1457.95
1572.05
1450.75
1420.65
1436.8
1496.05
1565.73
1540.84
1455.5
1369.15
1378.55
1388.2
1498.35
1985.35
2001.85
1910.63
1640.75
1362.2
1231.35
1335.35
1218.95
1195.55
1183.85
1265.3
1457.95
1572.05
1450.75
1420.65
1436.8
1496.05
1565.73
1540.84
1455.5
1369.15
1378.55
1388.2
1498.35
1985.35
2001.85
1910.63
1640.75
1362.2
1231.35
1335.35
1218.95
1195.55
1183.85
1265.3
1457.95
1572.05
1450.75
1420.65
1436.8
1496.05
1565.73
1540.84
1455.5
1369.15
1378.55
1388.2
1498.35
1985.35
2001.85
1910.63
1640.75
1362.2
1231.35
1335.35
1218.95
1195.55
1183.85
1265.3
1457.95
1572.05
1450.75
1420.65
1436.8
1496.05
1565.73
1540.84
1455.5
1369.15
1378.55
1388.2
1498.35
1985.35
2001.85
1910.63
1640.75
1362.2
1231.35
1335.35
1218.95
1195.55
1183.85
1265.3
1457.95
1572.05
1450.75
1420.65
1436.8
1496.05
1565.73
1540.84
1455.5
1369.15
1378.55
1388.2
1498.35
1985.35
2001.85
1910.63
1640.75
1362.2
1231.35
1335.35
1218.95
1195.55
1183.85
1265.3
1457.95
1572.05
1450.75
1420.65
1436.8
1496.05
1565.73
1540.84
1455.5
1369.15
1378.55
1388.2
1498.35
1985.35
2001.85
1910.63
1640.75
1362.2
1231.35
1335.35
1218.95
1195.55
1183.85
1265.3
1457.95
1572.05
1450.75
1420.65
1436.8
1496.05
1565.73
1540.84
1455.5
1369.15
1378.55
1388.2
1498.35
1985.35
2001.85
1910.63
1640.75
1362.2
1231.35
1335.35
1218.95
1195.55
1183.85
1265.3
1457.95
1572.05
1450.75
1420.65
1436.8
1496.05
1565.73
1540.84
1455.5
1369.15
1378.55
1388.2
1498.35
1985.35
2001.85
1910.63
1640.75
1362.2
1231.35
1335.35
1218.95
1195.55
1183.85
1265.3
1457.95
1572.05
1450.75
1420.65
1436.8
1496.05
1565.73
1540.84
1455.5
1369.15
1378.55
1388.2
1498.35
1985.35
2001.85
1910.63
1640.75
1362.2
1231.35
1335.35
1218.95
1195.55
1183.85
1265.3
1457.95
1572.05
1450.75
1420.65
1436.8
1496.05
1565.73
1540.84
1455.5
1369.15
1378.55
1388.2
1498.35
1985.35
2001.85
1910.63
1640.75
1362.2
1231.35
1335.35
1218.95
1195.55
1183.85
1265.3
1457.95
1572.05
1450.75
1420.65
1436.8
1496.05
1565.73
1540.84
1455.5
1369.15
1378.55
1388.2
1498.35
1985.35
2001.85
1910.63
1640.75
1362.2
1231.35
1335.35
1218.95
1195.55
1183.85
1265.3
1457.95
1572.05
1450.75
1420.65
1436.8
1496.05
1565.73
1540.84
1455.5
1369.15
1378.55
1388.2
1498.35
1985.35
2001.85
1910.63
1640.75
1362.2
1231.35
1335.35
1218.95
1195.55
1183.85
1265.3
1457.95
1572.05
1450.75
1420.65
1436.8
1496.05
1565.73
1540.84
1455.5
1369.15
1378.55
1388.2
1498.35
1985.35
2001.85
1910.63
1640.75
1362.2
1231.35
1335.35
1218.95
1195.55
1183.85
1265.3
1457.95
1572.05
1450.75
1420.65
1436.8
1496.05
1565.73
1540.84
1455.5
1369.15
1378.55
1388.2
1498.35
1985.35
2001.85
1910.63
1640.75
1362.2
1231.35
1335.35
1218.95
1195.55
1183.85
1265.3
1457.95
1572.05
1450.75
1420.65
1436.8
1496.05
1565.73
1540.84
1455.5
1369.15
1378.55
1388.2
1498.35
1985.35
2001.85
1910.63
1640.75
1362.2
1231.35
1335.35
1218.95
1195.55
1183.85
1265.3
1457.95
1572.05
1450.75
1420.65
1436.8
1496.05
1565.73
1540.84
1455.5
1369.15
1378.55
1388.2
1498.35
1985.35
2001.85
1910.63
1640.75
1362.2
1231.35
1335.35
1218.95
1195.55
1183.85
1265.3
1457.95
1572.05
1450.75
1420.65
1436.8
1496.05
1565.73
1540.84
1455.5
1369.15
1378.55
1388.2
1498.35
1985.35
2001.85
1910.63
1640.75
1362.2
1231.35
1335.35
1218.95
1195.55
1183.85
1265.3
1457.95
1572.05
1450.75
1420.65
1436.8
1496.05
1565.73
1540.84
1455.5
1369.15
1378.55
1388.2
1498.35
1985.35
2001.85
1910.63
1640.75
1362.2
1231.35
1335.35
1218.95
1195.55
1183.85
1265.3
1457.95
1572.05
1450.75
1420.65
1436.8
1496.05
1565.73
1540.84
1455.5
1369.15
1378.55
1388.2
1498.35
1985.35
2001.85
1910.63
1640.75
1362.2
1231.35
1335.35
1218.95
1195.55
1183.85
1265.3
1457.95
1572.05
1450.75
1420.65
1436.8
1496.05
1565.73
1540.84
1455.5
1369.15
1378.55
1388.2
1498.35
1985.35
2001.85
1910.63
1640.75
1362.2
1231.35
1335.35
1218.95
1195.55
1183.85
1265.3
1457.95
1572.05
1450.75
1420.65
1436.8
1496.05
1565.73
1540.84
1455.5
1369.15
1378.55
1388.2
1498.35
1985.35
2001.85
1910.63
1640.75
1362.2
1231.35
1335.35
1218.95
1195.55
1183.85
1265.3
1457.95
1572.05
1450.75
1420.65
1436.8
1496.05
1565.73
1540.84
1455.5
1369.15
1378.55
1388.2
1498.35
1985.35
2001.85
1910.63
1640.75
1362.2
1231.35
1335.35
1218.95
1195.55
1183.85
1265.3
1457.95
1572.05
1450.75
1420.65
1436.8
1496.05
1565.73
1540.84
1455.5
1369.15
1378.55
1388.2
1498.35
1985.35
2001.85
1910.63
1640.75
1362.2
1231.35
1335.35
1218.95
1195.55
1183.85
1265.3
1457.95
1572.05
1450.75
1420.65
1436.8
1496.05
1565.73
1540.84
1455.5
1369.15
1378.55
1388.2
1498.35
1985.35
2001.85
1910.63
1640.75
1362.2
1231.35
1335.35
1218.95
1195.55
1183.85
1265.3
1457.95
1572.05
1450.75
1420.65
1436.8
1496.05
1565.73
1540.84
1455.5
1369.15
1378.55
1388.2
1498.35
1985.35
2001.85
1910.63
1640.75
1362.2
1231.35
1335.35
1218.95
1195.55
1183.85
1265.3
1457.95
1572.05
1450.75
1420.65
1436.8
1496.05
1565.73
1540.84
1455.5
1369.15
1378.55
1388.2
1498.35
1985.35
2001.85
1910.63
1640.75
1362.2
1231.35
1335.35
1218.95
1195.55
1183.85
1265.3
1457.95
1572.05
1450.75
1420.65
1436.8
1496.05
1565.73
1540.84
1455.5
1369.15
1378.55
1388.2
1498.35
1985.35
2001.85
1910.63
1640.75
1362.2
1231.35
1335.35
1218.95
1195.55
1183.85
1265.3
1457.95
1572.05
1450.75
1420.65
1436.8
1496.05
1565.73
1540.84
1455.5
1369.15
1378.55
1388.2
1498.35
1985.35
2001.85
1910.63
1640.75
1362.2
1231.35
1335.35
1218.95
1195.55
1183.85
1265.3
1457.95
1572.05
1450.75
1420.65
1436.8
1496.05
1565.73
1540.84
1455.5
1369.15
1378.55
1388.2
1498.35
1985.35
2001.85
1910.63
1640.75
1362.2
1231.35
1302.84
1186.44
1163.04
1151.34
1232.79
1425.44
1539.54
1418.24
1388.14
1404.29
1463.54
1533.22
1508.33
1422.99
1336.64
1346.01
1355.49
1465.84
1952.84
1969.34
1878.12
1608.24
1329.69
1198.84
1302.84
1186.44
1163.04
1151.34
1232.79
1425.44
1539.54
1418.24
1388.14
1404.29
1463.54
1533.22
1508.33
1422.99
1336.64
1346.01
1355.49
1465.84
1952.84
1969.34
1878.12
1608.24
1329.69
1198.84
1302.84
1186.44
1163.04
1151.34
1232.79
1425.44
1539.54
1418.24
1388.14
1404.29
1463.54
1533.22
1508.33
1422.99
1336.64
1346.01
1355.49
1465.84
1952.84
1969.34
1878.12
1608.24
1329.69
1198.84
1302.84
1186.44
1163.04
1151.34
1232.79
1425.44
1539.54
1418.24
1388.14
1404.29
1463.54
1533.22
1508.33
1422.99
1336.64
1346.01
1355.49
1465.84
1952.84
1969.34
1878.12
1608.24
1329.69
1198.84
1302.84
1186.44
1163.04
1151.34
1232.79
1425.44
1539.54
1418.24
1388.14
1404.29
1463.54
1533.22
1508.33
1422.99
1336.64
1346.01
1355.49
1465.84
1952.84
1969.34
1878.12
1608.24
1329.69
1198.84
1302.84
1186.44
1163.04
1151.34
1232.79
1425.44
1539.54
1418.24
1388.14
1404.29
1463.54
1533.22
1508.33
1422.99
1336.64
1346.01
1355.49
1465.84
1952.84
1969.34
1878.12
1608.24
1329.69
1198.84
1302.84
1186.44
1163.04
1151.34
1232.79
1425.44
1539.54
1418.24
1388.14
1404.29
1463.54
1533.22
1508.33
1422.99
1336.64
1346.01
1355.49
1465.84
1952.84
1969.34
1878.12
1608.24
1329.69
1198.84
1302.84
1186.44
1163.04
1151.34
1232.79
1425.44
1539.54
1418.24
1388.14
1404.29
1463.54
1533.22
1508.33
1422.99
1336.64
1346.01
1355.49
1465.84
1952.84
1969.34
1878.12
1608.24
1329.69
1198.84
1302.84
1186.44
1163.04
1151.34
1232.79
1425.44
1539.54
1418.24
1388.14
1404.29
1463.54
1533.22
1508.33
1422.99
1336.64
1346.01
1355.49
1465.84
1952.84
1969.34
1878.12
1608.24
1329.69
1198.84
1302.84
1186.44
1163.04
1151.34
1232.79
1425.44
1539.54
1418.24
1388.14
1404.29
1463.54
1533.22
1508.33
1422.99
1336.64
1346.01
1355.49
1465.84
1952.84
1969.34
1878.12
1608.24
1329.69
1198.84
1302.84
1186.44
1163.04
1151.34
1232.79
1425.44
1539.54
1418.24
1388.14
1404.29
1463.54
1533.22
1508.33
1422.99
1336.64
1346.01
1355.49
1465.84
1952.84
1969.34
1878.12
1608.24
1329.69
1198.84
1302.84
1186.44
1163.04
1151.34
1232.79
1425.44
1539.54
1418.24
1388.14
1404.29
1463.54
1533.22
1508.33
1422.99
1336.64
1346.01
1355.49
1465.84
1952.84
1969.34
1878.12
1608.24
1329.69
1198.84
1302.84
1186.44
1163.04
1151.34
1232.79
1425.44
1539.54
1418.24
1388.14
1404.29
1463.54
1533.22
1508.33
1422.99
1336.64
1346.01
1355.49
1465.84
1952.84
1969.34
1878.12
1608.24
1329.69
1198.84
1302.84
1186.44
1163.04
1151.34
1232.79
1425.44
1539.54
1418.24
1388.14
1404.29
1463.54
1533.22
1508.33
1422.99
1336.64
1346.01
1355.49
1465.84
1952.84
1969.34
1878.12
1608.24
1329.69
1198.84
1302.84
1186.44
1163.04
1151.34
1232.79
1425.44
1539.54
1418.24
1388.14
1404.29
1463.54
1533.22
1508.33
1422.99
1336.64
1346.01
1355.49
1465.84
1952.84
1969.34
1878.12
1608.24
1329.69
1198.84
1302.84
1186.44
1163.04
1151.34
1232.79
1425.44
1539.54
1418.24
1388.14
1404.29
1463.54
1533.22
1508.33
1422.99
1336.64
1346.01
1355.49
1465.84
1952.84
1969.34
1878.12
1608.24
1329.69
1198.84
1302.84
1186.44
1163.04
1151.34
1232.79
1425.44
1539.54
1418.24
1388.14
1404.29
1463.54
1533.22
1508.33
1422.99
1336.64
1346.01
1355.49
1465.84
1952.84
1969.34
1878.12
1608.24
1329.69
1198.84
1302.84
1186.44
1163.04
1151.34
1232.79
1425.44
1539.54
1418.24
1388.14
1404.29
1463.54
1533.22
1508.33
1422.99
1336.64
1346.01
1355.49
1465.84
1952.84
1969.34
1878.12
1608.24
1329.69
1198.84
1302.84
1186.44
1163.04
1151.34
1232.79
1425.44
1539.54
1418.24
1388.14
1404.29
1463.54
1533.22
1508.33
1422.99
1336.64
1346.01
1355.49
1465.84
1952.84
1969.34
1878.12
1608.24
1329.69
1198.84
1302.84
1186.44
1163.04
1151.34
1232.79
1425.44
1539.54
1418.24
1388.14
1404.29
1463.54
1533.22
1508.33
1422.99
1336.64
1346.01
1355.49
1465.84
1952.84
1969.34
1878.12
1608.24
1329.69
1198.84
1302.84
1186.44
1163.04
1151.34
1232.79
1425.44
1539.54
1418.24
1388.14
1404.29
1463.54
1533.22
1508.33
1422.99
1336.64
1346.01
1355.49
1465.84
1952.84
1969.34
1878.12
1608.24
1329.69
1198.84
1302.84
1186.44
1163.04
1151.34
1232.79
1425.44
1539.54
1418.24
1388.14
1404.29
1463.54
1533.22
1508.33
1422.99
1336.64
1346.01
1355.49
1465.84
1952.84
1969.34
1878.12
1608.24
1329.69
1198.84
1302.84
1186.44
1163.04
1151.34
1232.79
1425.44
1539.54
1418.24
1388.14
1404.29
1463.54
1533.22
1508.33
1422.99
1336.64
1346.01
1355.49
1465.84
1952.84
1969.34
1878.12
1608.24
1329.69
1198.84
1302.84
1186.44
1163.04
1151.34
1232.79
1425.44
1539.54
1418.24
1388.14
1404.29
1463.54
1533.22
1508.33
1422.99
1336.64
1346.01
1355.49
1465.84
1952.84
1969.34
1878.12
1608.24
1329.69
1198.84
1302.84
1186.44
1163.04
1151.34
1232.79
1425.44
1539.54
1418.24
1388.14
1404.29
1463.54
1533.22
1508.33
1422.99
1336.64
1346.01
1355.49
1465.84
1952.84
1969.34
1878.12
1608.24
1329.69
1198.84
1302.84
1186.44
1163.04
1151.34
1232.79
1425.44
1539.54
1418.24
1388.14
1404.29
1463.54
1533.22
1508.33
1422.99
1336.64
1346.01
1355.49
1465.84
1952.84
1969.34
1878.12
1608.24
1329.69
1198.84
1302.84
1186.44
1163.04
1151.34
1232.79
1425.44
1539.54
1418.24
1388.14
1404.29
1463.54
1533.22
1508.33
1422.99
1336.64
1346.01
1355.49
1465.84
1952.84
1969.34
1878.12
1608.24
1329.69
1198.84
1302.84
1186.44
1163.04
1151.34
1232.79
1425.44
1539.54
1418.24
1388.14
1404.29
1463.54
1533.22
1508.33
1422.99
1336.64
1346.01
1355.49
1465.84
1952.84
1969.34
1878.12
1608.24
1329.69
1198.84
1302.84
1186.44
1163.04
1151.34
1232.79
1425.44
1539.54
1418.24
1388.14
1404.29
1463.54
1533.22
1508.33
1422.99
1336.64
1346.01
1355.49
1465.84
1952.84
1969.34
1878.12
1608.24
1329.69
1198.84
1302.84
1186.44
1163.04
1151.34
1232.79
1425.44
1539.54
1418.24
1388.14
1404.29
1463.54
1533.22
1508.33
1422.99
1336.64
1346.01
1355.49
1465.84
1952.84
1969.34
1878.12
1608.24
1329.69
1198.84
1302.84
1186.44
1163.04
1151.34
1232.79
1425.44
1539.54
1418.24
1388.14
1404.29
1463.54
1533.22
1508.33
1422.99
1336.64
1346.01
1355.49
1465.84
1952.84
1969.34
1878.12
1608.24
1329.69
1198.84
1356.75
1240.36
1216.96
1205.26
1286.71
1479.36
1593.46
1472.16
1442.06
1458.16
1517.46
1587.44
1562.25
1476.91
1390.56
1399.96
1409.41
1519.76
2006.76
2023.26
1932.04
1662.16
1383.61
1252.76
1356.75
1240.36
1216.96
1205.26
1286.71
1479.36
1593.46
1472.16
1442.06
1458.16
1517.46
1587.44
1562.25
1476.91
1390.56
1399.96
1409.41
1519.76
2006.76
2023.26
1932.04
1662.16
1383.61
1252.76
1356.75
1240.36
1216.96
1205.26
1286.71
1479.36
1593.46
1472.16
1442.06
1458.16
1517.46
1587.44
1562.25
1476.91
1390.56
1399.96
1409.41
1519.76
2006.76
2023.26
1932.04
1662.16
1383.61
1252.76
1356.75
1240.36
1216.96
1205.26
1286.71
1479.36
1593.46
1472.16
1442.06
1458.16
1517.46
1587.44
1562.25
1476.91
1390.56
1399.96
1409.41
1519.76
2006.76
2023.26
1932.04
1662.16
1383.61
1252.76
1356.75
1240.36
1216.96
1205.26
1286.71
1479.36
1593.46
1472.16
1442.06
1458.16
1517.46
1587.44
1562.25
1476.91
1390.56
1399.96
1409.41
1519.76
2006.76
2023.26
1932.04
1662.16
1383.61
1252.76
1356.75
1240.36
1216.96
1205.26
1286.71
1479.36
1593.46
1472.16
1442.06
1458.16
1517.46
1587.44
1562.25
1476.91
1390.56
1399.96
1409.41
1519.76
2006.76
2023.26
1932.04
1662.16
1383.61
1252.76
1356.75
1240.36
1216.96
1205.26
1286.71
1479.36
1593.46
1472.16
1442.06
1458.16
1517.46
1587.44
1562.25
1476.91
1390.56
1399.96
1409.41
1519.76
2006.76
2023.26
1932.04
1662.16
1383.61
1252.76
1356.75
1240.36
1216.96
1205.26
1286.71
1479.36
1593.46
1472.16
1442.06
1458.16
1517.46
1587.44
1562.25
1476.91
1390.56
1399.96
1409.41
1519.76
2006.76
2023.26
1932.04
1662.16
1383.61
1252.76
1356.75
1240.36
1216.96
1205.26
1286.71
1479.36
1593.46
1472.16
1442.06
1458.16
1517.46
1587.44
1562.25
1476.91
1390.56
1399.96
1409.41
1519.76
2006.76
2023.26
1932.04
1662.16
1383.61
1252.76
1356.75
1240.36
1216.96
1205.26
1286.71
1479.36
1593.46
1472.16
1442.06
1458.16
1517.46
1587.44
1562.25
1476.91
1390.56
1399.96
1409.41
1519.76
2006.76
2023.26
1932.04
1662.16
1383.61
1252.76
1356.75
1240.36
1216.96
1205.26
1286.71
1479.36
1593.46
1472.16
1442.06
1458.16
1517.46
1587.44
1562.25
1476.91
1390.56
1399.96
1409.41
1519.76
2006.76
2023.26
1932.04
1662.16
1383.61
1252.76
1356.75
1240.36
1216.96
1205.26
1286.71
1479.36
1593.46
1472.16
1442.06
1458.16
1517.46
1587.44
1562.25
1476.91
1390.56
1399.96
1409.41
1519.76
2006.76
2023.26
1932.04
1662.16
1383.61
1252.76
1356.75
1240.36
1216.96
1205.26
1286.71
1479.36
1593.46
1472.16
1442.06
1458.16
1517.46
1587.44
1562.25
1476.91
1390.56
1399.96
1409.41
1519.76
2006.76
2023.26
1932.04
1662.16
1383.61
1252.76
1356.75
1240.36
1216.96
1205.26
1286.71
1479.36
1593.46
1472.16
1442.06
1458.16
1517.46
1587.44
1562.25
1476.91
1390.56
1399.96
1409.41
1519.76
2006.76
2023.26
1932.04
1662.16
1383.61
1252.76
1356.75
1240.36
1216.96
1205.26
1286.71
1479.36
1593.46
1472.16
1442.06
1458.16
1517.46
1587.44
1562.25
1476.91
1390.56
1399.96
1409.41
1519.76
2006.76
2023.26
1932.04
1662.16
1383.61
1252.76
1356.75
1240.36
1216.96
1205.26
1286.71
1479.36
1593.46
1472.16
1442.06
1458.16
1517.46
1587.44
1562.25
1476.91
1390.56
1399.96
1409.41
1519.76
2006.76
2023.26
1932.04
1662.16
1383.61
1252.76
1356.75
1240.36
1216.96
1205.26
1286.71
1479.36
1593.46
1472.16
1442.06
1458.16
1517.46
1587.44
1562.25
1476.91
1390.56
1399.96
1409.41
1519.76
2006.76
2023.26
1932.04
1662.16
1383.61
1252.76
1356.75
1240.36
1216.96
1205.26
1286.71
1479.36
1593.46
1472.16
1442.06
1458.16
1517.46
1587.44
1562.25
1476.91
1390.56
1399.96
1409.41
1519.76
2006.76
2023.26
1932.04
1662.16
1383.61
1252.76
1356.75
1240.36
1216.96
1205.26
1286.71
1479.36
1593.46
1472.16
1442.06
1458.16
1517.46
1587.44
1562.25
1476.91
1390.56
1399.96
1409.41
1519.76
2006.76
2023.26
1932.04
1662.16
1383.61
1252.76
1356.75
1240.36
1216.96
1205.26
1286.71
1479.36
1593.46
1472.16
1442.06
1458.16
1517.46
1587.44
1562.25
1476.91
1390.56
1399.96
1409.41
1519.76
2006.76
2023.26
1932.04
1662.16
1383.61
1252.76
1356.75
1240.36
1216.96
1205.26
1286.71
1479.36
1593.46
1472.16
1442.06
1458.16
1517.46
1587.44
1562.25
1476.91
1390.56
1399.96
1409.41
1519.76
2006.76
2023.26
1932.04
1662.16
1383.61
1252.76
1356.75
1240.36
1216.96
1205.26
1286.71
1479.36
1593.46
1472.16
1442.06
1458.16
1517.46
1587.44
1562.25
1476.91
1390.56
1399.96
1409.41
1519.76
2006.76
2023.26
1932.04
1662.16
1383.61
1252.76
1356.75
1240.36
1216.96
1205.26
1286.71
1479.36
1593.46
1472.16
1442.06
1458.16
1517.46
1587.44
1562.25
1476.91
1390.56
1399.96
1409.41
1519.76
2006.76
2023.26
1932.04
1662.16
1383.61
1252.76
1356.75
1240.36
1216.96
1205.26
1286.71
1479.36
1593.46
1472.16
1442.06
1458.16
1517.46
1587.44
1562.25
1476.91
1390.56
1399.96
1409.41
1519.76
2006.76
2023.26
1932.04
1662.16
1383.61
1252.76
1356.75
1240.36
1216.96
1205.26
1286.71
1479.36
1593.46
1472.16
1442.06
1458.16
1517.46
1587.44
1562.25
1476.91
1390.56
1399.96
1409.41
1519.76
2006.76
2023.26
1932.04
1662.16
1383.61
1252.76
1356.75
1240.36
1216.96
1205.26
1286.71
1479.36
1593.46
1472.16
1442.06
1458.16
1517.46
1587.44
1562.25
1476.91
1390.56
1399.96
1409.41
1519.76
2006.76
2023.26
1932.04
1662.16
1383.61
1252.76
1356.75
1240.36
1216.96
1205.26
1286.71
1479.36
1593.46
1472.16
1442.06
1458.16
1517.46
1587.44
1562.25
1476.91
1390.56
1399.96
1409.41
1519.76
2006.76
2023.26
1932.04
1662.16
1383.61
1252.76
1356.75
1240.36
1216.96
1205.26
1286.71
1479.36
1593.46
1472.16
1442.06
1458.16
1517.46
1587.44
1562.25
1476.91
1390.56
1399.96
1409.41
1519.76
2006.76
2023.26
1932.04
1662.16
1383.61
1252.76
1356.75
1240.36
1216.96
1205.26
1286.71
1479.36
1593.46
1472.16
1442.06
1458.16
1517.46
1587.44
1562.25
1476.91
1390.56
1399.96
1409.41
1519.76
2006.76
2023.26
1932.04
1662.16
1383.61
1252.76
1356.75
1240.36
1216.96
1205.26
1286.71
1479.36
1593.46
1472.16
1442.06
1458.16
1517.46
1587.44
1562.25
1476.91
1390.56
1399.96
1409.41
1519.76
2006.76
2023.26
1932.04
1662.16
1383.61
1252.76
1356.75
1240.36
1216.96
1205.26
1286.71
1479.36
1593.46
1472.16
1442.06
1458.16
1517.46
1587.44
1562.25
1476.91
1390.56
1399.96
1409.41
1519.76
2006.76
2023.26
1932.04
1662.16
1383.61
1252.76
1377.55
1261.15
1237.75
1226.05
1307.5
1500.15
1614.25
1492.95
1462.85
1479.23
1538.04
1607.39
1583.04
1498.22
1411.35
1420.75
1430.2
1540.55
2027.55
2044.05
1952.83
1682.67
1404.91
1273.55
1377.55
1261.15
1237.75
1226.05
1307.5
1500.15
1614.25
1492.95
1462.85
1479.23
1538.04
1607.39
1583.04
1498.22
1411.35
1420.75
1430.2
1540.55
2027.55
2044.05
1952.83
1682.67
1404.91
1273.55
1377.55
1261.15
1237.75
1226.05
1307.5
1500.15
1614.25
1492.95
1462.85
1479.23
1538.04
1607.39
1583.04
1498.22
1411.35
1420.75
1430.2
1540.55
2027.55
2044.05
1952.83
1682.67
1404.91
1273.55
1377.55
1261.15
1237.75
1226.05
1307.5
1500.15
1614.25
1492.95
1462.85
1479.23
1538.04
1607.39
1583.04
1498.22
1411.35
1420.75
1430.2
1540.55
2027.55
2044.05
1952.83
1682.67
1404.91
1273.55
1377.55
1261.15
1237.75
1226.05
1307.5
1500.15
1614.25
1492.95
1462.85
1479.23
1538.04
1607.39
1583.04
1498.22
1411.35
1420.75
1430.2
1540.55
2027.55
2044.05
1952.83
1682.67
1404.91
1273.55
1377.55
1261.15
1237.75
1226.05
1307.5
1500.15
1614.25
1492.95
1462.85
1479.23
1538.04
1607.39
1583.04
1498.22
1411.35
1420.75
1430.2
1540.55
2027.55
2044.05
1952.83
1682.67
1404.91
1273.55
1377.55
1261.15
1237.75
1226.05
1307.5
1500.15
1614.25
1492.95
1462.85
1479.23
1538.04
1607.39
1583.04
1498.22
1411.35
1420.75
1430.2
1540.55
2027.55
2044.05
1952.83
1682.67
1404.91
1273.55
1377.55
1261.15
1237.75
1226.05
1307.5
1500.15
1614.25
1492.95
1462.85
1479.23
1538.04
1607.39
1583.04
1498.22
1411.35
1420.75
1430.2
1540.55
2027.55
2044.05
1952.83
1682.67
1404.91
1273.55
1377.55
1261.15
1237.75
1226.05
1307.5
1500.15
1614.25
1492.95
1462.85
1479.23
1538.04
1607.39
1583.04
1498.22
1411.35
1420.75
1430.2
1540.55
2027.55
2044.05
1952.83
1682.67
1404.91
1273.55
1377.55
1261.15
1237.75
1226.05
1307.5
1500.15
1614.25
1492.95
1462.85
1479.23
1538.04
1607.39
1583.04
1498.22
1411.35
1420.75
1430.2
1540.55
2027.55
2044.05
1952.83
1682.67
1404.91
1273.55
1377.55
1261.15
1237.75
1226.05
1307.5
1500.15
1614.25
1492.95
1462.85
1479.23
1538.04
1607.39
1583.04
1498.22
1411.35
1420.75
1430.2
1540.55
2027.55
2044.05
1952.83
1682.67
1404.91
1273.55
1377.55
1261.15
1237.75
1226.05
1307.5
1500.15
1614.25
1492.95
1462.85
1479.23
1538.04
1607.39
1583.04
1498.22
1411.35
1420.75
1430.2
1540.55
2027.55
2044.05
1952.83
1682.67
1404.91
1273.55
1377.55
1261.15
1237.75
1226.05
1307.5
1500.15
1614.25
1492.95
1462.85
1479.23
1538.04
1607.39
1583.04
1498.22
1411.35
1420.75
1430.2
1540.55
2027.55
2044.05
1952.83
1682.67
1404.91
1273.55
1377.55
1261.15
1237.75
1226.05
1307.5
1500.15
1614.25
1492.95
1462.85
1479.23
1538.04
1607.39
1583.04
1498.22
1411.35
1420.75
1430.2
1540.55
2027.55
2044.05
1952.83
1682.67
1404.91
1273.55
1377.55
1261.15
1237.75
1226.05
1307.5
1500.15
1614.25
1492.95
1462.85
1479.23
1538.04
1607.39
1583.04
1498.22
1411.35
1420.75
1430.2
1540.55
2027.55
2044.05
1952.83
1682.67
1404.91
1273.55
1377.55
1261.15
1237.75
1226.05
1307.5
1500.15
1614.25
1492.95
1462.85
1479.23
1538.04
1607.39
1583.04
1498.22
1411.35
1420.75
1430.2
1540.55
2027.55
2044.05
1952.83
1682.67
1404.91
1273.55
1377.55
1261.15
1237.75
1226.05
1307.5
1500.15
1614.25
1492.95
1462.85
1479.23
1538.04
1607.39
1583.04
1498.22
1411.35
1420.75
1430.2
1540.55
2027.55
2044.05
1952.83
1682.67
1404.91
1273.55
1377.55
1261.15
1237.75
1226.05
1307.5
1500.15
1614.25
1492.95
1462.85
1479.23
1538.04
1607.39
1583.04
1498.22
1411.35
1420.75
1430.2
1540.55
2027.55
2044.05
1952.83
1682.67
1404.91
1273.55
1377.55
1261.15
1237.75
1226.05
1307.5
1500.15
1614.25
1492.95
1462.85
1479.23
1538.04
1607.39
1583.04
1498.22
1411.35
1420.75
1430.2
1540.55
2027.55
2044.05
1952.83
1682.67
1404.91
1273.55
1377.55
1261.15
1237.75
1226.05
1307.5
1500.15
1614.25
1492.95
1462.85
1479.23
1538.04
1607.39
1583.04
1498.22
1411.35
1420.75
1430.2
1540.55
2027.55
2044.05
1952.83
1682.67
1404.91
1273.55
1377.55
1261.15
1237.75
1226.05
1307.5
1500.15
1614.25
1492.95
1462.85
1479.23
1538.04
1607.39
1583.04
1498.22
1411.35
1420.75
1430.2
1540.55
2027.55
2044.05
1952.83
1682.67
1404.91
1273.55
1377.55
1261.15
1237.75
1226.05
1307.5
1500.15
1614.25
1492.95
1462.85
1479.23
1538.04
1607.39
1583.04
1498.22
1411.35
1420.75
1430.2
1540.55
2027.55
2044.05
1952.83
1682.67
1404.91
1273.55
1377.55
1261.15
1237.75
1226.05
1307.5
1500.15
1614.25
1492.95
1462.85
1479.23
1538.04
1607.39
1583.04
1498.22
1411.35
1420.75
1430.2
1540.55
2027.55
2044.05
1952.83
1682.67
1404.91
1273.55
1377.55
1261.15
1237.75
1226.05
1307.5
1500.15
1614.25
1492.95
1462.85
1479.23
1538.04
1607.39
1583.04
1498.22
1411.35
1420.75
1430.2
1540.55
2027.55
2044.05
1952.83
1682.67
1404.91
1273.55
1377.55
1261.15
1237.75
1226.05
1307.5
1500.15
1614.25
1492.95
1462.85
1479.23
1538.04
1607.39
1583.04
1498.22
1411.35
1420.75
1430.2
1540.55
2027.55
2044.05
1952.83
1682.67
1404.91
1273.55
1377.55
1261.15
1237.75
1226.05
1307.5
1500.15
1614.25
1492.95
1462.85
1479.23
1538.04
1607.39
1583.04
1498.22
1411.35
1420.75
1430.2
1540.55
2027.55
2044.05
1952.83
1682.67
1404.91
1273.55
1377.55
1261.15
1237.75
1226.05
1307.5
1500.15
1614.25
1492.95
1462.85
1479.23
1538.04
1607.39
1583.04
1498.22
1411.35
1420.75
1430.2
1540.55
2027.55
2044.05
1952.83
1682.67
1404.91
1273.55
1377.55
1261.15
1237.75
1226.05
1307.5
1500.15
1614.25
1492.95
1462.85
1479.23
1538.04
1607.39
1583.04
1498.22
1411.35
1420.75
1430.2
1540.55
2027.55
2044.05
1952.83
1682.67
1404.91
1273.55
1377.55
1261.15
1237.75
1226.05
1307.5
1500.15
1614.25
1492.95
1462.85
1479.23
1538.04
1607.39
1583.04
1498.22
1411.35
1420.75
1430.2
1540.55
2027.55
2044.05
1952.83
1682.67
1404.91
1273.55
1377.55
1261.15
1237.75
1226.05
1307.5
1500.15
1614.25
1492.95
1462.85
1479.23
1538.04
1607.39
1583.04
1498.22
1411.35
1420.75
1430.2
1540.55
2027.55
2044.05
1952.83
1682.67
1404.91
1273.55
1337.09
1220.69
1197.29
1185.59
1267.04
1459.69
1573.79
1452.49
1422.39
1438.54
1497.79
1567.47
1542.58
1457.24
1370.89
1380.29
1389.74
1500.09
1987.22
2003.59
1912.37
1642.49
1363.94
1233.09
1337.09
1220.69
1197.29
1185.59
1267.04
1459.69
1573.79
1452.49
1422.39
1438.54
1497.79
1567.47
1542.58
1457.24
1370.89
1380.29
1389.74
1500.09
1987.22
2003.59
1912.37
1642.49
1363.94
1233.09
1337.09
1220.69
1197.29
1185.59
1267.04
1459.69
1573.79
1452.49
1422.39
1438.54
1497.79
1567.47
1542.58
1457.24
1370.89
1380.29
1389.74
1500.09
1987.22
2003.59
1912.37
1642.49
1363.94
1233.09
1337.09
1220.69
1197.29
1185.59
1267.04
1459.69
1573.79
1452.49
1422.39
1438.54
1497.79
1567.47
1542.58
1457.24
1370.89
1380.29
1389.74
1500.09
1987.22
2003.59
1912.37
1642.49
1363.94
1233.09
1337.09
1220.69
1197.29
1185.59
1267.04
1459.69
1573.79
1452.49
1422.39
1438.54
1497.79
1567.47
1542.58
1457.24
1370.89
1380.29
1389.74
1500.09
1987.22
2003.59
1912.37
1642.49
1363.94
1233.09
1337.09
1220.69
1197.29
1185.59
1267.04
1459.69
1573.79
1452.49
1422.39
1438.54
1497.79
1567.47
1542.58
1457.24
1370.89
1380.29
1389.74
1500.09
1987.22
2003.59
1912.37
1642.49
1363.94
1233.09
1337.09
1220.69
1197.29
1185.59
1267.04
1459.69
1573.79
1452.49
1422.39
1438.54
1497.79
1567.47
1542.58
1457.24
1370.89
1380.29
1389.74
1500.09
1987.22
2003.59
1912.37
1642.49
1363.94
1233.09
1337.09
1220.69
1197.29
1185.59
1267.04
1459.69
1573.79
1452.49
1422.39
1438.54
1497.79
1567.47
1542.58
1457.24
1370.89
1380.29
1389.74
1500.09
1987.22
2003.59
1912.37
1642.49
1363.94
1233.09
1337.09
1220.69
1197.29
1185.59
1267.04
1459.69
1573.79
1452.49
1422.39
1438.54
1497.79
1567.47
1542.58
1457.24
1370.89
1380.29
1389.74
1500.09
1987.22
2003.59
1912.37
1642.49
1363.94
1233.09
1337.09
1220.69
1197.29
1185.59
1267.04
1459.69
1573.79
1452.49
1422.39
1438.54
1497.79
1567.47
1542.58
1457.24
1370.89
1380.29
1389.74
1500.09
1987.22
2003.59
1912.37
1642.49
1363.94
1233.09
1337.09
1220.69
1197.29
1185.59
1267.04
1459.69
1573.79
1452.49
1422.39
1438.54
1497.79
1567.47
1542.58
1457.24
1370.89
1380.29
1389.74
1500.09
1987.22
2003.59
1912.37
1642.49
1363.94
1233.09
1337.09
1220.69
1197.29
1185.59
1267.04
1459.69
1573.79
1452.49
1422.39
1438.54
1497.79
1567.47
1542.58
1457.24
1370.89
1380.29
1389.74
1500.09
1987.22
2003.59
1912.37
1642.49
1363.94
1233.09
1337.09
1220.69
1197.29
1185.59
1267.04
1459.69
1573.79
1452.49
1422.39
1438.54
1497.79
1567.47
1542.58
1457.24
1370.89
1380.29
1389.74
1500.09
1987.22
2003.59
1912.37
1642.49
1363.94
1233.09
1337.09
1220.69
1197.29
1185.59
1267.04
1459.69
1573.79
1452.49
1422.39
1438.54
1497.79
1567.47
1542.58
1457.24
1370.89
1380.29
1389.74
1500.09
1987.22
2003.59
1912.37
1642.49
1363.94
1233.09
1337.09
1220.69
1197.29
1185.59
1267.04
1459.69
1573.79
1452.49
1422.39
1438.54
1497.79
1567.47
1542.58
1457.24
1370.89
1380.29
1389.74
1500.09
1987.22
2003.59
1912.37
1642.49
1363.94
1233.09
1337.09
1220.69
1197.29
1185.59
1267.04
1459.69
1573.79
1452.49
1422.39
1438.54
1497.79
1567.47
1542.58
1457.24
1370.89
1380.29
1389.74
1500.09
1987.22
2003.59
1912.37
1642.49
1363.94
1233.09
1337.09
1220.69
1197.29
1185.59
1267.04
1459.69
1573.79
1452.49
1422.39
1438.54
1497.79
1567.47
1542.58
1457.24
1370.89
1380.29
1389.74
1500.09
1987.22
2003.59
1912.37
1642.49
1363.94
1233.09
1337.09
1220.69
1197.29
1185.59
1267.04
1459.69
1573.79
1452.49
1422.39
1438.54
1497.79
1567.47
1542.58
1457.24
1370.89
1380.29
1389.74
1500.09
1987.22
2003.59
1912.37
1642.49
1363.94
1233.09
1337.09
1220.69
1197.29
1185.59
1267.04
1459.69
1573.79
1452.49
1422.39
1438.54
1497.79
1567.47
1542.58
1457.24
1370.89
1380.29
1389.74
1500.09
1987.22
2003.59
1912.37
1642.49
1363.94
1233.09
1337.09
1220.69
1197.29
1185.59
1267.04
1459.69
1573.79
1452.49
1422.39
1438.54
1497.79
1567.47
1542.58
1457.24
1370.89
1380.29
1389.74
1500.09
1987.22
2003.59
1912.37
1642.49
1363.94
1233.09
1337.09
1220.69
1197.29
1185.59
1267.04
1459.69
1573.79
1452.49
1422.39
1438.54
1497.79
1567.47
1542.58
1457.24
1370.89
1380.29
1389.74
1500.09
1987.22
2003.59
1912.37
1642.49
1363.94
1233.09
1337.09
1220.69
1197.29
1185.59
1267.04
1459.69
1573.79
1452.49
1422.39
1438.54
1497.79
1567.47
1542.58
1457.24
1370.89
1380.29
1389.74
1500.09
1987.22
2003.59
1912.37
1642.49
1363.94
1233.09
1337.09
1220.69
1197.29
1185.59
1267.04
1459.69
1573.79
1452.49
1422.39
1438.54
1497.79
1567.47
1542.58
1457.24
1370.89
1380.29
1389.74
1500.09
1987.22
2003.59
1912.37
1642.49
1363.94
1233.09
1337.09
1220.69
1197.29
1185.59
1267.04
1459.69
1573.79
1452.49
1422.39
1438.54
1497.79
1567.47
1542.58
1457.24
1370.89
1380.29
1389.74
1500.09
1987.22
2003.59
1912.37
1642.49
1363.94
1233.09
1337.09
1220.69
1197.29
1185.59
1267.04
1459.69
1573.79
1452.49
1422.39
1438.54
1497.79
1567.47
1542.58
1457.24
1370.89
1380.29
1389.74
1500.09
1987.22
2003.59
1912.37
1642.49
1363.94
1233.09
1337.09
1220.69
1197.29
1185.59
1267.04
1459.69
1573.79
1452.49
1422.39
1438.54
1497.79
1567.47
1542.58
1457.24
1370.89
1380.29
1389.74
1500.09
1987.22
2003.59
1912.37
1642.49
1363.94
1233.09
1337.09
1220.69
1197.29
1185.59
1267.04
1459.69
1573.79
1452.49
1422.39
1438.54
1497.79
1567.47
1542.58
1457.24
1370.89
1380.29
1389.74
1500.09
1987.22
2003.59
1912.37
1642.49
1363.94
1233.09
1337.09
1220.69
1197.29
1185.59
1267.04
1459.69
1573.79
1452.49
1422.39
1438.54
1497.79
1567.47
1542.58
1457.24
1370.89
1380.29
1389.74
1500.09
1987.22
2003.59
1912.37
1642.49
1363.94
1233.09
1337.09
1220.69
1197.29
1185.59
1267.04
1459.69
1573.79
1452.49
1422.39
1438.54
1497.79
1567.47
1542.58
1457.24
1370.89
1380.29
1389.74
1500.09
1987.22
2003.59
1912.37
1642.49
1363.94
1233.09
1337.09
1220.69
1197.29
1185.59
1267.04
1459.69
1573.79
1452.49
1422.39
1438.54
1497.79
1567.47
1542.58
1457.24
1370.89
1380.29
1389.74
1500.09
1987.22
2003.59
1912.37
1642.49
1363.94
1233.09
1337.09
1220.69
1197.29
1185.59
1267.04
1459.69
1573.79
1452.49
1422.39
1438.54
1497.79
1567.47
1542.58
1457.24
1370.89
1380.29
1389.74
1500.09
1987.22
2003.59
1912.37
1642.49
1363.94
1233.09
1334.46
1218.06
1194.66
1181.96
1264.41
1457.69
1572.16
1449.86
1419.76
1436.91
1495.16
1564.84
1539.95
1455.61
1368.26
1377.66
1388.11
1497.46
1984.46
2001.96
1909.74
1639.86
1362.31
1231.46
1334.46
1218.06
1194.66
1181.96
1264.41
1457.69
1572.16
1449.86
1419.76
1436.91
1495.16
1564.84
1539.95
1455.61
1368.26
1377.66
1388.11
1497.46
1984.46
2001.96
1909.74
1639.86
1362.31
1231.46
1334.46
1218.06
1194.66
1181.96
1264.41
1457.69
1572.16
1449.86
1419.76
1436.91
1495.16
1564.84
1539.95
1455.61
1368.26
1377.66
1388.11
1497.46
1984.46
2001.96
1909.74
1639.86
1362.31
1231.46
1334.46
1218.06
1194.66
1181.96
1264.41
1457.69
1572.16
1449.86
1419.76
1436.91
1495.16
1564.84
1539.95
1455.61
1368.26
1377.66
1388.11
1497.46
1984.46
2001.96
1909.74
1639.86
1362.31
1231.46
1334.46
1218.06
1194.66
1181.96
1264.41
1457.69
1572.16
1449.86
1419.76
1436.91
1495.16
1564.84
1539.95
1455.61
1368.26
1377.66
1388.11
1497.46
1984.46
2001.96
1909.74
1639.86
1362.31
1231.46
1334.46
1218.06
1194.66
1181.96
1264.41
1457.69
1572.16
1449.86
1419.76
1436.91
1495.16
1564.84
1539.95
1455.61
1368.26
1377.66
1388.11
1497.46
1984.46
2001.96
1909.74
1639.86
1362.31
1231.46
1334.46
1218.06
1194.66
1181.96
1264.41
1457.69
1572.16
1449.86
1419.76
1436.91
1495.16
1564.84
1539.95
1455.61
1368.26
1377.66
1388.11
1497.46
1984.46
2001.96
1909.74
1639.86
1362.31
1231.46
1334.46
1218.06
1194.66
1181.96
1264.41
1457.69
1572.16
1449.86
1419.76
1436.91
1495.16
1564.84
1539.95
1455.61
1368.26
1377.66
1388.11
1497.46
1984.46
2001.96
1909.74
1639.86
1362.31
1231.46
1334.46
1218.06
1194.66
1181.96
1264.41
1457.69
1572.16
1449.86
1419.76
1436.91
1495.16
1564.84
1539.95
1455.61
1368.26
1377.66
1388.11
1497.46
1984.46
2001.96
1909.74
1639.86
1362.31
1231.46
1334.46
1218.06
1194.66
1181.96
1264.41
1457.69
1572.16
1449.86
1419.76
1436.91
1495.16
1564.84
1539.95
1455.61
1368.26
1377.66
1388.11
1497.46
1984.46
2001.96
1909.74
1639.86
1362.31
1231.46
1334.46
1218.06
1194.66
1181.96
1264.41
1457.69
1572.16
1449.86
1419.76
1436.91
1495.16
1564.84
1539.95
1455.61
1368.26
1377.66
1388.11
1497.46
1984.46
2001.96
1909.74
1639.86
1362.31
1231.46
1334.46
1218.06
1194.66
1181.96
1264.41
1457.69
1572.16
1449.86
1419.76
1436.91
1495.16
1564.84
1539.95
1455.61
1368.26
1377.66
1388.11
1497.46
1984.46
2001.96
1909.74
1639.86
1362.31
1231.46
1334.46
1218.06
1194.66
1181.96
1264.41
1457.69
1572.16
1449.86
1419.76
1436.91
1495.16
1564.84
1539.95
1455.61
1368.26
1377.66
1388.11
1497.46
1984.46
2001.96
1909.74
1639.86
1362.31
1231.46
1334.46
1218.06
1194.66
1181.96
1264.41
1457.69
1572.16
1449.86
1419.76
1436.91
1495.16
1564.84
1539.95
1455.61
1368.26
1377.66
1388.11
1497.46
1984.46
2001.96
1909.74
1639.86
1362.31
1231.46
1334.46
1218.06
1194.66
1181.96
1264.41
1457.69
1572.16
1449.86
1419.76
1436.91
1495.16
1564.84
1539.95
1455.61
1368.26
1377.66
1388.11
1497.46
1984.46
2001.96
1909.74
1639.86
1362.31
1231.46
1334.46
1218.06
1194.66
1181.96
1264.41
1457.69
1572.16
1449.86
1419.76
1436.91
1495.16
1564.84
1539.95
1455.61
1368.26
1377.66
1388.11
1497.46
1984.46
2001.96
1909.74
1639.86
1362.31
1231.46
1334.46
1218.06
1194.66
1181.96
1264.41
1457.69
1572.16
1449.86
1419.76
1436.91
1495.16
1564.84
1539.95
1455.61
1368.26
1377.66
1388.11
1497.46
1984.46
2001.96
1909.74
1639.86
1362.31
1231.46
1334.46
1218.06
1194.66
1181.96
1264.41
1457.69
1572.16
1449.86
1419.76
1436.91
1495.16
1564.84
1539.95
1455.61
1368.26
1377.66
1388.11
1497.46
1984.46
2001.96
1909.74
1639.86
1362.31
1231.46
1334.46
1218.06
1194.66
1181.96
1264.41
1457.69
1572.16
1449.86
1419.76
1436.91
1495.16
1564.84
1539.95
1455.61
1368.26
1377.66
1388.11
1497.46
1984.46
2001.96
1909.74
1639.86
1362.31
1231.46
1334.46
1218.06
1194.66
1181.96
1264.41
1457.69
1572.16
1449.86
1419.76
1436.91
1495.16
1564.84
1539.95
1455.61
1368.26
1377.66
1388.11
1497.46
1984.46
2001.96
1909.74
1639.86
1362.31
1231.46
1334.46
1218.06
1194.66
1181.96
1264.41
1457.69
1572.16
1449.86
1419.76
1436.91
1495.16
1564.84
1539.95
1455.61
1368.26
1377.66
1388.11
1497.46
1984.46
2001.96
1909.74
1639.86
1362.31
1231.46
1334.46
1218.06
1194.66
1181.96
1264.41
1457.69
1572.16
1449.86
1419.76
1436.91
1495.16
1564.84
1539.95
1455.61
1368.26
1377.66
1388.11
1497.46
1984.46
2001.96
1909.74
1639.86
1362.31
1231.46
1334.46
1218.06
1194.66
1181.96
1264.41
1457.69
1572.16
1449.86
1419.76
1436.91
1495.16
1564.84
1539.95
1455.61
1368.26
1377.66
1388.11
1497.46
1984.46
2001.96
1909.74
1639.86
1362.31
1231.46
1334.46
1218.06
1194.66
1181.96
1264.41
1457.69
1572.16
1449.86
1419.76
1436.91
1495.16
1564.84
1539.95
1455.61
1368.26
1377.66
1388.11
1497.46
1984.46
2001.96
1909.74
1639.86
1362.31
1231.46
1334.46
1218.06
1194.66
1181.96
1264.41
1457.69
1572.16
1449.86
1419.76
1436.91
1495.16
1564.84
1539.95
1455.61
1368.26
1377.66
1388.11
1497.46
1984.46
2001.96
1909.74
1639.86
1362.31
1231.46
1334.46
1218.06
1194.66
1181.96
1264.41
1457.69
1572.16
1449.86
1419.76
1436.91
1495.16
1564.84
1539.95
1455.61
1368.26
1377.66
1388.11
1497.46
1984.46
2001.96
1909.74
1639.86
1362.31
1231.46
1334.46
1218.06
1194.66
1181.96
1264.41
1457.69
1572.16
1449.86
1419.76
1436.91
1495.16
1564.84
1539.95
1455.61
1368.26
1377.66
1388.11
1497.46
1984.46
2001.96
1909.74
1639.86
1362.31
1231.46
1334.46
1218.06
1194.66
1181.96
1264.41
1457.69
1572.16
1449.86
1419.76
1436.91
1495.16
1564.84
1539.95
1455.61
1368.26
1377.66
1388.11
1497.46
1984.46
2001.96
1909.74
1639.86
1362.31
1231.46
1334.46
1218.06
1194.66
1181.96
1264.41
1457.69
1572.16
1449.86
1419.76
1436.91
1495.16
1564.84
1539.95
1455.61
1368.26
1377.66
1388.11
1497.46
1984.46
2001.96
1909.74
1639.86
1362.31
1231.46
1334.46
1218.06
1194.66
1181.96
1264.41
1457.69
1572.16
1449.86
1419.76
1436.91
1495.16
1564.84
1539.95
1455.61
1368.26
1377.66
1388.11
1497.46
1984.46
2001.96
1909.74
1639.86
1362.31
1231.46
1306.66
1190.26
1166.86
1155.16
1236.61
1429.26
1543.36
1422.06
1391.96
1408.11
1467.36
1537.04
1512.05
1426.81
1340.46
1349.86
1359.31
1469.66
1956.66
1973.16
1881.94
1612.06
1333.51
1202.66
1306.66
1190.26
1166.86
1155.16
1236.61
1429.26
1543.36
1422.06
1391.96
1408.11
1467.36
1537.04
1512.05
1426.81
1340.46
1349.86
1359.31
1469.66
1956.66
1973.16
1881.94
1612.06
1333.51
1202.66
1306.66
1190.26
1166.86
1155.16
1236.61
1429.26
1543.36
1422.06
1391.96
1408.11
1467.36
1537.04
1512.05
1426.81
1340.46
1349.86
1359.31
1469.66
1956.66
1973.16
1881.94
1612.06
1333.51
1202.66
1306.66
1190.26
1166.86
1155.16
1236.61
1429.26
1543.36
1422.06
1391.96
1408.11
1467.36
1537.04
1512.05
1426.81
1340.46
1349.86
1359.31
1469.66
1956.66
1973.16
1881.94
1612.06
1333.51
1202.66
1306.66
1190.26
1166.86
1155.16
1236.61
1429.26
1543.36
1422.06
1391.96
1408.11
1467.36
1537.04
1512.05
1426.81
1340.46
1349.86
1359.31
1469.66
1956.66
1973.16
1881.94
1612.06
1333.51
1202.66
1306.66
1190.26
1166.86
1155.16
1236.61
1429.26
1543.36
1422.06
1391.96
1408.11
1467.36
1537.04
1512.05
1426.81
1340.46
1349.86
1359.31
1469.66
1956.66
1973.16
1881.94
1612.06
1333.51
1202.66
1306.66
1190.26
1166.86
1155.16
1236.61
1429.26
1543.36
1422.06
1391.96
1408.11
1467.36
1537.04
1512.05
1426.81
1340.46
1349.86
1359.31
1469.66
1956.66
1973.16
1881.94
1612.06
1333.51
1202.66
1306.66
1190.26
1166.86
1155.16
1236.61
1429.26
1543.36
1422.06
1391.96
1408.11
1467.36
1537.04
1512.05
1426.81
1340.46
1349.86
1359.31
1469.66
1956.66
1973.16
1881.94
1612.06
1333.51
1202.66
1306.66
1190.26
1166.86
1155.16
1236.61
1429.26
1543.36
1422.06
1391.96
1408.11
1467.36
1537.04
1512.05
1426.81
1340.46
1349.86
1359.31
1469.66
1956.66
1973.16
1881.94
1612.06
1333.51
1202.66
1306.66
1190.26
1166.86
1155.16
1236.61
1429.26
1543.36
1422.06
1391.96
1408.11
1467.36
1537.04
1512.05
1426.81
1340.46
1349.86
1359.31
1469.66
1956.66
1973.16
1881.94
1612.06
1333.51
1202.66
1306.66
1190.26
1166.86
1155.16
1236.61
1429.26
1543.36
1422.06
1391.96
1408.11
1467.36
1537.04
1512.05
1426.81
1340.46
1349.86
1359.31
1469.66
1956.66
1973.16
1881.94
1612.06
1333.51
1202.66
1306.66
1190.26
1166.86
1155.16
1236.61
1429.26
1543.36
1422.06
1391.96
1408.11
1467.36
1537.04
1512.05
1426.81
1340.46
1349.86
1359.31
1469.66
1956.66
1973.16
1881.94
1612.06
1333.51
1202.66
1306.66
1190.26
1166.86
1155.16
1236.61
1429.26
1543.36
1422.06
1391.96
1408.11
1467.36
1537.04
1512.05
1426.81
1340.46
1349.86
1359.31
1469.66
1956.66
1973.16
1881.94
1612.06
1333.51
1202.66
1306.66
1190.26
1166.86
1155.16
1236.61
1429.26
1543.36
1422.06
1391.96
1408.11
1467.36
1537.04
1512.05
1426.81
1340.46
1349.86
1359.31
1469.66
1956.66
1973.16
1881.94
1612.06
1333.51
1202.66
1306.66
1190.26
1166.86
1155.16
1236.61
1429.26
1543.36
1422.06
1391.96
1408.11
1467.36
1537.04
1512.05
1426.81
1340.46
1349.86
1359.31
1469.66
1956.66
1973.16
1881.94
1612.06
1333.51
1202.66
1306.66
1190.26
1166.86
1155.16
1236.61
1429.26
1543.36
1422.06
1391.96
1408.11
1467.36
1537.04
1512.05
1426.81
1340.46
1349.86
1359.31
1469.66
1956.66
1973.16
1881.94
1612.06
1333.51
1202.66
1306.66
1190.26
1166.86
1155.16
1236.61
1429.26
1543.36
1422.06
1391.96
1408.11
1467.36
1537.04
1512.05
1426.81
1340.46
1349.86
1359.31
1469.66
1956.66
1973.16
1881.94
1612.06
1333.51
1202.66
1306.66
1190.26
1166.86
1155.16
1236.61
1429.26
1543.36
1422.06
1391.96
1408.11
1467.36
1537.04
1512.05
1426.81
1340.46
1349.86
1359.31
1469.66
1956.66
1973.16
1881.94
1612.06
1333.51
1202.66
1306.66
1190.26
1166.86
1155.16
1236.61
1429.26
1543.36
1422.06
1391.96
1408.11
1467.36
1537.04
1512.05
1426.81
1340.46
1349.86
1359.31
1469.66
1956.66
1973.16
1881.94
1612.06
1333.51
1202.66
1306.66
1190.26
1166.86
1155.16
1236.61
1429.26
1543.36
1422.06
1391.96
1408.11
1467.36
1537.04
1512.05
1426.81
1340.46
1349.86
1359.31
1469.66
1956.66
1973.16
1881.94
1612.06
1333.51
1202.66
1306.66
1190.26
1166.86
1155.16
1236.61
1429.26
1543.36
1422.06
1391.96
1408.11
1467.36
1537.04
1512.05
1426.81
1340.46
1349.86
1359.31
1469.66
1956.66
1973.16
1881.94
1612.06
1333.51
1202.66
1306.66
1190.26
1166.86
1155.16
1236.61
1429.26
1543.36
1422.06
1391.96
1408.11
1467.36
1537.04
1512.05
1426.81
1340.46
1349.86
1359.31
1469.66
1956.66
1973.16
1881.94
1612.06
1333.51
1202.66
1306.66
1190.26
1166.86
1155.16
1236.61
1429.26
1543.36
1422.06
1391.96
1408.11
1467.36
1537.04
1512.05
1426.81
1340.46
1349.86
1359.31
1469.66
1956.66
1973.16
1881.94
1612.06
1333.51
1202.66
1306.66
1190.26
1166.86
1155.16
1236.61
1429.26
1543.36
1422.06
1391.96
1408.11
1467.36
1537.04
1512.05
1426.81
1340.46
1349.86
1359.31
1469.66
1956.66
1973.16
1881.94
1612.06
1333.51
1202.66
1306.66
1190.26
1166.86
1155.16
1236.61
1429.26
1543.36
1422.06
1391.96
1408.11
1467.36
1537.04
1512.05
1426.81
1340.46
1349.86
1359.31
1469.66
1956.66
1973.16
1881.94
1612.06
1333.51
1202.66
1306.66
1190.26
1166.86
1155.16
1236.61
1429.26
1543.36
1422.06
1391.96
1408.11
1467.36
1537.04
1512.05
1426.81
1340.46
1349.86
1359.31
1469.66
1956.66
1973.16
1881.94
1612.06
1333.51
1202.66
1306.66
1190.26
1166.86
1155.16
1236.61
1429.26
1543.36
1422.06
1391.96
1408.11
1467.36
1537.04
1512.05
1426.81
1340.46
1349.86
1359.31
1469.66
1956.66
1973.16
1881.94
1612.06
1333.51
1202.66
1306.66
1190.26
1166.86
1155.16
1236.61
1429.26
1543.36
1422.06
1391.96
1408.11
1467.36
1537.04
1512.05
1426.81
1340.46
1349.86
1359.31
1469.66
1956.66
1973.16
1881.94
1612.06
1333.51
1202.66
1306.66
1190.26
1166.86
1155.16
1236.61
1429.26
1543.36
1422.06
1391.96
1408.11
1467.36
1537.04
1512.05
1426.81
1340.46
1349.86
1359.31
1469.66
1956.66
1973.16
1881.94
1612.06
1333.51
1202.66
1306.66
1190.26
1166.86
1155.16
1236.61
1429.26
1543.36
1422.06
1391.96
1408.11
1467.36
1537.04
1512.05
1426.81
1340.46
1349.86
1359.31
1469.66
1956.66
1973.16
1881.94
1612.06
1333.51
1202.66
1306.66
1190.26
1166.86
1155.16
1236.61
1429.26
1543.36
1422.06
1391.96
1408.11
1467.36
1537.04
1512.05
1426.81
1340.46
1349.86
1359.31
1469.66
1956.66
1973.16
1881.94
1612.06
1333.51
1202.66
