196.80
225.60
192.15
186.60
253.65
572.85
709.55
364.20
224.70
303.00
473.45
696.75
633.45
523.50
362.45
486.60
531.60
603.45
1630.87
1662.67
1308.82
822.00
281.25
207.75
196.80
225.60
192.15
186.60
253.65
572.85
709.55
364.20
224.70
303.00
473.45
696.75
633.45
523.50
362.45
486.60
531.60
603.45
1630.87
1662.67
1308.82
822.00
281.25
207.75
196.80
225.60
192.15
186.60
253.65
572.85
709.55
364.20
224.70
303.00
473.45
696.75
633.45
523.50
362.45
486.60
531.60
603.45
1630.87
1662.67
1308.82
822.00
281.25
207.75
196.80
225.60
192.15
186.60
253.65
572.85
709.55
364.20
224.70
303.00
473.45
696.75
633.45
523.50
362.45
486.60
531.60
603.45
1630.87
1662.67
1308.82
822.00
281.25
207.75
196.80
225.60
192.15
186.60
253.65
572.85
709.55
364.20
224.70
303.00
473.45
696.75
633.45
523.50
362.45
486.60
531.60
603.45
1630.87
1662.67
1308.82
822.00
281.25
207.75
196.80
225.60
192.15
186.60
253.65
572.85
709.55
364.20
224.70
303.00
473.45
696.75
633.45
523.50
362.45
486.60
531.60
603.45
1630.87
1662.67
1308.82
822.00
281.25
207.75
196.80
225.60
192.15
186.60
253.65
572.85
709.55
364.20
224.70
303.00
473.45
696.75
633.45
523.50
362.45
486.60
531.60
603.45
1630.87
1662.67
1308.82
822.00
281.25
207.75
196.80
225.60
192.15
186.60
253.65
572.85
709.55
364.20
224.70
303.00
473.45
696.75
633.45
523.50
362.45
486.60
531.60
603.45
1630.87
1662.67
1308.82
822.00
281.25
207.75
196.80
225.60
192.15
186.60
253.65
572.85
709.55
364.20
224.70
303.00
473.45
696.75
633.45
523.50
362.45
486.60
531.60
603.45
1630.87
1662.67
1308.82
822.00
281.25
207.75
196.80
225.60
192.15
186.60
253.65
572.85
709.55
364.20
224.70
303.00
473.45
696.75
633.45
523.50
362.45
486.60
531.60
603.45
1630.87
1662.67
1308.82
822.00
281.25
207.75
196.80
225.60
192.15
186.60
253.65
572.85
709.55
364.20
224.70
303.00
473.45
696.75
633.45
523.50
362.45
486.60
531.60
603.45
1630.87
1662.67
1308.82
822.00
281.25
207.75
196.80
225.60
192.15
186.60
253.65
572.85
709.55
364.20
224.70
303.00
473.45
696.75
633.45
523.50
362.45
486.60
531.60
603.45
1630.87
1662.67
1308.82
822.00
281.25
207.75
196.80
225.60
192.15
186.60
253.65
572.85
709.55
364.20
224.70
303.00
473.45
696.75
633.45
523.50
362.45
486.60
531.60
603.45
1630.87
1662.67
1308.82
822.00
281.25
207.75
196.80
225.60
192.15
186.60
253.65
572.85
709.55
364.20
224.70
303.00
473.45
696.75
633.45
523.50
362.45
486.60
531.60
603.45
1630.87
1662.67
1308.82
822.00
281.25
207.75
196.80
225.60
192.15
186.60
253.65
572.85
709.55
364.20
224.70
303.00
473.45
696.75
633.45
523.50
362.45
486.60
531.60
603.45
1630.87
1662.67
1308.82
822.00
281.25
207.75
196.80
225.60
192.15
186.60
253.65
572.85
709.55
364.20
224.70
303.00
473.45
696.75
633.45
523.50
362.45
486.60
531.60
603.45
1630.87
1662.67
1308.82
822.00
281.25
207.75
196.80
225.60
192.15
186.60
253.65
572.85
709.55
364.20
224.70
303.00
473.45
696.75
633.45
523.50
362.45
486.60
531.60
603.45
1630.87
1662.67
1308.82
822.00
281.25
207.75
196.80
225.60
192.15
186.60
253.65
572.85
709.55
364.20
224.70
303.00
473.45
696.75
633.45
523.50
362.45
486.60
531.60
603.45
1630.87
1662.67
1308.82
822.00
281.25
207.75
196.80
225.60
192.15
186.60
253.65
572.85
709.55
364.20
224.70
303.00
473.45
696.75
633.45
523.50
362.45
486.60
531.60
603.45
1630.87
1662.67
1308.82
822.00
281.25
207.75
196.80
225.60
192.15
186.60
253.65
572.85
709.55
364.20
224.70
303.00
473.45
696.75
633.45
523.50
362.45
486.60
531.60
603.45
1630.87
1662.67
1308.82
822.00
281.25
207.75
196.80
225.60
192.15
186.60
253.65
572.85
709.55
364.20
224.70
303.00
473.45
696.75
633.45
523.50
362.45
486.60
531.60
603.45
1630.87
1662.67
1308.82
822.00
281.25
207.75
196.80
225.60
192.15
186.60
253.65
572.85
709.55
364.20
224.70
303.00
473.45
696.75
633.45
523.50
362.45
486.60
531.60
603.45
1630.87
1662.67
1308.82
822.00
281.25
207.75
196.80
225.60
192.15
186.60
253.65
572.85
709.55
364.20
224.70
303.00
473.45
696.75
633.45
523.50
362.45
486.60
531.60
603.45
1630.87
1662.67
1308.82
822.00
281.25
207.75
196.80
225.60
192.15
186.60
253.65
572.85
709.55
364.20
224.70
303.00
473.45
696.75
633.45
523.50
362.45
486.60
531.60
603.45
1630.87
1662.67
1308.82
822.00
281.25
207.75
196.80
225.60
192.15
186.60
253.65
572.85
709.55
364.20
224.70
303.00
473.45
696.75
633.45
523.50
362.45
486.60
531.60
603.45
1630.87
1662.67
1308.82
822.00
281.25
207.75
196.80
225.60
192.15
186.60
253.65
572.85
709.55
364.20
224.70
303.00
473.45
696.75
633.45
523.50
362.45
486.60
531.60
603.45
1630.87
1662.67
1308.82
822.00
281.25
207.75
196.80
225.60
192.15
186.60
253.65
572.85
709.55
364.20
224.70
303.00
473.45
696.75
633.45
523.50
362.45
486.60
531.60
603.45
1630.87
1662.67
1308.82
822.00
281.25
207.75
196.80
225.60
192.15
186.60
253.65
572.85
709.55
364.20
224.70
303.00
473.45
696.75
633.45
523.50
362.45
486.60
531.60
603.45
1630.87
1662.67
1308.82
822.00
281.25
207.75
196.80
225.60
192.15
186.60
253.65
572.85
709.55
364.20
224.70
303.00
473.45
696.75
633.45
523.50
362.45
486.60
531.60
603.45
1630.87
1662.67
1308.82
822.00
281.25
207.75
196.80
225.60
192.15
186.60
253.65
572.85
709.55
364.20
224.70
303.00
473.45
696.75
633.45
523.50
362.45
486.60
531.60
603.45
1630.87
1662.67
1308.82
822.00
281.25
207.75
196.80
225.60
192.15
186.60
253.65
572.85
709.55
364.20
224.70
303.00
473.45
696.75
633.45
523.50
362.45
486.60
531.60
603.45
1630.87
1662.67
1308.82
822.00
281.25
207.75
120.84
149.64
116.19
110.64
177.69
496.89
633.99
288.24
148.74
227.04
397.29
620.79
557.49
447.54
286.29
410.62
455.64
527.49
1554.91
1586.72
1232.86
746.04
205.29
131.79
120.84
149.64
116.19
110.64
177.69
496.89
633.99
288.24
148.74
227.04
397.29
620.79
557.49
447.54
286.29
410.62
455.64
527.49
1554.91
1586.72
1232.86
746.04
205.29
131.79
120.84
149.64
116.19
110.64
177.69
496.89
633.99
288.24
148.74
227.04
397.29
620.79
557.49
447.54
286.29
410.62
455.64
527.49
1554.91
1586.72
1232.86
746.04
205.29
131.79
120.84
149.64
116.19
110.64
177.69
496.89
633.99
288.24
148.74
227.04
397.29
620.79
557.49
447.54
286.29
410.62
455.64
527.49
1554.91
1586.72
1232.86
746.04
205.29
131.79
120.84
149.64
116.19
110.64
177.69
496.89
633.99
288.24
148.74
227.04
397.29
620.79
557.49
447.54
286.29
410.62
455.64
527.49
1554.91
1586.72
1232.86
746.04
205.29
131.79
120.84
149.64
116.19
110.64
177.69
496.89
633.99
288.24
148.74
227.04
397.29
620.79
557.49
447.54
286.29
410.62
455.64
527.49
1554.91
1586.72
1232.86
746.04
205.29
131.79
120.84
149.64
116.19
110.64
177.69
496.89
633.99
288.24
148.74
227.04
397.29
620.79
557.49
447.54
286.29
410.62
455.64
527.49
1554.91
1586.72
1232.86
746.04
205.29
131.79
120.84
149.64
116.19
110.64
177.69
496.89
633.99
288.24
148.74
227.04
397.29
620.79
557.49
447.54
286.29
410.62
455.64
527.49
1554.91
1586.72
1232.86
746.04
205.29
131.79
120.84
149.64
116.19
110.64
177.69
496.89
633.99
288.24
148.74
227.04
397.29
620.79
557.49
447.54
286.29
410.62
455.64
527.49
1554.91
1586.72
1232.86
746.04
205.29
131.79
120.84
149.64
116.19
110.64
177.69
496.89
633.99
288.24
148.74
227.04
397.29
620.79
557.49
447.54
286.29
410.62
455.64
527.49
1554.91
1586.72
1232.86
746.04
205.29
131.79
120.84
149.64
116.19
110.64
177.69
496.89
633.99
288.24
148.74
227.04
397.29
620.79
557.49
447.54
286.29
410.62
455.64
527.49
1554.91
1586.72
1232.86
746.04
205.29
131.79
120.84
149.64
116.19
110.64
177.69
496.89
633.99
288.24
148.74
227.04
397.29
620.79
557.49
447.54
286.29
410.62
455.64
527.49
1554.91
1586.72
1232.86
746.04
205.29
131.79
120.84
149.64
116.19
110.64
177.69
496.89
633.99
288.24
148.74
227.04
397.29
620.79
557.49
447.54
286.29
410.62
455.64
527.49
1554.91
1586.72
1232.86
746.04
205.29
131.79
120.84
149.64
116.19
110.64
177.69
496.89
633.99
288.24
148.74
227.04
397.29
620.79
557.49
447.54
286.29
410.62
455.64
527.49
1554.91
1586.72
1232.86
746.04
205.29
131.79
120.84
149.64
116.19
110.64
177.69
496.89
633.99
288.24
148.74
227.04
397.29
620.79
557.49
447.54
286.29
410.62
455.64
527.49
1554.91
1586.72
1232.86
746.04
205.29
131.79
120.84
149.64
116.19
110.64
177.69
496.89
633.99
288.24
148.74
227.04
397.29
620.79
557.49
447.54
286.29
410.62
455.64
527.49
1554.91
1586.72
1232.86
746.04
205.29
131.79
120.84
149.64
116.19
110.64
177.69
496.89
633.99
288.24
148.74
227.04
397.29
620.79
557.49
447.54
286.29
410.62
455.64
527.49
1554.91
1586.72
1232.86
746.04
205.29
131.79
120.84
149.64
116.19
110.64
177.69
496.89
633.99
288.24
148.74
227.04
397.29
620.79
557.49
447.54
286.29
410.62
455.64
527.49
1554.91
1586.72
1232.86
746.04
205.29
131.79
120.84
149.64
116.19
110.64
177.69
496.89
633.99
288.24
148.74
227.04
397.29
620.79
557.49
447.54
286.29
410.62
455.64
527.49
1554.91
1586.72
1232.86
746.04
205.29
131.79
120.84
149.64
116.19
110.64
177.69
496.89
633.99
288.24
148.74
227.04
397.29
620.79
557.49
447.54
286.29
410.62
455.64
527.49
1554.91
1586.72
1232.86
746.04
205.29
131.79
120.84
149.64
116.19
110.64
177.69
496.89
633.99
288.24
148.74
227.04
397.29
620.79
557.49
447.54
286.29
410.62
455.64
527.49
1554.91
1586.72
1232.86
746.04
205.29
131.79
120.84
149.64
116.19
110.64
177.69
496.89
633.99
288.24
148.74
227.04
397.29
620.79
557.49
447.54
286.29
410.62
455.64
527.49
1554.91
1586.72
1232.86
746.04
205.29
131.79
120.84
149.64
116.19
110.64
177.69
496.89
633.99
288.24
148.74
227.04
397.29
620.79
557.49
447.54
286.29
410.62
455.64
527.49
1554.91
1586.72
1232.86
746.04
205.29
131.79
120.84
149.64
116.19
110.64
177.69
496.89
633.99
288.24
148.74
227.04
397.29
620.79
557.49
447.54
286.29
410.62
455.64
527.49
1554.91
1586.72
1232.86
746.04
205.29
131.79
120.84
149.64
116.19
110.64
177.69
496.89
633.99
288.24
148.74
227.04
397.29
620.79
557.49
447.54
286.29
410.62
455.64
527.49
1554.91
1586.72
1232.86
746.04
205.29
131.79
120.84
149.64
116.19
110.64
177.69
496.89
633.99
288.24
148.74
227.04
397.29
620.79
557.49
447.54
286.29
410.62
455.64
527.49
1554.91
1586.72
1232.86
746.04
205.29
131.79
120.84
149.64
116.19
110.64
177.69
496.89
633.99
288.24
148.74
227.04
397.29
620.79
557.49
447.54
286.29
410.62
455.64
527.49
1554.91
1586.72
1232.86
746.04
205.29
131.79
120.84
149.64
116.19
110.64
177.69
496.89
633.99
288.24
148.74
227.04
397.29
620.79
557.49
447.54
286.29
410.62
455.64
527.49
1554.91
1586.72
1232.86
746.04
205.29
131.79
120.84
149.64
116.19
110.64
177.69
496.89
633.99
288.24
148.74
227.04
397.29
620.79
557.49
447.54
286.29
410.62
455.64
527.49
1554.91
1586.72
1232.86
746.04
205.29
131.79
35.82
64.62
31.17
25.62
92.67
411.87
548.97
203.23
63.72
142.02
312.27
535.72
472.47
362.52
201.22
325.62
370.62
442.47
1469.89
1501.69
1147.84
661.02
120.27
46.77
35.82
64.62
31.17
25.62
92.67
411.87
548.97
203.23
63.72
142.02
312.27
535.72
472.47
362.52
201.22
325.62
370.62
442.47
1469.89
1501.69
1147.84
661.02
120.27
46.77
35.82
64.62
31.17
25.62
92.67
411.87
548.97
203.23
63.72
142.02
312.27
535.72
472.47
362.52
201.22
325.62
370.62
442.47
1469.89
1501.69
1147.84
661.02
120.27
46.77
35.82
64.62
31.17
25.62
92.67
411.87
548.97
203.23
63.72
142.02
312.27
535.72
472.47
362.52
201.22
325.62
370.62
442.47
1469.89
1501.69
1147.84
661.02
120.27
46.77
35.82
64.62
31.17
25.62
92.67
411.87
548.97
203.23
63.72
142.02
312.27
535.72
472.47
362.52
201.22
325.62
370.62
442.47
1469.89
1501.69
1147.84
661.02
120.27
46.77
35.82
64.62
31.17
25.62
92.67
411.87
548.97
203.23
63.72
142.02
312.27
535.72
472.47
362.52
201.22
325.62
370.62
442.47
1469.89
1501.69
1147.84
661.02
120.27
46.77
35.82
64.62
31.17
25.62
92.67
411.87
548.97
203.23
63.72
142.02
312.27
535.72
472.47
362.52
201.22
325.62
370.62
442.47
1469.89
1501.69
1147.84
661.02
120.27
46.77
35.82
64.62
31.17
25.62
92.67
411.87
548.97
203.23
63.72
142.02
312.27
535.72
472.47
362.52
201.22
325.62
370.62
442.47
1469.89
1501.69
1147.84
661.02
120.27
46.77
35.82
64.62
31.17
25.62
92.67
411.87
548.97
203.23
63.72
142.02
312.27
535.72
472.47
362.52
201.22
325.62
370.62
442.47
1469.89
1501.69
1147.84
661.02
120.27
46.77
35.82
64.62
31.17
25.62
92.67
411.87
548.97
203.23
63.72
142.02
312.27
535.72
472.47
362.52
201.22
325.62
370.62
442.47
1469.89
1501.69
1147.84
661.02
120.27
46.77
35.82
64.62
31.17
25.62
92.67
411.87
548.97
203.23
63.72
142.02
312.27
535.72
472.47
362.52
201.22
325.62
370.62
442.47
1469.89
1501.69
1147.84
661.02
120.27
46.77
35.82
64.62
31.17
25.62
92.67
411.87
548.97
203.23
63.72
142.02
312.27
535.72
472.47
362.52
201.22
325.62
370.62
442.47
1469.89
1501.69
1147.84
661.02
120.27
46.77
35.82
64.62
31.17
25.62
92.67
411.87
548.97
203.23
63.72
142.02
312.27
535.72
472.47
362.52
201.22
325.62
370.62
442.47
1469.89
1501.69
1147.84
661.02
120.27
46.77
35.82
64.62
31.17
25.62
92.67
411.87
548.97
203.23
63.72
142.02
312.27
535.72
472.47
362.52
201.22
325.62
370.62
442.47
1469.89
1501.69
1147.84
661.02
120.27
46.77
35.82
64.62
31.17
25.62
92.67
411.87
548.97
203.23
63.72
142.02
312.27
535.72
472.47
362.52
201.22
325.62
370.62
442.47
1469.89
1501.69
1147.84
661.02
120.27
46.77
35.82
64.62
31.17
25.62
92.67
411.87
548.97
203.23
63.72
142.02
312.27
535.72
472.47
362.52
201.22
325.62
370.62
442.47
1469.89
1501.69
1147.84
661.02
120.27
46.77
35.82
64.62
31.17
25.62
92.67
411.87
548.97
203.23
63.72
142.02
312.27
535.72
472.47
362.52
201.22
325.62
370.62
442.47
1469.89
1501.69
1147.84
661.02
120.27
46.77
35.82
64.62
31.17
25.62
92.67
411.87
548.97
203.23
63.72
142.02
312.27
535.72
472.47
362.52
201.22
325.62
370.62
442.47
1469.89
1501.69
1147.84
661.02
120.27
46.77
35.82
64.62
31.17
25.62
92.67
411.87
548.97
203.23
63.72
142.02
312.27
535.72
472.47
362.52
201.22
325.62
370.62
442.47
1469.89
1501.69
1147.84
661.02
120.27
46.77
35.82
64.62
31.17
25.62
92.67
411.87
548.97
203.23
63.72
142.02
312.27
535.72
472.47
362.52
201.22
325.62
370.62
442.47
1469.89
1501.69
1147.84
661.02
120.27
46.77
35.82
64.62
31.17
25.62
92.67
411.87
548.97
203.23
63.72
142.02
312.27
535.72
472.47
362.52
201.22
325.62
370.62
442.47
1469.89
1501.69
1147.84
661.02
120.27
46.77
35.82
64.62
31.17
25.62
92.67
411.87
548.97
203.23
63.72
142.02
312.27
535.72
472.47
362.52
201.22
325.62
370.62
442.47
1469.89
1501.69
1147.84
661.02
120.27
46.77
35.82
64.62
31.17
25.62
92.67
411.87
548.97
203.23
63.72
142.02
312.27
535.72
472.47
362.52
201.22
325.62
370.62
442.47
1469.89
1501.69
1147.84
661.02
120.27
46.77
35.82
64.62
31.17
25.62
92.67
411.87
548.97
203.23
63.72
142.02
312.27
535.72
472.47
362.52
201.22
325.62
370.62
442.47
1469.89
1501.69
1147.84
661.02
120.27
46.77
35.82
64.62
31.17
25.62
92.67
411.87
548.97
203.23
63.72
142.02
312.27
535.72
472.47
362.52
201.22
325.62
370.62
442.47
1469.89
1501.69
1147.84
661.02
120.27
46.77
35.82
64.62
31.17
25.62
92.67
411.87
548.97
203.23
63.72
142.02
312.27
535.72
472.47
362.52
201.22
325.62
370.62
442.47
1469.89
1501.69
1147.84
661.02
120.27
46.77
35.82
64.62
31.17
25.62
92.67
411.87
548.97
203.23
63.72
142.02
312.27
535.72
472.47
362.52
201.22
325.62
370.62
442.47
1469.89
1501.69
1147.84
661.02
120.27
46.77
35.82
64.62
31.17
25.62
92.67
411.87
548.97
203.23
63.72
142.02
312.27
535.72
472.47
362.52
201.22
325.62
370.62
442.47
1469.89
1501.69
1147.84
661.02
120.27
46.77
35.82
64.62
31.17
25.62
92.67
411.87
548.97
203.23
63.72
142.02
312.27
535.72
472.47
362.52
201.22
325.62
370.62
442.47
1469.89
1501.69
1147.84
661.02
120.27
46.77
35.82
64.62
31.17
25.62
92.67
411.87
548.97
203.23
63.72
142.02
312.27
535.72
472.47
362.52
201.22
325.62
370.62
442.47
1469.89
1501.69
1147.84
661.02
120.27
46.77
35.82
64.62
31.17
25.62
92.67
411.87
548.97
203.23
63.72
142.02
312.27
535.72
472.47
362.52
201.22
325.62
370.62
442.47
1469.89
1501.69
1147.84
661.02
120.27
46.77
35.82
64.62
31.17
25.62
92.67
411.57
492.34
203.23
63.72
142.02
312.27
535.72
472.47
362.52
201.22
325.62
370.62
442.47
804.56
832.36
762.41
661.04
121.27
46.77
35.82
64.62
31.17
25.62
92.67
411.57
492.34
203.23
63.72
142.02
312.27
535.72
472.47
362.52
201.22
325.62
370.62
442.47
804.56
832.36
762.41
661.04
121.27
46.77
35.82
64.62
31.17
25.62
92.67
411.57
492.34
203.23
63.72
142.02
312.27
535.72
472.47
362.52
201.22
325.62
370.62
442.47
804.56
832.36
762.41
661.04
121.27
46.77
35.82
64.62
31.17
25.62
92.67
411.57
492.34
203.23
63.72
142.02
312.27
535.72
472.47
362.52
201.22
325.62
370.62
442.47
804.56
832.36
762.41
661.04
121.27
46.77
35.82
64.62
31.17
25.62
92.67
411.57
492.34
203.23
63.72
142.02
312.27
535.72
472.47
362.52
201.22
325.62
370.62
442.47
804.56
832.36
762.41
661.04
121.27
46.77
35.82
64.62
31.17
25.62
92.67
411.57
492.34
203.23
63.72
142.02
312.27
535.72
472.47
362.52
201.22
325.62
370.62
442.47
804.56
832.36
762.41
661.04
121.27
46.77
35.82
64.62
31.17
25.62
92.67
411.57
492.34
203.23
63.72
142.02
312.27
535.72
472.47
362.52
201.22
325.62
370.62
442.47
804.56
832.36
762.41
661.04
121.27
46.77
35.82
64.62
31.17
25.62
92.67
411.57
492.34
203.23
63.72
142.02
312.27
535.72
472.47
362.52
201.22
325.62
370.62
442.47
804.56
832.36
762.41
661.04
121.27
46.77
35.82
64.62
31.17
25.62
92.67
411.57
492.34
203.23
63.72
142.02
312.27
535.72
472.47
362.52
201.22
325.62
370.62
442.47
804.56
832.36
762.41
661.04
121.27
46.77
35.82
64.62
31.17
25.62
92.67
411.57
492.34
203.23
63.72
142.02
312.27
535.72
472.47
362.52
201.22
325.62
370.62
442.47
804.56
832.36
762.41
661.04
121.27
46.77
35.82
64.62
31.17
25.62
92.67
411.57
492.34
203.23
63.72
142.02
312.27
535.72
472.47
362.52
201.22
325.62
370.62
442.47
804.56
832.36
762.41
661.04
121.27
46.77
35.82
64.62
31.17
25.62
92.67
411.57
492.34
203.23
63.72
142.02
312.27
535.72
472.47
362.52
201.22
325.62
370.62
442.47
804.56
832.36
762.41
661.04
121.27
46.77
35.82
64.62
31.17
25.62
92.67
411.57
492.34
203.23
63.72
142.02
312.27
535.72
472.47
362.52
201.22
325.62
370.62
442.47
804.56
832.36
762.41
661.04
121.27
46.77
35.82
64.62
31.17
25.62
92.67
411.57
492.34
203.23
63.72
142.02
312.27
535.72
472.47
362.52
201.22
325.62
370.62
442.47
804.56
832.36
762.41
661.04
121.27
46.77
35.82
64.62
31.17
25.62
92.67
411.57
492.34
203.23
63.72
142.02
312.27
535.72
472.47
362.52
201.22
325.62
370.62
442.47
804.56
832.36
762.41
661.04
121.27
46.77
35.82
64.62
31.17
25.62
92.67
411.57
492.34
203.23
63.72
142.02
312.27
535.72
472.47
362.52
201.22
325.62
370.62
442.47
804.56
832.36
762.41
661.04
121.27
46.77
35.82
64.62
31.17
25.62
92.67
411.57
492.34
203.23
63.72
142.02
312.27
535.72
472.47
362.52
201.22
325.62
370.62
442.47
804.56
832.36
762.41
661.04
121.27
46.77
35.82
64.62
31.17
25.62
92.67
411.57
492.34
203.23
63.72
142.02
312.27
535.72
472.47
362.52
201.22
325.62
370.62
442.47
804.56
832.36
762.41
661.04
121.27
46.77
35.82
64.62
31.17
25.62
92.67
411.57
492.34
203.23
63.72
142.02
312.27
535.72
472.47
362.52
201.22
325.62
370.62
442.47
804.56
832.36
762.41
661.04
121.27
46.77
35.82
64.62
31.17
25.62
92.67
411.57
492.34
203.23
63.72
142.02
312.27
535.72
472.47
362.52
201.22
325.62
370.62
442.47
804.56
832.36
762.41
661.04
121.27
46.77
35.82
64.62
31.17
25.62
92.67
411.57
492.34
203.23
63.72
142.02
312.27
535.72
472.47
362.52
201.22
325.62
370.62
442.47
804.56
832.36
762.41
661.04
121.27
46.77
35.82
64.62
31.17
25.62
92.67
411.57
492.34
203.23
63.72
142.02
312.27
535.72
472.47
362.52
201.22
325.62
370.62
442.47
804.56
832.36
762.41
661.04
121.27
46.77
35.82
64.62
31.17
25.62
92.67
411.57
492.34
203.23
63.72
142.02
312.27
535.72
472.47
362.52
201.22
325.62
370.62
442.47
804.56
832.36
762.41
661.04
121.27
46.77
35.82
64.62
31.17
25.62
92.67
411.57
492.34
203.23
63.72
142.02
312.27
535.72
472.47
362.52
201.22
325.62
370.62
442.47
804.56
832.36
762.41
661.04
121.27
46.77
35.82
64.62
31.17
25.62
92.67
411.57
492.34
203.23
63.72
142.02
312.27
535.72
472.47
362.52
201.22
325.62
370.62
442.47
804.56
832.36
762.41
661.04
121.27
46.77
35.82
64.62
31.17
25.62
92.67
411.57
492.34
203.23
63.72
142.02
312.27
535.72
472.47
362.52
201.22
325.62
370.62
442.47
804.56
832.36
762.41
661.04
121.27
46.77
35.82
64.62
31.17
25.62
92.67
411.57
492.34
203.23
63.72
142.02
312.27
535.72
472.47
362.52
201.22
325.62
370.62
442.47
804.56
832.36
762.41
661.04
121.27
46.77
35.82
64.62
31.17
25.62
92.67
411.57
492.34
203.23
63.72
142.02
312.27
535.72
472.47
362.52
201.22
325.62
370.62
442.47
804.56
832.36
762.41
661.04
121.27
46.77
35.82
64.62
31.17
25.62
92.67
411.57
492.34
203.23
63.72
142.02
312.27
535.72
472.47
362.52
201.22
325.62
370.62
442.47
804.56
832.36
762.41
661.04
121.27
46.77
35.82
64.62
31.17
25.62
92.67
411.57
492.34
203.23
63.72
142.02
312.27
535.72
472.47
362.52
201.22
325.62
370.62
442.47
804.56
832.36
762.41
661.04
121.27
46.77
85.43
114.23
89.88
75.34
142.28
461.48
598.58
252.84
113.34
191.63
361.88
585.33
522.08
412.13
250.83
375.23
520.13
598.14
1620.45
1665.14
1197.45
710.63
169.88
96.38
85.43
114.23
89.88
75.34
142.28
461.48
598.58
252.84
113.34
191.63
361.88
585.33
522.08
412.13
250.83
375.23
520.13
598.14
1620.45
1665.14
1197.45
710.63
169.88
96.38
85.43
114.23
89.88
75.34
142.28
461.48
598.58
252.84
113.34
191.63
361.88
585.33
522.08
412.13
250.83
375.23
520.13
598.14
1620.45
1665.14
1197.45
710.63
169.88
96.38
85.43
114.23
89.88
75.34
142.28
461.48
598.58
252.84
113.34
191.63
361.88
585.33
522.08
412.13
250.83
375.23
520.13
598.14
1620.45
1665.14
1197.45
710.63
169.88
96.38
85.43
114.23
89.88
75.34
142.28
461.48
598.58
252.84
113.34
191.63
361.88
585.33
522.08
412.13
250.83
375.23
520.13
598.14
1620.45
1665.14
1197.45
710.63
169.88
96.38
85.43
114.23
89.88
75.34
142.28
461.48
598.58
252.84
113.34
191.63
361.88
585.33
522.08
412.13
250.83
375.23
520.13
598.14
1620.45
1665.14
1197.45
710.63
169.88
96.38
85.43
114.23
89.88
75.34
142.28
461.48
598.58
252.84
113.34
191.63
361.88
585.33
522.08
412.13
250.83
375.23
520.13
598.14
1620.45
1665.14
1197.45
710.63
169.88
96.38
85.43
114.23
89.88
75.34
142.28
461.48
598.58
252.84
113.34
191.63
361.88
585.33
522.08
412.13
250.83
375.23
520.13
598.14
1620.45
1665.14
1197.45
710.63
169.88
96.38
85.43
114.23
89.88
75.34
142.28
461.48
598.58
252.84
113.34
191.63
361.88
585.33
522.08
412.13
250.83
375.23
520.13
598.14
1620.45
1665.14
1197.45
710.63
169.88
96.38
85.43
114.23
89.88
75.34
142.28
461.48
598.58
252.84
113.34
191.63
361.88
585.33
522.08
412.13
250.83
375.23
520.13
598.14
1620.45
1665.14
1197.45
710.63
169.88
96.38
85.43
114.23
89.88
75.34
142.28
461.48
598.58
252.84
113.34
191.63
361.88
585.33
522.08
412.13
250.83
375.23
520.13
598.14
1620.45
1665.14
1197.45
710.63
169.88
96.38
85.43
114.23
89.88
75.34
142.28
461.48
598.58
252.84
113.34
191.63
361.88
585.33
522.08
412.13
250.83
375.23
520.13
598.14
1620.45
1665.14
1197.45
710.63
169.88
96.38
85.43
114.23
89.88
75.34
142.28
461.48
598.58
252.84
113.34
191.63
361.88
585.33
522.08
412.13
250.83
375.23
520.13
598.14
1620.45
1665.14
1197.45
710.63
169.88
96.38
85.43
114.23
89.88
75.34
142.28
461.48
598.58
252.84
113.34
191.63
361.88
585.33
522.08
412.13
250.83
375.23
520.13
598.14
1620.45
1665.14
1197.45
710.63
169.88
96.38
85.43
114.23
89.88
75.34
142.28
461.48
598.58
252.84
113.34
191.63
361.88
585.33
522.08
412.13
250.83
375.23
520.13
598.14
1620.45
1665.14
1197.45
710.63
169.88
96.38
85.43
114.23
89.88
75.34
142.28
461.48
598.58
252.84
113.34
191.63
361.88
585.33
522.08
412.13
250.83
375.23
520.13
598.14
1620.45
1665.14
1197.45
710.63
169.88
96.38
85.43
114.23
89.88
75.34
142.28
461.48
598.58
252.84
113.34
191.63
361.88
585.33
522.08
412.13
250.83
375.23
520.13
598.14
1620.45
1665.14
1197.45
710.63
169.88
96.38
85.43
114.23
89.88
75.34
142.28
461.48
598.58
252.84
113.34
191.63
361.88
585.33
522.08
412.13
250.83
375.23
520.13
598.14
1620.45
1665.14
1197.45
710.63
169.88
96.38
85.43
114.23
89.88
75.34
142.28
461.48
598.58
252.84
113.34
191.63
361.88
585.33
522.08
412.13
250.83
375.23
520.13
598.14
1620.45
1665.14
1197.45
710.63
169.88
96.38
85.43
114.23
89.88
75.34
142.28
461.48
598.58
252.84
113.34
191.63
361.88
585.33
522.08
412.13
250.83
375.23
520.13
598.14
1620.45
1665.14
1197.45
710.63
169.88
96.38
85.43
114.23
89.88
75.34
142.28
461.48
598.58
252.84
113.34
191.63
361.88
585.33
522.08
412.13
250.83
375.23
520.13
598.14
1620.45
1665.14
1197.45
710.63
169.88
96.38
85.43
114.23
89.88
75.34
142.28
461.48
598.58
252.84
113.34
191.63
361.88
585.33
522.08
412.13
250.83
375.23
520.13
598.14
1620.45
1665.14
1197.45
710.63
169.88
96.38
85.43
114.23
89.88
75.34
142.28
461.48
598.58
252.84
113.34
191.63
361.88
585.33
522.08
412.13
250.83
375.23
520.13
598.14
1620.45
1665.14
1197.45
710.63
169.88
96.38
85.43
114.23
89.88
75.34
142.28
461.48
598.58
252.84
113.34
191.63
361.88
585.33
522.08
412.13
250.83
375.23
520.13
598.14
1620.45
1665.14
1197.45
710.63
169.88
96.38
85.43
114.23
89.88
75.34
142.28
461.48
598.58
252.84
113.34
191.63
361.88
585.33
522.08
412.13
250.83
375.23
520.13
598.14
1620.45
1665.14
1197.45
710.63
169.88
96.38
85.43
114.23
89.88
75.34
142.28
461.48
598.58
252.84
113.34
191.63
361.88
585.33
522.08
412.13
250.83
375.23
520.13
598.14
1620.45
1665.14
1197.45
710.63
169.88
96.38
85.43
114.23
89.88
75.34
142.28
461.48
598.58
252.84
113.34
191.63
361.88
585.33
522.08
412.13
250.83
375.23
520.13
598.14
1620.45
1665.14
1197.45
710.63
169.88
96.38
85.43
114.23
89.88
75.34
142.28
461.48
598.58
252.84
113.34
191.63
361.88
585.33
522.08
412.13
250.83
375.23
520.13
598.14
1620.45
1665.14
1197.45
710.63
169.88
96.38
85.43
114.23
89.88
75.34
142.28
461.48
598.58
252.84
113.34
191.63
361.88
585.33
522.08
412.13
250.83
375.23
520.13
598.14
1620.45
1665.14
1197.45
710.63
169.88
96.38
85.43
114.23
89.88
75.34
142.28
461.48
598.58
252.84
113.34
191.63
361.88
585.33
522.08
412.13
250.83
375.23
520.13
598.14
1620.45
1665.14
1197.45
710.63
169.88
96.38
85.43
114.23
89.88
75.34
142.28
461.48
598.58
252.84
113.34
191.63
361.88
585.33
522.08
412.13
250.83
375.23
520.13
598.14
1620.45
1665.14
1197.45
710.63
169.88
96.38
269.15
297.95
264.5
258.95
326.46
645.2
782.3
436.55
297.05
375.35
545.65
769.15
705.8
595.65
434.6
558.95
603.95
675.8
1703.22
1735.02
1381.17
894.35
353.6
280.1
269.15
297.95
264.5
258.95
326.46
645.2
782.3
436.55
297.05
375.35
545.65
769.15
705.8
595.65
434.6
558.95
603.95
675.8
1703.22
1735.02
1381.17
894.35
353.6
280.1
269.15
297.95
264.5
258.95
326.46
645.2
782.3
436.55
297.05
375.35
545.65
769.15
705.8
595.65
434.6
558.95
603.95
675.8
1703.22
1735.02
1381.17
894.35
353.6
280.1
269.15
297.95
264.5
258.95
326.46
645.2
782.3
436.55
297.05
375.35
545.65
769.15
705.8
595.65
434.6
558.95
603.95
675.8
1703.22
1735.02
1381.17
894.35
353.6
280.1
269.15
297.95
264.5
258.95
326.46
645.2
782.3
436.55
297.05
375.35
545.65
769.15
705.8
595.65
434.6
558.95
603.95
675.8
1703.22
1735.02
1381.17
894.35
353.6
280.1
269.15
297.95
264.5
258.95
326.46
645.2
782.3
436.55
297.05
375.35
545.65
769.15
705.8
595.65
434.6
558.95
603.95
675.8
1703.22
1735.02
1381.17
894.35
353.6
280.1
269.15
297.95
264.5
258.95
326.46
645.2
782.3
436.55
297.05
375.35
545.65
769.15
705.8
595.65
434.6
558.95
603.95
675.8
1703.22
1735.02
1381.17
894.35
353.6
280.1
269.15
297.95
264.5
258.95
326.46
645.2
782.3
436.55
297.05
375.35
545.65
769.15
705.8
595.65
434.6
558.95
603.95
675.8
1703.22
1735.02
1381.17
894.35
353.6
280.1
269.15
297.95
264.5
258.95
326.46
645.2
782.3
436.55
297.05
375.35
545.65
769.15
705.8
595.65
434.6
558.95
603.95
675.8
1703.22
1735.02
1381.17
894.35
353.6
280.1
269.15
297.95
264.5
258.95
326.46
645.2
782.3
436.55
297.05
375.35
545.65
769.15
705.8
595.65
434.6
558.95
603.95
675.8
1703.22
1735.02
1381.17
894.35
353.6
280.1
269.15
297.95
264.5
258.95
326.46
645.2
782.3
436.55
297.05
375.35
545.65
769.15
705.8
595.65
434.6
558.95
603.95
675.8
1703.22
1735.02
1381.17
894.35
353.6
280.1
269.15
297.95
264.5
258.95
326.46
645.2
782.3
436.55
297.05
375.35
545.65
769.15
705.8
595.65
434.6
558.95
603.95
675.8
1703.22
1735.02
1381.17
894.35
353.6
280.1
269.15
297.95
264.5
258.95
326.46
645.2
782.3
436.55
297.05
375.35
545.65
769.15
705.8
595.65
434.6
558.95
603.95
675.8
1703.22
1735.02
1381.17
894.35
353.6
280.1
269.15
297.95
264.5
258.95
326.46
645.2
782.3
436.55
297.05
375.35
545.65
769.15
705.8
595.65
434.6
558.95
603.95
675.8
1703.22
1735.02
1381.17
894.35
353.6
280.1
269.15
297.95
264.5
258.95
326.46
645.2
782.3
436.55
297.05
375.35
545.65
769.15
705.8
595.65
434.6
558.95
603.95
675.8
1703.22
1735.02
1381.17
894.35
353.6
280.1
269.15
297.95
264.5
258.95
326.46
645.2
782.3
436.55
297.05
375.35
545.65
769.15
705.8
595.65
434.6
558.95
603.95
675.8
1703.22
1735.02
1381.17
894.35
353.6
280.1
269.15
297.95
264.5
258.95
326.46
645.2
782.3
436.55
297.05
375.35
545.65
769.15
705.8
595.65
434.6
558.95
603.95
675.8
1703.22
1735.02
1381.17
894.35
353.6
280.1
269.15
297.95
264.5
258.95
326.46
645.2
782.3
436.55
297.05
375.35
545.65
769.15
705.8
595.65
434.6
558.95
603.95
675.8
1703.22
1735.02
1381.17
894.35
353.6
280.1
269.15
297.95
264.5
258.95
326.46
645.2
782.3
436.55
297.05
375.35
545.65
769.15
705.8
595.65
434.6
558.95
603.95
675.8
1703.22
1735.02
1381.17
894.35
353.6
280.1
269.15
297.95
264.5
258.95
326.46
645.2
782.3
436.55
297.05
375.35
545.65
769.15
705.8
595.65
434.6
558.95
603.95
675.8
1703.22
1735.02
1381.17
894.35
353.6
280.1
269.15
297.95
264.5
258.95
326.46
645.2
782.3
436.55
297.05
375.35
545.65
769.15
705.8
595.65
434.6
558.95
603.95
675.8
1703.22
1735.02
1381.17
894.35
353.6
280.1
269.15
297.95
264.5
258.95
326.46
645.2
782.3
436.55
297.05
375.35
545.65
769.15
705.8
595.65
434.6
558.95
603.95
675.8
1703.22
1735.02
1381.17
894.35
353.6
280.1
269.15
297.95
264.5
258.95
326.46
645.2
782.3
436.55
297.05
375.35
545.65
769.15
705.8
595.65
434.6
558.95
603.95
675.8
1703.22
1735.02
1381.17
894.35
353.6
280.1
269.15
297.95
264.5
258.95
326.46
645.2
782.3
436.55
297.05
375.35
545.65
769.15
705.8
595.65
434.6
558.95
603.95
675.8
1703.22
1735.02
1381.17
894.35
353.6
280.1
269.15
297.95
264.5
258.95
326.46
645.2
782.3
436.55
297.05
375.35
545.65
769.15
705.8
595.65
434.6
558.95
603.95
675.8
1703.22
1735.02
1381.17
894.35
353.6
280.1
269.15
297.95
264.5
258.95
326.46
645.2
782.3
436.55
297.05
375.35
545.65
769.15
705.8
595.65
434.6
558.95
603.95
675.8
1703.22
1735.02
1381.17
894.35
353.6
280.1
269.15
297.95
264.5
258.95
326.46
645.2
782.3
436.55
297.05
375.35
545.65
769.15
705.8
595.65
434.6
558.95
603.95
675.8
1703.22
1735.02
1381.17
894.35
353.6
280.1
269.15
297.95
264.5
258.95
326.46
645.2
782.3
436.55
297.05
375.35
545.65
769.15
705.8
595.65
434.6
558.95
603.95
675.8
1703.22
1735.02
1381.17
894.35
353.6
280.1
269.15
297.95
264.5
258.95
326.46
645.2
782.3
436.55
297.05
375.35
545.65
769.15
705.8
595.65
434.6
558.95
603.95
675.8
1703.22
1735.02
1381.17
894.35
353.6
280.1
269.15
297.95
264.5
258.95
326.46
645.2
782.3
436.55
297.05
375.35
545.65
769.15
705.8
595.65
434.6
558.95
603.95
675.8
1703.22
1735.02
1381.17
894.35
353.6
280.1
85.43
114.23
80.88
75.23
142.28
461.48
598.58
252.84
113.33
191.63
361.88
585.33
522.08
412.13
250.83
375.23
420.23
492.08
1519.50
1551.30
1197.45
710.63
169.88
96.38
85.43
114.23
80.88
75.23
142.28
461.48
598.58
252.84
113.33
191.63
361.88
585.33
522.08
412.13
250.83
375.23
420.23
492.08
1519.50
1551.30
1197.45
710.63
169.88
96.38
85.43
114.23
80.88
75.23
142.28
461.48
598.58
252.84
113.33
191.63
361.88
585.33
522.08
412.13
250.83
375.23
420.23
492.08
1519.50
1551.30
1197.45
710.63
169.88
96.38
85.43
114.23
80.88
75.23
142.28
461.48
598.58
252.84
113.33
191.63
361.88
585.33
522.08
412.13
250.83
375.23
420.23
492.08
1519.50
1551.30
1197.45
710.63
169.88
96.38
85.43
114.23
80.88
75.23
142.28
461.48
598.58
252.84
113.33
191.63
361.88
585.33
522.08
412.13
250.83
375.23
420.23
492.08
1519.50
1551.30
1197.45
710.63
169.88
96.38
85.43
114.23
80.88
75.23
142.28
461.48
598.58
252.84
113.33
191.63
361.88
585.33
522.08
412.13
250.83
375.23
420.23
492.08
1519.50
1551.30
1197.45
710.63
169.88
96.38
85.43
114.23
80.88
75.23
142.28
461.48
598.58
252.84
113.33
191.63
361.88
585.33
522.08
412.13
250.83
375.23
420.23
492.08
1519.50
1551.30
1197.45
710.63
169.88
96.38
85.43
114.23
80.88
75.23
142.28
461.48
598.58
252.84
113.33
191.63
361.88
585.33
522.08
412.13
250.83
375.23
420.23
492.08
1519.50
1551.30
1197.45
710.63
169.88
96.38
85.43
114.23
80.88
75.23
142.28
461.48
598.58
252.84
113.33
191.63
361.88
585.33
522.08
412.13
250.83
375.23
420.23
492.08
1519.50
1551.30
1197.45
710.63
169.88
96.38
85.43
114.23
80.88
75.23
142.28
461.48
598.58
252.84
113.33
191.63
361.88
585.33
522.08
412.13
250.83
375.23
420.23
492.08
1519.50
1551.30
1197.45
710.63
169.88
96.38
85.43
114.23
80.88
75.23
142.28
461.48
598.58
252.84
113.33
191.63
361.88
585.33
522.08
412.13
250.83
375.23
420.23
492.08
1519.50
1551.30
1197.45
710.63
169.88
96.38
85.43
114.23
80.88
75.23
142.28
461.48
598.58
252.84
113.33
191.63
361.88
585.33
522.08
412.13
250.83
375.23
420.23
492.08
1519.50
1551.30
1197.45
710.63
169.88
96.38
85.43
114.23
80.88
75.23
142.28
461.48
598.58
252.84
113.33
191.63
361.88
585.33
522.08
412.13
250.83
375.23
420.23
492.08
1519.50
1551.30
1197.45
710.63
169.88
96.38
85.43
114.23
80.88
75.23
142.28
461.48
598.58
252.84
113.33
191.63
361.88
585.33
522.08
412.13
250.83
375.23
420.23
492.08
1519.50
1551.30
1197.45
710.63
169.88
96.38
85.43
114.23
80.88
75.23
142.28
461.48
598.58
252.84
113.33
191.63
361.88
585.33
522.08
412.13
250.83
375.23
420.23
492.08
1519.50
1551.30
1197.45
710.63
169.88
96.38
85.43
114.23
80.88
75.23
142.28
461.48
598.58
252.84
113.33
191.63
361.88
585.33
522.08
412.13
250.83
375.23
420.23
492.08
1519.50
1551.30
1197.45
710.63
169.88
96.38
85.43
114.23
80.88
75.23
142.28
461.48
598.58
252.84
113.33
191.63
361.88
585.33
522.08
412.13
250.83
375.23
420.23
492.08
1519.50
1551.30
1197.45
710.63
169.88
96.38
85.43
114.23
80.88
75.23
142.28
461.48
598.58
252.84
113.33
191.63
361.88
585.33
522.08
412.13
250.83
375.23
420.23
492.08
1519.50
1551.30
1197.45
710.63
169.88
96.38
85.43
114.23
80.88
75.23
142.28
461.48
598.58
252.84
113.33
191.63
361.88
585.33
522.08
412.13
250.83
375.23
420.23
492.08
1519.50
1551.30
1197.45
710.63
169.88
96.38
85.43
114.23
80.88
75.23
142.28
461.48
598.58
252.84
113.33
191.63
361.88
585.33
522.08
412.13
250.83
375.23
420.23
492.08
1519.50
1551.30
1197.45
710.63
169.88
96.38
85.43
114.23
80.88
75.23
142.28
461.48
598.58
252.84
113.33
191.63
361.88
585.33
522.08
412.13
250.83
375.23
420.23
492.08
1519.50
1551.30
1197.45
710.63
169.88
96.38
85.43
114.23
80.88
75.23
142.28
461.48
598.58
252.84
113.33
191.63
361.88
585.33
522.08
412.13
250.83
375.23
420.23
492.08
1519.50
1551.30
1197.45
710.63
169.88
96.38
85.43
114.23
80.88
75.23
142.28
461.48
598.58
252.84
113.33
191.63
361.88
585.33
522.08
412.13
250.83
375.23
420.23
492.08
1519.50
1551.30
1197.45
710.63
169.88
96.38
85.43
114.23
80.88
75.23
142.28
461.48
598.58
252.84
113.33
191.63
361.88
585.33
522.08
412.13
250.83
375.23
420.23
492.08
1519.50
1551.30
1197.45
710.63
169.88
96.38
85.43
114.23
80.88
75.23
142.28
461.48
598.58
252.84
113.33
191.63
361.88
585.33
522.08
412.13
250.83
375.23
420.23
492.08
1519.50
1551.30
1197.45
710.63
169.88
96.38
85.43
114.23
80.88
75.23
142.28
461.48
598.58
252.84
113.33
191.63
361.88
585.33
522.08
412.13
250.83
375.23
420.23
492.08
1519.50
1551.30
1197.45
710.63
169.88
96.38
85.43
114.23
80.88
75.23
142.28
461.48
598.58
252.84
113.33
191.63
361.88
585.33
522.08
412.13
250.83
375.23
420.23
492.08
1519.50
1551.30
1197.45
710.63
169.88
96.38
85.43
114.23
80.88
75.23
142.28
461.48
598.58
252.84
113.33
191.63
361.88
585.33
522.08
412.13
250.83
375.23
420.23
492.08
1519.50
1551.30
1197.45
710.63
169.88
96.38
85.43
114.23
80.88
75.23
142.28
461.48
598.58
252.84
113.33
191.63
361.88
585.33
522.08
412.13
250.83
375.23
420.23
492.08
1519.50
1551.30
1197.45
710.63
169.88
96.38
85.43
114.23
80.88
75.23
142.28
461.48
598.58
252.84
113.33
191.63
361.88
585.33
522.08
412.13
250.83
375.23
420.23
492.08
1519.50
1551.30
1197.45
710.63
169.88
96.38
85.43
114.23
80.88
75.23
142.28
461.48
598.58
252.84
113.33
191.63
361.88
585.33
522.08
412.13
250.83
375.23
420.23
492.08
1519.50
1551.30
1197.45
710.63
169.88
96.38
35.82
64.62
31.17
25.62
92.67
411.57
492.34
203.23
63.72
142.02
312.27
535.79
472.47
362.52
201.22
325.62
370.62
442.42
791.31
819.15
749.16
647.79
121.27
46.77
35.82
64.62
31.17
25.62
92.67
411.57
492.34
203.23
63.72
142.02
312.27
535.79
472.47
362.52
201.22
325.62
370.62
442.42
791.31
819.15
749.16
647.79
121.27
46.77
35.82
64.62
31.17
25.62
92.67
411.57
492.34
203.23
63.72
142.02
312.27
535.79
472.47
362.52
201.22
325.62
370.62
442.42
791.31
819.15
749.16
647.79
121.27
46.77
35.82
64.62
31.17
25.62
92.67
411.57
492.34
203.23
63.72
142.02
312.27
535.79
472.47
362.52
201.22
325.62
370.62
442.42
791.31
819.15
749.16
647.79
121.27
46.77
35.82
64.62
31.17
25.62
92.67
411.57
492.34
203.23
63.72
142.02
312.27
535.79
472.47
362.52
201.22
325.62
370.62
442.42
791.31
819.15
749.16
647.79
121.27
46.77
35.82
64.62
31.17
25.62
92.67
411.57
492.34
203.23
63.72
142.02
312.27
535.79
472.47
362.52
201.22
325.62
370.62
442.42
791.31
819.15
749.16
647.79
121.27
46.77
35.82
64.62
31.17
25.62
92.67
411.57
492.34
203.23
63.72
142.02
312.27
535.79
472.47
362.52
201.22
325.62
370.62
442.42
791.31
819.15
749.16
647.79
121.27
46.77
35.82
64.62
31.17
25.62
92.67
411.57
492.34
203.23
63.72
142.02
312.27
535.79
472.47
362.52
201.22
325.62
370.62
442.42
791.31
819.15
749.16
647.79
121.27
46.77
35.82
64.62
31.17
25.62
92.67
411.57
492.34
203.23
63.72
142.02
312.27
535.79
472.47
362.52
201.22
325.62
370.62
442.42
791.31
819.15
749.16
647.79
121.27
46.77
35.82
64.62
31.17
25.62
92.67
411.57
492.34
203.23
63.72
142.02
312.27
535.79
472.47
362.52
201.22
325.62
370.62
442.42
791.31
819.15
749.16
647.79
121.27
46.77
35.82
64.62
31.17
25.62
92.67
411.57
492.34
203.23
63.72
142.02
312.27
535.79
472.47
362.52
201.22
325.62
370.62
442.42
791.31
819.15
749.16
647.79
121.27
46.77
35.82
64.62
31.17
25.62
92.67
411.57
492.34
203.23
63.72
142.02
312.27
535.79
472.47
362.52
201.22
325.62
370.62
442.42
791.31
819.15
749.16
647.79
121.27
46.77
35.82
64.62
31.17
25.62
92.67
411.57
492.34
203.23
63.72
142.02
312.27
535.79
472.47
362.52
201.22
325.62
370.62
442.42
791.31
819.15
749.16
647.79
121.27
46.77
35.82
64.62
31.17
25.62
92.67
411.57
492.34
203.23
63.72
142.02
312.27
535.79
472.47
362.52
201.22
325.62
370.62
442.42
791.31
819.15
749.16
647.79
121.27
46.77
35.82
64.62
31.17
25.62
92.67
411.57
492.34
203.23
63.72
142.02
312.27
535.79
472.47
362.52
201.22
325.62
370.62
442.42
791.31
819.15
749.16
647.79
121.27
46.77
35.82
64.62
31.17
25.62
92.67
411.57
492.34
203.23
63.72
142.02
312.27
535.79
472.47
362.52
201.22
325.62
370.62
442.42
791.31
819.15
749.16
647.79
121.27
46.77
35.82
64.62
31.17
25.62
92.67
411.57
492.34
203.23
63.72
142.02
312.27
535.79
472.47
362.52
201.22
325.62
370.62
442.42
791.31
819.15
749.16
647.79
121.27
46.77
35.82
64.62
31.17
25.62
92.67
411.57
492.34
203.23
63.72
142.02
312.27
535.79
472.47
362.52
201.22
325.62
370.62
442.42
791.31
819.15
749.16
647.79
121.27
46.77
35.82
64.62
31.17
25.62
92.67
411.57
492.34
203.23
63.72
142.02
312.27
535.79
472.47
362.52
201.22
325.62
370.62
442.42
791.31
819.15
749.16
647.79
121.27
46.77
35.82
64.62
31.17
25.62
92.67
411.57
492.34
203.23
63.72
142.02
312.27
535.79
472.47
362.52
201.22
325.62
370.62
442.42
791.31
819.15
749.16
647.79
121.27
46.77
35.82
64.62
31.17
25.62
92.67
411.57
492.34
203.23
63.72
142.02
312.27
535.79
472.47
362.52
201.22
325.62
370.62
442.42
791.31
819.15
749.16
647.79
121.27
46.77
35.82
64.62
31.17
25.62
92.67
411.57
492.34
203.23
63.72
142.02
312.27
535.79
472.47
362.52
201.22
325.62
370.62
442.42
791.31
819.15
749.16
647.79
121.27
46.77
35.82
64.62
31.17
25.62
92.67
411.57
492.34
203.23
63.72
142.02
312.27
535.79
472.47
362.52
201.22
325.62
370.62
442.42
791.31
819.15
749.16
647.79
121.27
46.77
35.82
64.62
31.17
25.62
92.67
411.57
492.34
203.23
63.72
142.02
312.27
535.79
472.47
362.52
201.22
325.62
370.62
442.42
791.31
819.15
749.16
647.79
121.27
46.77
35.82
64.62
31.17
25.62
92.67
411.57
492.34
203.23
63.72
142.02
312.27
535.79
472.47
362.52
201.22
325.62
370.62
442.42
791.31
819.15
749.16
647.79
121.27
46.77
35.82
64.62
31.17
25.62
92.67
411.57
492.34
203.23
63.72
142.02
312.27
535.79
472.47
362.52
201.22
325.62
370.62
442.42
791.31
819.15
749.16
647.79
121.27
46.77
35.82
64.62
31.17
25.62
92.67
411.57
492.34
203.23
63.72
142.02
312.27
535.79
472.47
362.52
201.22
325.62
370.62
442.42
791.31
819.15
749.16
647.79
121.27
46.77
35.82
64.62
31.17
25.62
92.67
411.57
492.34
203.23
63.72
142.02
312.27
535.79
472.47
362.52
201.22
325.62
370.62
442.42
791.31
819.15
749.16
647.79
121.27
46.77
35.82
64.62
31.17
25.62
92.67
411.57
492.34
203.23
63.72
142.02
312.27
535.79
472.47
362.52
201.22
325.62
370.62
442.42
791.31
819.15
749.16
647.79
121.27
46.77
35.82
64.62
31.17
25.62
92.67
411.57
492.34
203.23
63.72
142.02
312.27
535.79
472.47
362.52
201.22
325.62
370.62
442.42
791.31
819.15
749.16
647.79
121.27
46.77
35.82
64.62
31.17
25.62
92.67
411.57
492.34
203.23
63.72
142.02
312.27
535.79
472.47
362.52
201.22
325.62
370.62
442.42
791.31
819.15
749.16
647.79
121.27
46.77
35.82
64.62
31.17
25.62
92.67
300.49
350.12
178.56
63.72
142.02
289.42
270.64
350.45
310.26
201.22
289.45
295.18
395.26
549.24
530.14
440.56
415.23
121.27
46.77
35.82
64.62
31.17
25.62
92.67
300.49
350.12
178.56
63.72
142.02
289.42
270.64
350.45
310.26
201.22
289.45
295.18
395.26
549.24
530.14
440.56
415.23
121.27
46.77
35.82
64.62
31.17
25.62
92.67
300.49
350.12
178.56
63.72
142.02
289.42
270.64
350.45
310.26
201.22
289.45
295.18
395.26
549.24
530.14
440.56
415.23
121.27
46.77
35.82
64.62
31.17
25.62
92.67
300.49
350.12
178.56
63.72
142.02
289.42
270.64
350.45
310.26
201.22
289.45
295.18
395.26
549.24
530.14
440.56
415.23
121.27
46.77
35.82
64.62
31.17
25.62
92.67
300.49
350.12
178.56
63.72
142.02
289.42
270.64
350.45
310.26
201.22
289.45
295.18
395.26
549.24
530.14
440.56
415.23
121.27
46.77
35.82
64.62
31.17
25.62
92.67
300.49
350.12
178.56
63.72
142.02
289.42
270.64
350.45
310.26
201.22
289.45
295.18
395.26
549.24
530.14
440.56
415.23
121.27
46.77
35.82
64.62
31.17
25.62
92.67
300.49
350.12
178.56
63.72
142.02
289.42
270.64
350.45
310.26
201.22
289.45
295.18
395.26
549.24
530.14
440.56
415.23
121.27
46.77
35.82
64.62
31.17
25.62
92.67
300.49
350.12
178.56
63.72
142.02
289.42
270.64
350.45
310.26
201.22
289.45
295.18
395.26
549.24
530.14
440.56
415.23
121.27
46.77
35.82
64.62
31.17
25.62
92.67
300.49
350.12
178.56
63.72
142.02
289.42
270.64
350.45
310.26
201.22
289.45
295.18
395.26
549.24
530.14
440.56
415.23
121.27
46.77
35.82
64.62
31.17
25.62
92.67
300.49
350.12
178.56
63.72
142.02
289.42
270.64
350.45
310.26
201.22
289.45
295.18
395.26
549.24
530.14
440.56
415.23
121.27
46.77
35.82
64.62
31.17
25.62
92.67
300.49
350.12
178.56
63.72
142.02
289.42
270.64
350.45
310.26
201.22
289.45
295.18
395.26
549.24
530.14
440.56
415.23
121.27
46.77
35.82
64.62
31.17
25.62
92.67
300.49
350.12
178.56
63.72
142.02
289.42
270.64
350.45
310.26
201.22
289.45
295.18
395.26
549.24
530.14
440.56
415.23
121.27
46.77
35.82
64.62
31.17
25.62
92.67
300.49
350.12
178.56
63.72
142.02
289.42
270.64
350.45
310.26
201.22
289.45
295.18
395.26
549.24
530.14
440.56
415.23
121.27
46.77
35.82
64.62
31.17
25.62
92.67
300.49
350.12
178.56
63.72
142.02
289.42
270.64
350.45
310.26
201.22
289.45
295.18
395.26
549.24
530.14
440.56
415.23
121.27
46.77
35.82
64.62
31.17
25.62
92.67
300.49
350.12
178.56
63.72
142.02
289.42
270.64
350.45
310.26
201.22
289.45
295.18
395.26
549.24
530.14
440.56
415.23
121.27
46.77
35.82
64.62
31.17
25.62
92.67
300.49
350.12
178.56
63.72
142.02
289.42
270.64
350.45
310.26
201.22
289.45
295.18
395.26
549.24
530.14
440.56
415.23
121.27
46.77
35.82
64.62
31.17
25.62
92.67
300.49
350.12
178.56
63.72
142.02
289.42
270.64
350.45
310.26
201.22
289.45
295.18
395.26
549.24
530.14
440.56
415.23
121.27
46.77
35.82
64.62
31.17
25.62
92.67
300.49
350.12
178.56
63.72
142.02
289.42
270.64
350.45
310.26
201.22
289.45
295.18
395.26
549.24
530.14
440.56
415.23
121.27
46.77
35.82
64.62
31.17
25.62
92.67
300.49
350.12
178.56
63.72
142.02
289.42
270.64
350.45
310.26
201.22
289.45
295.18
395.26
549.24
530.14
440.56
415.23
121.27
46.77
35.82
64.62
31.17
25.62
92.67
300.49
350.12
178.56
63.72
142.02
289.42
270.64
350.45
310.26
201.22
289.45
295.18
395.26
549.24
530.14
440.56
415.23
121.27
46.77
35.82
64.62
31.17
25.62
92.67
300.49
350.12
178.56
63.72
142.02
289.42
270.64
350.45
310.26
201.22
289.45
295.18
395.26
549.24
530.14
440.56
415.23
121.27
46.77
35.82
64.62
31.17
25.62
92.67
300.49
350.12
178.56
63.72
142.02
289.42
270.64
350.45
310.26
201.22
289.45
295.18
395.26
549.24
530.14
440.56
415.23
121.27
46.77
35.82
64.62
31.17
25.62
92.67
300.49
350.12
178.56
63.72
142.02
289.42
270.64
350.45
310.26
201.22
289.45
295.18
395.26
549.24
530.14
440.56
415.23
121.27
46.77
35.82
64.62
31.17
25.62
92.67
300.49
350.12
178.56
63.72
142.02
289.42
270.64
350.45
310.26
201.22
289.45
295.18
395.26
549.24
530.14
440.56
415.23
121.27
46.77
35.82
64.62
31.17
25.62
92.67
300.49
350.12
178.56
63.72
142.02
289.42
270.64
350.45
310.26
201.22
289.45
295.18
395.26
549.24
530.14
440.56
415.23
121.27
46.77
35.82
64.62
31.17
25.62
92.67
300.49
350.12
178.56
63.72
142.02
289.42
270.64
350.45
310.26
201.22
289.45
295.18
395.26
549.24
530.14
440.56
415.23
121.27
46.77
35.82
64.62
31.17
25.62
92.67
300.49
350.12
178.56
63.72
142.02
289.42
270.64
350.45
310.26
201.22
289.45
295.18
395.26
549.24
530.14
440.56
415.23
121.27
46.77
35.82
64.62
31.17
25.62
92.67
300.49
350.12
178.56
63.72
142.02
289.42
270.64
350.45
310.26
201.22
289.45
295.18
395.26
549.24
530.14
440.56
415.23
121.27
46.77
35.82
64.62
31.17
25.62
92.67
300.49
350.12
178.56
63.72
142.02
289.42
270.64
350.45
310.26
201.22
289.45
295.18
395.26
549.24
530.14
440.56
415.23
121.27
46.77
35.82
64.62
31.17
25.62
92.67
300.49
350.12
178.56
63.72
142.02
289.42
270.64
350.45
310.26
201.22
289.45
295.18
395.26
549.24
530.14
440.56
415.23
121.27
46.77
35.22
64.62
31.17
25.62
92.67
375.10
425.60
178.56
63.74
142.02
289.42
610.35
458.15
310.26
201.22
289.45
295.12
395.26
645.10
684.12
648.12
510.23
121.27
46.77
35.22
64.62
31.17
25.62
92.67
375.10
425.60
178.56
63.74
142.02
289.42
610.35
458.15
310.26
201.22
289.45
295.12
395.26
645.10
684.12
648.12
510.23
121.27
46.77
35.22
64.62
31.17
25.62
92.67
375.10
425.60
178.56
63.74
142.02
289.42
610.35
458.15
310.26
201.22
289.45
295.12
395.26
645.10
684.12
648.12
510.23
121.27
46.77
35.22
64.62
31.17
25.62
92.67
375.10
425.60
178.56
63.74
142.02
289.42
610.35
458.15
310.26
201.22
289.45
295.12
395.26
645.10
684.12
648.12
510.23
121.27
46.77
35.22
64.62
31.17
25.62
92.67
375.10
425.60
178.56
63.74
142.02
289.42
610.35
458.15
310.26
201.22
289.45
295.12
395.26
645.10
684.12
648.12
510.23
121.27
46.77
35.22
64.62
31.17
25.62
92.67
375.10
425.60
178.56
63.74
142.02
289.42
610.35
458.15
310.26
201.22
289.45
295.12
395.26
645.10
684.12
648.12
510.23
121.27
46.77
35.22
64.62
31.17
25.62
92.67
375.10
425.60
178.56
63.74
142.02
289.42
610.35
458.15
310.26
201.22
289.45
295.12
395.26
645.10
684.12
648.12
510.23
121.27
46.77
35.22
64.62
31.17
25.62
92.67
375.10
425.60
178.56
63.74
142.02
289.42
610.35
458.15
310.26
201.22
289.45
295.12
395.26
645.10
684.12
648.12
510.23
121.27
46.77
35.22
64.62
31.17
25.62
92.67
375.10
425.60
178.56
63.74
142.02
289.42
610.35
458.15
310.26
201.22
289.45
295.12
395.26
645.10
684.12
648.12
510.23
121.27
46.77
35.22
64.62
31.17
25.62
92.67
375.10
425.60
178.56
63.74
142.02
289.42
610.35
458.15
310.26
201.22
289.45
295.12
395.26
645.10
684.12
648.12
510.23
121.27
46.77
35.22
64.62
31.17
25.62
92.67
375.10
425.60
178.56
63.74
142.02
289.42
610.35
458.15
310.26
201.22
289.45
295.12
395.26
645.10
684.12
648.12
510.23
121.27
46.77
35.22
64.62
31.17
25.62
92.67
375.10
425.60
178.56
63.74
142.02
289.42
610.35
458.15
310.26
201.22
289.45
295.12
395.26
645.10
684.12
648.12
510.23
121.27
46.77
35.22
64.62
31.17
25.62
92.67
375.10
425.60
178.56
63.74
142.02
289.42
610.35
458.15
310.26
201.22
289.45
295.12
395.26
645.10
684.12
648.12
510.23
121.27
46.77
35.22
64.62
31.17
25.62
92.67
375.10
425.60
178.56
63.74
142.02
289.42
610.35
458.15
310.26
201.22
289.45
295.12
395.26
645.10
684.12
648.12
510.23
121.27
46.77
35.22
64.62
31.17
25.62
92.67
375.10
425.60
178.56
63.74
142.02
289.42
610.35
458.15
310.26
201.22
289.45
295.12
395.26
645.10
684.12
648.12
510.23
121.27
46.77
35.22
64.62
31.17
25.62
92.67
375.10
425.60
178.56
63.74
142.02
289.42
610.35
458.15
310.26
201.22
289.45
295.12
395.26
645.10
684.12
648.12
510.23
121.27
46.77
35.22
64.62
31.17
25.62
92.67
375.10
425.60
178.56
63.74
142.02
289.42
610.35
458.15
310.26
201.22
289.45
295.12
395.26
645.10
684.12
648.12
510.23
121.27
46.77
35.22
64.62
31.17
25.62
92.67
375.10
425.60
178.56
63.74
142.02
289.42
610.35
458.15
310.26
201.22
289.45
295.12
395.26
645.10
684.12
648.12
510.23
121.27
46.77
35.22
64.62
31.17
25.62
92.67
375.10
425.60
178.56
63.74
142.02
289.42
610.35
458.15
310.26
201.22
289.45
295.12
395.26
645.10
684.12
648.12
510.23
121.27
46.77
35.22
64.62
31.17
25.62
92.67
375.10
425.60
178.56
63.74
142.02
289.42
610.35
458.15
310.26
201.22
289.45
295.12
395.26
645.10
684.12
648.12
510.23
121.27
46.77
35.22
64.62
31.17
25.62
92.67
375.10
425.60
178.56
63.74
142.02
289.42
610.35
458.15
310.26
201.22
289.45
295.12
395.26
645.10
684.12
648.12
510.23
121.27
46.77
35.22
64.62
31.17
25.62
92.67
375.10
425.60
178.56
63.74
142.02
289.42
610.35
458.15
310.26
201.22
289.45
295.12
395.26
645.10
684.12
648.12
510.23
121.27
46.77
35.22
64.62
31.17
25.62
92.67
375.10
425.60
178.56
63.74
142.02
289.42
610.35
458.15
310.26
201.22
289.45
295.12
395.26
645.10
684.12
648.12
510.23
121.27
46.77
35.22
64.62
31.17
25.62
92.67
375.10
425.60
178.56
63.74
142.02
289.42
610.35
458.15
310.26
201.22
289.45
295.12
395.26
645.10
684.12
648.12
510.23
121.27
46.77
35.22
64.62
31.17
25.62
92.67
375.10
425.60
178.56
63.74
142.02
289.42
610.35
458.15
310.26
201.22
289.45
295.12
395.26
645.10
684.12
648.12
510.23
121.27
46.77
35.22
64.62
31.17
25.62
92.67
375.10
425.60
178.56
63.74
142.02
289.42
610.35
458.15
310.26
201.22
289.45
295.12
395.26
645.10
684.12
648.12
510.23
121.27
46.77
35.22
64.62
31.17
25.62
92.67
375.10
425.60
178.56
63.74
142.02
289.42
610.35
458.15
310.26
201.22
289.45
295.12
395.26
645.10
684.12
648.12
510.23
121.27
46.77
35.22
64.62
31.17
25.62
92.67
375.10
425.60
178.56
63.74
142.02
289.42
610.35
458.15
310.26
201.22
289.45
295.12
395.26
645.10
684.12
648.12
510.23
121.27
46.77
35.22
64.62
31.17
25.62
92.67
375.10
425.60
178.56
63.74
142.02
289.42
610.35
458.15
310.26
201.22
289.45
295.12
395.26
645.10
684.12
648.12
510.23
121.27
46.77
35.22
64.62
31.17
25.62
92.67
375.10
425.60
178.56
63.74
142.02
289.42
610.35
458.15
310.26
201.22
289.45
295.12
395.26
645.10
684.12
648.12
510.23
121.27
46.77
35.22
64.62
31.17
25.62
92.67
375.10
425.60
178.56
63.74
142.02
289.42
610.35
458.15
310.26
201.22
289.45
295.12
395.26
645.10
684.12
648.12
510.23
121.27
46.77
42.82
71.62
38.17
32.62
99.67
418.57
499.34
210.34
70.72
149.72
319.27
542.79
479.47
369.52
208.22
332.62
377.62
449.42
798.31
826.15
755.16
654.79
128.27
53.77
42.82
71.62
38.17
32.62
99.67
418.57
499.34
210.34
70.72
149.72
319.27
542.79
479.47
369.52
208.22
332.62
377.62
449.42
798.31
826.15
755.16
654.79
128.27
53.77
42.82
71.62
38.17
32.62
99.67
418.57
499.34
210.34
70.72
149.72
319.27
542.79
479.47
369.52
208.22
332.62
377.62
449.42
798.31
826.15
755.16
654.79
128.27
53.77
42.82
71.62
38.17
32.62
99.67
418.57
499.34
210.34
70.72
149.72
319.27
542.79
479.47
369.52
208.22
332.62
377.62
449.42
798.31
826.15
755.16
654.79
128.27
53.77
42.82
71.62
38.17
32.62
99.67
418.57
499.34
210.34
70.72
149.72
319.27
542.79
479.47
369.52
208.22
332.62
377.62
449.42
798.31
826.15
755.16
654.79
128.27
53.77
42.82
71.62
38.17
32.62
99.67
418.57
499.34
210.34
70.72
149.72
319.27
542.79
479.47
369.52
208.22
332.62
377.62
449.42
798.31
826.15
755.16
654.79
128.27
53.77
42.82
71.62
38.17
32.62
99.67
418.57
499.34
210.34
70.72
149.72
319.27
542.79
479.47
369.52
208.22
332.62
377.62
449.42
798.31
826.15
755.16
654.79
128.27
53.77
42.82
71.62
38.17
32.62
99.67
418.57
499.34
210.34
70.72
149.72
319.27
542.79
479.47
369.52
208.22
332.62
377.62
449.42
798.31
826.15
755.16
654.79
128.27
53.77
42.82
71.62
38.17
32.62
99.67
418.57
499.34
210.34
70.72
149.72
319.27
542.79
479.47
369.52
208.22
332.62
377.62
449.42
798.31
826.15
755.16
654.79
128.27
53.77
42.82
71.62
38.17
32.62
99.67
418.57
499.34
210.34
70.72
149.72
319.27
542.79
479.47
369.52
208.22
332.62
377.62
449.42
798.31
826.15
755.16
654.79
128.27
53.77
42.82
71.62
38.17
32.62
99.67
418.57
499.34
210.34
70.72
149.72
319.27
542.79
479.47
369.52
208.22
332.62
377.62
449.42
798.31
826.15
755.16
654.79
128.27
53.77
42.82
71.62
38.17
32.62
99.67
418.57
499.34
210.34
70.72
149.72
319.27
542.79
479.47
369.52
208.22
332.62
377.62
449.42
798.31
826.15
755.16
654.79
128.27
53.77
42.82
71.62
38.17
32.62
99.67
418.57
499.34
210.34
70.72
149.72
319.27
542.79
479.47
369.52
208.22
332.62
377.62
449.42
798.31
826.15
755.16
654.79
128.27
53.77
42.82
71.62
38.17
32.62
99.67
418.57
499.34
210.34
70.72
149.72
319.27
542.79
479.47
369.52
208.22
332.62
377.62
449.42
798.31
826.15
755.16
654.79
128.27
53.77
42.82
71.62
38.17
32.62
99.67
418.57
499.34
210.34
70.72
149.72
319.27
542.79
479.47
369.52
208.22
332.62
377.62
449.42
798.31
826.15
755.16
654.79
128.27
53.77
42.82
71.62
38.17
32.62
99.67
418.57
499.34
210.34
70.72
149.72
319.27
542.79
479.47
369.52
208.22
332.62
377.62
449.42
798.31
826.15
755.16
654.79
128.27
53.77
42.82
71.62
38.17
32.62
99.67
418.57
499.34
210.34
70.72
149.72
319.27
542.79
479.47
369.52
208.22
332.62
377.62
449.42
798.31
826.15
755.16
654.79
128.27
53.77
42.82
71.62
38.17
32.62
99.67
418.57
499.34
210.34
70.72
149.72
319.27
542.79
479.47
369.52
208.22
332.62
377.62
449.42
798.31
826.15
755.16
654.79
128.27
53.77
42.82
71.62
38.17
32.62
99.67
418.57
499.34
210.34
70.72
149.72
319.27
542.79
479.47
369.52
208.22
332.62
377.62
449.42
798.31
826.15
755.16
654.79
128.27
53.77
42.82
71.62
38.17
32.62
99.67
418.57
499.34
210.34
70.72
149.72
319.27
542.79
479.47
369.52
208.22
332.62
377.62
449.42
798.31
826.15
755.16
654.79
128.27
53.77
42.82
71.62
38.17
32.62
99.67
418.57
499.34
210.34
70.72
149.72
319.27
542.79
479.47
369.52
208.22
332.62
377.62
449.42
798.31
826.15
755.16
654.79
128.27
53.77
42.82
71.62
38.17
32.62
99.67
418.57
499.34
210.34
70.72
149.72
319.27
542.79
479.47
369.52
208.22
332.62
377.62
449.42
798.31
826.15
755.16
654.79
128.27
53.77
42.82
71.62
38.17
32.62
99.67
418.57
499.34
210.34
70.72
149.72
319.27
542.79
479.47
369.52
208.22
332.62
377.62
449.42
798.31
826.15
755.16
654.79
128.27
53.77
42.82
71.62
38.17
32.62
99.67
418.57
499.34
210.34
70.72
149.72
319.27
542.79
479.47
369.52
208.22
332.62
377.62
449.42
798.31
826.15
755.16
654.79
128.27
53.77
42.82
71.62
38.17
32.62
99.67
418.57
499.34
210.34
70.72
149.72
319.27
542.79
479.47
369.52
208.22
332.62
377.62
449.42
798.31
826.15
755.16
654.79
128.27
53.77
42.82
71.62
38.17
32.62
99.67
418.57
499.34
210.34
70.72
149.72
319.27
542.79
479.47
369.52
208.22
332.62
377.62
449.42
798.31
826.15
755.16
654.79
128.27
53.77
42.82
71.62
38.17
32.62
99.67
418.57
499.34
210.34
70.72
149.72
319.27
542.79
479.47
369.52
208.22
332.62
377.62
449.42
798.31
826.15
755.16
654.79
128.27
53.77
42.82
71.62
38.17
32.62
99.67
418.57
499.34
210.34
70.72
149.72
319.27
542.79
479.47
369.52
208.22
332.62
377.62
449.42
798.31
826.15
755.16
654.79
128.27
53.77
42.82
71.62
38.17
32.62
99.67
418.57
499.34
210.34
70.72
149.72
319.27
542.79
479.47
369.52
208.22
332.62
377.62
449.42
798.31
826.15
755.16
654.79
128.27
53.77
42.82
71.62
38.17
32.62
99.67
418.57
499.34
210.34
70.72
149.72
319.27
542.79
479.47
369.52
208.22
332.62
377.62
449.42
798.31
826.15
755.16
654.79
128.27
53.77
35.22
64.62
31.17
25.62
92.67
350.10
390.15
178.53
63.74
142.02
289.42
575.71
380.15
310.26
201.22
289.45
295.12
395.26
670.23
650.10
598.23
510.23
121.27
46.77
35.22
64.62
31.17
25.62
92.67
350.10
390.15
178.53
63.74
142.02
289.42
575.71
380.15
310.26
201.22
289.45
295.12
395.26
670.23
650.10
598.23
510.23
121.27
46.77
35.22
64.62
31.17
25.62
92.67
350.10
390.15
178.53
63.74
142.02
289.42
575.71
380.15
310.26
201.22
289.45
295.12
395.26
670.23
650.10
598.23
510.23
121.27
46.77
35.22
64.62
31.17
25.62
92.67
350.10
390.15
178.53
63.74
142.02
289.42
575.71
380.15
310.26
201.22
289.45
295.12
395.26
670.23
650.10
598.23
510.23
121.27
46.77
35.22
64.62
31.17
25.62
92.67
350.10
390.15
178.53
63.74
142.02
289.42
575.71
380.15
310.26
201.22
289.45
295.12
395.26
670.23
650.10
598.23
510.23
121.27
46.77
35.22
64.62
31.17
25.62
92.67
350.10
390.15
178.53
63.74
142.02
289.42
575.71
380.15
310.26
201.22
289.45
295.12
395.26
670.23
650.10
598.23
510.23
121.27
46.77
35.22
64.62
31.17
25.62
92.67
350.10
390.15
178.53
63.74
142.02
289.42
575.71
380.15
310.26
201.22
289.45
295.12
395.26
670.23
650.10
598.23
510.23
121.27
46.77
35.22
64.62
31.17
25.62
92.67
350.10
390.15
178.53
63.74
142.02
289.42
575.71
380.15
310.26
201.22
289.45
295.12
395.26
670.23
650.10
598.23
510.23
121.27
46.77
35.22
64.62
31.17
25.62
92.67
350.10
390.15
178.53
63.74
142.02
289.42
575.71
380.15
310.26
201.22
289.45
295.12
395.26
670.23
650.10
598.23
510.23
121.27
46.77
35.22
64.62
31.17
25.62
92.67
350.10
390.15
178.53
63.74
142.02
289.42
575.71
380.15
310.26
201.22
289.45
295.12
395.26
670.23
650.10
598.23
510.23
121.27
46.77
35.22
64.62
31.17
25.62
92.67
350.10
390.15
178.53
63.74
142.02
289.42
575.71
380.15
310.26
201.22
289.45
295.12
395.26
670.23
650.10
598.23
510.23
121.27
46.77
35.22
64.62
31.17
25.62
92.67
350.10
390.15
178.53
63.74
142.02
289.42
575.71
380.15
310.26
201.22
289.45
295.12
395.26
670.23
650.10
598.23
510.23
121.27
46.77
35.22
64.62
31.17
25.62
92.67
350.10
390.15
178.53
63.74
142.02
289.42
575.71
380.15
310.26
201.22
289.45
295.12
395.26
670.23
650.10
598.23
510.23
121.27
46.77
35.22
64.62
31.17
25.62
92.67
350.10
390.15
178.53
63.74
142.02
289.42
575.71
380.15
310.26
201.22
289.45
295.12
395.26
670.23
650.10
598.23
510.23
121.27
46.77
35.22
64.62
31.17
25.62
92.67
350.10
390.15
178.53
63.74
142.02
289.42
575.71
380.15
310.26
201.22
289.45
295.12
395.26
670.23
650.10
598.23
510.23
121.27
46.77
35.22
64.62
31.17
25.62
92.67
350.10
390.15
178.53
63.74
142.02
289.42
575.71
380.15
310.26
201.22
289.45
295.12
395.26
670.23
650.10
598.23
510.23
121.27
46.77
35.22
64.62
31.17
25.62
92.67
350.10
390.15
178.53
63.74
142.02
289.42
575.71
380.15
310.26
201.22
289.45
295.12
395.26
670.23
650.10
598.23
510.23
121.27
46.77
35.22
64.62
31.17
25.62
92.67
350.10
390.15
178.53
63.74
142.02
289.42
575.71
380.15
310.26
201.22
289.45
295.12
395.26
670.23
650.10
598.23
510.23
121.27
46.77
35.22
64.62
31.17
25.62
92.67
350.10
390.15
178.53
63.74
142.02
289.42
575.71
380.15
310.26
201.22
289.45
295.12
395.26
670.23
650.10
598.23
510.23
121.27
46.77
35.22
64.62
31.17
25.62
92.67
350.10
390.15
178.53
63.74
142.02
289.42
575.71
380.15
310.26
201.22
289.45
295.12
395.26
670.23
650.10
598.23
510.23
121.27
46.77
35.22
64.62
31.17
25.62
92.67
350.10
390.15
178.53
63.74
142.02
289.42
575.71
380.15
310.26
201.22
289.45
295.12
395.26
670.23
650.10
598.23
510.23
121.27
46.77
35.22
64.62
31.17
25.62
92.67
350.10
390.15
178.53
63.74
142.02
289.42
575.71
380.15
310.26
201.22
289.45
295.12
395.26
670.23
650.10
598.23
510.23
121.27
46.77
35.22
64.62
31.17
25.62
92.67
350.10
390.15
178.53
63.74
142.02
289.42
575.71
380.15
310.26
201.22
289.45
295.12
395.26
670.23
650.10
598.23
510.23
121.27
46.77
35.22
64.62
31.17
25.62
92.67
350.10
390.15
178.53
63.74
142.02
289.42
575.71
380.15
310.26
201.22
289.45
295.12
395.26
670.23
650.10
598.23
510.23
121.27
46.77
35.22
64.62
31.17
25.62
92.67
350.10
390.15
178.53
63.74
142.02
289.42
575.71
380.15
310.26
201.22
289.45
295.12
395.26
670.23
650.10
598.23
510.23
121.27
46.77
35.22
64.62
31.17
25.62
92.67
350.10
390.15
178.53
63.74
142.02
289.42
575.71
380.15
310.26
201.22
289.45
295.12
395.26
670.23
650.10
598.23
510.23
121.27
46.77
35.22
64.62
31.17
25.62
92.67
350.10
390.15
178.53
63.74
142.02
289.42
575.71
380.15
310.26
201.22
289.45
295.12
395.26
670.23
650.10
598.23
510.23
121.27
46.77
35.22
64.62
31.17
25.62
92.67
350.10
390.15
178.53
63.74
142.02
289.42
575.71
380.15
310.26
201.22
289.45
295.12
395.26
670.23
650.10
598.23
510.23
121.27
46.77
35.22
64.62
31.17
25.62
92.67
350.10
390.15
178.53
63.74
142.02
289.42
575.71
380.15
310.26
201.22
289.45
295.12
395.26
670.23
650.10
598.23
510.23
121.27
46.77
35.22
64.62
31.17
25.62
92.67
350.10
390.15
178.53
63.74
142.02
289.42
575.71
380.15
310.26
201.22
289.45
295.12
395.26
670.23
650.10
598.23
510.23
121.27
46.77
35.22
64.62
31.17
25.62
92.67
350.10
390.15
178.53
63.74
142.02
289.42
575.71
380.15
310.26
201.22
289.45
295.12
395.26
670.23
650.10
598.23
510.23
121.27
46.77
