0
0
0
0
0
0
0
0
0,012236
0,021537
0,062356
0,117315
0,15201
0,14235
0,094975
0,029692
0
0
0
0
0
0
0
0
0
0
0
0
0
0
0
0
0,012379
0,049712
0,153218
0,260421
0,295642
0,218226
0,131083
0,029951
0
0
0
0
0
0
0
0
0
0
0
0
0
0
0
0
0,011911
0,021877
0,057506
0,112734
0,158739
0,146093
0,094266
0,026211
0
0
0
0
0
0
0
0
0
0
0
0
0
0
0
0
0,011848
0,021028
0,040693
0,043728
0,043387
0,034943
0,023167
0,011208
0
0
0
0
0
0
0
0
0
0
0
0
0
0
0
0
0,011704
0,024599
0,04877
0,074598
0,076118
0,063731
0,041281
0,015265
0
0
0
0
0
0
0
0
0
0
0
0
0
0
0
0
0,011986
0,017695
0,029205
0,038974
0,039232
0,036289
0,025664
0,011771
0
0
0
0
0
0
0
0
0
0
0
0
0
0
0
0
0,011489
0,021257
0,037608
0,048873
0,052883
0,039079
0,024184
0,011453
0
0
0
0
0
0
0
0
0
0
0
0
0
0
0
0
0
0
0,018094
0,030127
0,035656
0,031927
0,02266
0,011538
0
0
0
0
0
0
0
0
0
0
0
0
0
0
0
0
0
0
0,015459
0,025229
0,030986
0,035525
0,030017
0,018167
0
0
0
0
0
0
0
0
0
0
0
0
0
0
0
0
0
0,025651
0,099504
0,139109
0,102141
0,055844
0,030282
0,013111
0
0
0
0
0
0
0
0
0
0
0
0
0
0
0
0
0
0,010934
0,039628
0,081628
0,134159
0,153904
0,121018
0,050637
0,008569
0
0
0
0
0
0
0
0
0
0
0
0
0
0
0
0
0,007941
0,025966
0,057808
0,076239
0,076302
0,047911
0,022483
0
0
0
0
0
0
0
0
0
0
0
0
0
0
0
0
0,011182
0,02818
0,073369
0,121779
0,155375
0,155359
0,109859
0,040833
0
0
0
0
0
0
0
0
0
0
0
0
0
0
0
0
0,011944
0,015436
0,022307
0,033211
0,038461
0,033882
0,022425
0,010081
0
0
0
0
0
0
0
0
0
0
0
0
0
0
0
0
0,012753
0,015879
0,023317
0,033379
0,042508
0,042314
0,030141
0,011767
0
0
0
0
0
0
0
0
0
0
0
0
0
0
0
0
0,012461
0,017284
0,029631
0,042905
0,052922
0,052782
0,035628
0,014869
0
0
0
0
0
0
0
0
0
0
0
0
0
0
0
0
0,011453
0,02017
0,03923
0,065335
0,076257
0,078652
0,059695
0,025823
0
0
0
0
0
0
0
0
0
0
0
0
0
0
0
0
0,011109
0,017731
0,028132
0,037682
0,041243
0,035475
0,022748
0,012855
0
0
0
0
0
0
0
0
0
0
0
0
0
0
0
0
0,009579
0,022235
0,043439
0,073074
0,094423
0,097354
0,082841
0,038767
0
0
0
0
0
0
0
0
0
0
0
0
0
0
0
0
0,010171
0,040167
0,092551
0,138547
0,171986
0,177789
0,129056
0,051664
0
0
0
0
0
0
0
0
0
0
0
0
0
0
0
0
0,009843
0,046432
0,108356
0,164383
0,183646
0,17467
0,116655
0,048712
0,008277
0
0
0
0
0
0
0
0
0
0
0
0
0
0
0
0,007285
0,018473
0,039966
0,064277
0,076241
0,066178
0,047625
0,021448
0
0
0
0
0
0
0
0
0
0
0
0
0
0
0
0
0,007466
0,022771
0,047709
0,066859
0,089888
0,108207
0,089216
0,042083
0,008451
0
0
0
0
0
0
0
0
0
0
0
0
0
0
0
0,008116
0,043125
0,11051
0,177238
0,196906
0,191467
0,155526
0,080834
0,012635
0
0
0
0
0
0
0
0
0
0
0
0
0
0
0
0,008788
0,031046
0,063736
0,107111
0,119643
0,087012
0,05553
0,026436
0
0
0
0
0
0
0
0
0
0
0
0
0
0
0
0
0,007543
0,022697
0,044546
0,059958
0,072259
0,057946
0,0416
0,018977
0
0
0
0
0
0
0
0
0
0
0
0
0
0
0
0
0,006961
0,01712
0,031987
0,04164
0,044757
0,039187
0,026622
0,011497
0
0
0
0
0
0
0
0
0
0
0
0
0
0
0
0
0,007722
0,041172
0,104903
0,155734
0,16673
0,148866
0,094451
0,043411
0,008968
0
0
0
0
0
0
0
0
0
0
0
0
0
0
0
0,006825
0,024102
0,061771
0,1003
0,121472
0,121718
0,092861
0,045906
0,011916
0
0
0
0
0
0
0
0
0
0
0
0
0
0
0
0,006507
0,01935
0,05066
0,101344
0,126705
0,123865
0,080883
0,034831
0,012375
0
0
0
0
0
0
0
0
0
0
0
0
0
0
0
0,01015
0,066554
0,162897
0,214934
0,177556
0,126445
0,063566
0,026714
0,007821
0
0
0
0
0
0
0
0
0
0
0
0
0
0
0
0,010483
0,03916
0,079757
0,112432
0,11266
0,107728
0,085282
0,048865
0,008138
0
0
0
0
0
0
0
0
0
0
0
0
0
0
0
0,013301
0,094183
0,221376
0,323292
0,373367
0,389329
0,332501
0,201745
0,054376
0
0
0
0
0
0
0
0
0
0
0
0
0
0
0
0,015766
0,050122
0,066565
0,111027
0,124672
0,089527
0,055605
0,024911
0
0
0
0
0
0
0
0
0
0
0
0
0
0
0
0
0,007134
0,018704
0,043195
0,137479
0,210665
0,213275
0,194451
0,109886
0,028861
0
0
0
0
0
0
0
0
0
0
0
0
0
0
0
0,011106
0,05594
0,128826
0,195665
0,22019
0,197763
0,164102
0,103056
0,025991
0
0
0
0
0
0
0
0
0
0
0
0
0
0
0
0,009574
0,047666
0,120382
0,177988
0,183692
0,154531
0,12048
0,062319
0,016286
0
0
0
0
0
0
0
0
0
0
0
0
0
0
0
0,006888
0,01911
0,035893
0,050932
0,059486
0,058463
0,051116
0,028255
0,008602
0
0
0
0
0
0
0
0
0
0
0
0
0
0
0
0,00688
0,018612
0,036258
0,060994
0,078467
0,07006
0,059055
0,042583
0,012349
0
0
0
0
0
0
0
0
0
0
0
0
0
0
0
0,008316
0,029255
0,058574
0,084364
0,106996
0,110953
0,097415
0,058528
0,02077
0
0
0
0
0
0
0
0
0
0
0
0
0
0
0
0,010265
0,035934
0,07743
0,126091
0,170827
0,170633
0,143815
0,088269
0,027683
0
0
0
0
0
0
0
0
0
0
0
0
0
0
0,008266
0,027639
0,103032
0,227435
0,267639
0,230639
0,160373
0,10608
0,066902
0,014153
0
0
0
0
0
0
0
0
0
0
0
0
0
0
0,008198
0,015472
0,039284
0,073434
0,109195
0,12676
0,11929
0,082763
0,042896
0,014893
0
0
0
0
0
0
0
0
0
0
0
0
0
0
0,007952
0,016527
0,041968
0,072853
0,110882
0,124238
0,1138
0,091547
0,057944
0,019357
0
0
0
0
0
0
0
0
0
0
0
0
0
0
0,00858
0,041516
0,134299
0,235203
0,299806
0,296215
0,243732
0,190684
0,111999
0,032445
0
0
0
0
0
0
0
0
0
0
0
0
0
0
0,00787
0,01989
0,042734
0,070167
0,099606
0,123008
0,110768
0,085085
0,046842
0,01487
0
0
0
0
0
0
0
0
0
0
0
0
0
0
0
0,008556
0,02432
0,044424
0,058747
0,066718
0,065173
0,056917
0,037718
0,014718
0
0
0
0
0
0
0
0
0
0
0
0
0
0
0
0,012548
0,03423
0,059405
0,086011
0,107162
0,097069
0,073225
0,045304
0,017554
0
0
0
0
0
0
0
0
0
0
0
0
0
0
0
0,016472
0,050637
0,088796
0,120113
0,116404
0,097614
0,075574
0,046388
0,017092
0
0
0
0
0
0
0
0
0
0
0
0
0
0
0
0,019013
0,059399
0,099861
0,145894
0,168607
0,15156
0,127917
0,102669
0,04086
0
0
0
0
0
0
0
0
0
0
0
0
0
0
0
0,023626
0,077573
0,163798
0,195561
0,173378
0,151344
0,115905
0,066328
0,025615
0
0
0
0
0
0
0
0
0
0
0
0
0
0
0
0,022738
0,069948
0,094108
0,150728
0,195298
0,207768
0,178517
0,109053
0,048063
0,005306
0
0
0
0
0
0
0
0
0
0
0
0
0,006395
0,009714
0,04389
0,10762
0,158613
0,2034
0,208464
0,177102
0,148225
0,101987
0,050848
0,009672
0
0
0
0
0
0
0
0
0
0
0
0
0,006519
0,008291
0,026477
0,061819
0,099935
0,124129
0,134089
0,116741
0,10108
0,06735
0,028019
0,006466
0
0
0
0
0
0
0
0
0
0
0
0
0,006491
0,00781
0,014012
0,028012
0,044487
0,059327
0,081551
0,069087
0,059477
0,041165
0,019311
0
0
0
0
0
0
0
0
0
0
0
0
0
0,006328
0,008043
0,024284
0,062783
0,106695
0,154297
0,19835
0,210648
0,221768
0,173989
0,088404
0,018197
0
0
0
0
0
0
0
0
0
0
0
0
0,005572
0,009454
0,038571
0,105181
0,186904
0,253144
0,293588
0,306602
0,27584
0,221383
0,136568
0,036666
0
0
0
0
0
0
0
0
0
0
0
0
0
0,004523
0,047429
0,1397
0,238546
0,295449
0,338182
0,340233
0,306671
0,239774
0,127415
0,030446
0
0
0
0
0
0
0
0
0
0
0
0
0
0,006661
0,057316
0,136497
0,205309
0,260264
0,31204
0,330228
0,273629
0,147336
0,051863
0,010025
0
0
0
0
0
0
0
0
0
0
0
0
0
0,0181
0,143834
0,337549
0,506493
0,611322
0,655283
0,644651
0,573275
0,436072
0,254355
0,065721
0,003889
0
0
0
0
0
0
0
0
0
0
0
0
0,014306
0,090745
0,159659
0,16178
0,165941
0,174572
0,163678
0,134101
0,108058
0,052017
0,014068
0
0
0
0
0
0
0
0
0
0
0
0
0
0,02023
0,146551
0,343541
0,513742
0,618713
0,657263
0,636016
0,554691
0,424527
0,235961
0,06397
0,004195
0
0
0
0
0
0
0
0
0
0
0
0
0,015829
0,13519
0,327916
0,487241
0,577074
0,593918
0,559827
0,505644
0,38351
0,220871
0,066584
0,005211
0
0
0
0
0
0
0
0
0
0
0
0
0,023612
0,136482
0,307721
0,453965
0,56766
0,612649
0,605136
0,526255
0,37646
0,207478
0,066234
0,006994
0
0
0
0
0
0
0
0
0
0
0
0
0,022059
0,113148
0,222661
0,318416
0,372428
0,369243
0,317857
0,291565
0,207779
0,108313
0,030485
0
0
0
0
0
0
0
0
0
0
0
0
0
0,01209
0,06683
0,161698
0,297375
0,396952
0,502548
0,530567
0,476211
0,311667
0,142373
0,035881
0
0
0
0
0
0
0
0
0
0
0
0
0
0,010504
0,0589
0,144522
0,265629
0,360167
0,422773
0,440501
0,386237
0,275623
0,150911
0,044095
0,003869
0
0
0
0
0
0
0
0
0
0
0
0
0,022203
0,111502
0,250351
0,412906
0,54648
0,625506
0,592813
0,492373
0,295057
0,144861
0,042163
0
0
0
0
0
0
0
0
0
0
0
0
0
0,015416
0,076412
0,152854
0,204407
0,261022
0,328273
0,318604
0,266109
0,219398
0,139374
0,054083
0,005828
0
0
0
0
0
0
0
0
0
0
0
0
0,028914
0,126255
0,290659
0,441019
0,526107
0,598352
0,548352
0,471067
0,358934
0,221458
0,082192
0,008159
0
0
0
0
0
0
0
0
0
0
0
0
0,055526
0,215336
0,406251
0,553631
0,635063
0,635612
0,601973
0,523825
0,410254
0,241979
0,078942
0,007656
0
0
0
0
0
0
0
0
0
0
0
0
0,008499
0,030895
0,063051
0,094411
0,126135
0,147704
0,144212
0,116957
0,094021
0,064242
0,020874
0
0
0
0
0
0
0
0
0
0
0
0
0
0,02141
0,091073
0,199323
0,290638
0,346507
0,387399
0,36692
0,312297
0,260472
0,18143
0,079811
0,009253
0
0
0
0
0
0
0
0
0
0
0
0
0,049249
0,166176
0,313051
0,442961
0,547849
0,649988
0,667556
0,599129
0,461636
0,280091
0,0949
0,010896
0
0
0
0
0
0
0
0
0
0
0
0
0,052412
0,162143
0,3047
0,390174
0,394809
0,348088
0,283799
0,218417
0,129245
0,066847
0,023778
0
0
0
0
0
0
0
0
0
0
0
0
0
0,047997
0,149142
0,249801
0,374953
0,476349
0,550157
0,576977
0,527825
0,375402
0,220463
0,0801
0,010255
0
0
0
0
0
0
0
0
0
0
0
0
0,03523
0,091453
0,146095
0,154961
0,16112
0,161564
0,154169
0,150865
0,125687
0,081443
0,036279
0,005615
0
0
0
0
0
0
0
0
0
0
0
0
0,018584
0,057643
0,106498
0,154981
0,214025
0,246967
0,228634
0,191125
0,145344
0,084503
0,031176
0,004278
0
0
0
0
0
0
0
0
0
0
0
0
0,004957
0,016664
0,031335
0,046389
0,063787
0,070396
0,069004
0,065018
0,05161
0,029809
0,011535
0
0
0
0
0
0
0
0
0
0
0
0
0
0,008324
0,031281
0,061916
0,091432
0,124351
0,144292
0,164784
0,161944
0,143636
0,102276
0,042543
0,005263
0
0
0
0
0
0
0
0
0
0
0
0
0,034644
0,107346
0,217094
0,313426
0,380655
0,40074
0,407232
0,397275
0,315583
0,210904
0,103061
0,019774
0
0
0
0
0
0
0
0
0
0
0
0,007551
0,079323
0,229054
0,40347
0,54233
0,630848
0,666965
0,639121
0,538253
0,431014
0,306482
0,143511
0,025736
0
0
0
0
0
0
0
0
0
0
0
0,012415
0,106895
0,285202
0,4765
0,619366
0,703041
0,677657
0,628759
0,536473
0,425012
0,287436
0,134956
0,025274
0
0
0
0
0
0
0
0
0
0
0
0,011338
0,09564
0,25194
0,415482
0,528464
0,593657
0,582591
0,490194
0,48735
0,41273
0,299635
0,146048
0,028636
0
0
0
0
0
0
0
0
0
0
0
0,016747
0,123968
0,312053
0,504213
0,646772
0,725992
0,743699
0,724735
0,655544
0,539867
0,363223
0,16872
0,031852
0
0
0
0
0
0
0
0
0
0
0
0,011103
0,074495
0,173392
0,294026
0,395885
0,467389
0,510194
0,526717
0,527824
0,452609
0,301963
0,152478
0,034187
0
0
0
0
0
0
0
0
0
0
0
0,014747
0,090876
0,229078
0,372078
0,512107
0,600134
0,641778
0,616668
0,546275
0,409991
0,267254
0,126282
0,027806
0
0
0
0
0
0
0
0
0
0
0
0,005862
0,039079
0,082416
0,128029
0,16187
0,177335
0,181564
0,172389
0,159381
0,123952
0,086982
0,045584
0,009427
0
0
0
0
0
0
0
0
0
0
0
0,006365
0,042058
0,117469
0,205199
0,322502
0,354423
0,280296
0,246759
0,234689
0,164069
0,108057
0,059262
0,01537
0
0
0
0
0
0
0
0
0
0
0
0,004467
0,045748
0,17038
0,355255
0,539036
0,665319
0,719103
0,730995
0,690523
0,613436
0,482833
0,315645
0,134417
0,024392
0
0
0
0
0
0
0
0
0
0
0,006768
0,055918
0,200011
0,390952
0,561127
0,681049
0,743588
0,760967
0,729751
0,644672
0,514687
0,332694
0,14318
0,026219
0
0
0
0
0
0
0
0
0
0
0,006745
0,058481
0,204246
0,446866
0,560158
0,674563
0,735901
0,748869
0,691608
0,520104
0,425376
0,264982
0,116443
0,027124
0
0
0
0
0
0
0
0
0
0
0,007182
0,057794
0,203218
0,396938
0,565703
0,683825
0,749646
0,762585
0,682496
0,593918
0,476023
0,33238
0,150747
0,028329
0
0
0
0
0
0
0
0
0
0
0,008946
0,065584
0,2131
0,402713
0,56828
0,689011
0,741598
0,749395
0,692679
0,580507
0,453184
0,288498
0,122336
0,028142
0
0
0
0
0
0
0
0
0
0
0,007175
0,05546
0,166021
0,336379
0,470171
0,556269
0,591853
0,616673
0,590839
0,507574
0,375102
0,248759
0,13036
0,031873
0
0
0
0
0
0
0
0
0
0
0,008117
0,063089
0,191683
0,320882
0,423537
0,577269
0,554287
0,482596
0,405432
0,377566
0,364997
0,232807
0,109296
0,024735
0
0
0
0
0
0
0
0
0
0
0,007677
0,053033
0,159526
0,279071
0,357882
0,418552
0,461633
0,437726
0,41179
0,313608
0,211043
0,128007
0,065752
0,018531
0
0
0
0
0
0
0
0
0
0
0,008958
0,063169
0,20107
0,3885
0,549291
0,657165
0,715312
0,724636
0,663511
0,604343
0,490113
0,32821
0,152982
0,035176
0
0
0
0
0
0
0
0
0
0
0,011235
0,068753
0,192469
0,358837
0,533375
0,657193
0,739297
0,755431
0,734902
0,660491
0,521936
0,357052
0,165158
0,04261
0
0
0
0
0
0
0
0
0
0
0,008512
0,047079
0,107879
0,1826
0,270224
0,365512
0,414139
0,343307
0,32052
0,271616
0,224648
0,117277
0,048303
0,009807
0
0
0
0
0
0
0
0
0
0
0
0,010114
0,029266
0,058483
0,09809
0,116571
0,115448
0,10958
0,092321
0,077997
0,058449
0,039291
0,02111
0,005109
0
0
0
0
0
0
0
0
0
0
0
0,009578
0,030841
0,051241
0,072585
0,084628
0,08161
0,092031
0,110716
0,112487
0,097052
0,066596
0,03991
0,009215
0
0
0
0
0
0
0
0
0
0
0
0,0184
0,049514
0,078247
0,122549
0,188009
0,219843
0,241247
0,260977
0,327997
0,249223
0,156562
0,084965
0,023131
0
0
0
0
0
0
0
0
0
0
0,008432
0,045617
0,116808
0,216902
0,321321
0,398467
0,48993
0,458456
0,365549
0,27697
0,176143
0,074859
0,034221
0,009627
0
0
0
0
0
0
0
0
0
0
0,008945
0,052741
0,158977
0,248185
0,349582
0,434442
0,473242
0,516795
0,432551
0,285114
0,224106
0,164709
0,087632
0,025589
0
0
0
0
0
0
0
0
0
0
0,012045
0,056798
0,163293
0,279009
0,360666
0,566928
0,652537
0,634874
0,558944
0,439869
0,280229
0,185597
0,050088
0,014404
0
0
0
0
0
0
0
0
0
0
0,018583
0,090257
0,214079
0,408916
0,567486
0,692753
0,744756
0,758281
0,72248
0,618113
0,450816
0,25311
0,096801
0,020603
0
0
0
0
0
0
0
0
0
0
0,005248
0,032422
0,112297
0,281854
0,411313
0,446918
0,665053
0,621333
0,508856
0,419116
0,292248
0,185799
0,085166
0,032204
0
0
0
0
0
0
0
0
0
0
0,0116
0,055423
0,128483
0,177999
0,206487
0,289716
0,345271
0,375649
0,406094
0,463392
0,410266
0,305367
0,1778
0,054974
0,004991
0
0
0
0
0
0
0
0
0,003234
0,026302
0,108856
0,269874
0,456952
0,613744
0,712319
0,665295
0,604942
0,598286
0,540645
0,493288
0,312801
0,200777
0,059563
0,005449
0
0
0
0
0
0
0
0
0,003535
0,028247
0,113654
0,272664
0,459506
0,618317
0,720037
0,758532
0,709308
0,646537
0,617545
0,518225
0,36212
0,179549
0,058177
0,007021
0
0
0
0
0
0
0
0
0
0,006672
0,036356
0,080427
0,143675
0,235832
0,31497
0,397308
0,463806
0,477917
0,459034
0,467626
0,325671
0,185824
0,062526
0,006192
0
0
0
0
0
0
0
0
0
0,010369
0,044232
0,101123
0,182511
0,318286
0,48441
0,586432
0,599391
0,502495
0,46145
0,401122
0,27688
0,179792
0,057604
0,00674
0
0
0
0
0
0
0
0
0,003959
0,03209
0,114404
0,257888
0,417938
0,556681
0,610893
0,612715
0,568058
0,512702
0,36822
0,263563
0,140135
0,079391
0,019395
0
0
0
0
0
0
0
0
0
0,003366
0,031123
0,104572
0,225947
0,366727
0,520727
0,619915
0,69717
0,678623
0,634735
0,554739
0,386873
0,214113
0,077198
0,018991
0
0
0
0
0
0
0
0
0
0
0,005056
0,027923
0,073339
0,125457
0,208387
0,255381
0,280205
0,363782
0,383723
0,295689
0,181197
0,117112
0,079021
0,032429
0,006138
0
0
0
0
0
0
0
0
0,00339
0,029202
0,106306
0,230748
0,362474
0,474696
0,538403
0,577074
0,605712
0,57256
0,51
0,470737
0,347519
0,181383
0,061962
0,012008
0
0
0
0
0
0
0
0
0,003852
0,030122
0,103442
0,232576
0,352694
0,441216
0,544312
0,698108
0,7558
0,745317
0,681008
0,577586
0,406789
0,223722
0,073619
0,010448
0
0
0
0
0
0
0
0
0,003071
0,025894
0,075671
0,178434
0,274465
0,348056
0,329602
0,282096
0,314477
0,324697
0,283714
0,272884
0,233158
0,129377
0,050493
0,007763
0
0
0
0
0
0
0
0
0,004209
0,034684
0,111294
0,22398
0,347378
0,418504
0,411559
0,438158
0,515215
0,504071
0,515347
0,516904
0,380286
0,230359
0,080015
0,014357
0
0
0
0
0
0
0
0
0,006114
0,043751
0,136942
0,29462
0,468361
0,607702
0,724287
0,782632
0,795838
0,770007
0,695771
0,57814
0,413808
0,237607
0,085383
0,014411
0
0
0
0
0
0
0
0
0,005985
0,042095
0,12679
0,278419
0,460271
0,610954
0,714572
0,72674
0,717864
0,724416
0,664387
0,543121
0,411027
0,227033
0,083034
0,01515
0
0
0
0
0
0
0
0
0,007166
0,044424
0,137744
0,304496
0,486953
0,635679
0,733557
0,785537
0,795466
0,770914
0,694578
0,575279
0,418992
0,234666
0,080062
0,012294
0
0
0
0
0
0
0
0
0,007366
0,043066
0,121079
0,254685
0,401645
0,535172
0,652009
0,69801
0,685601
0,649742
0,591885
0,451621
0,310083
0,185025
0,068918
0,011406
0
0
0
0
0
0
0
0
0,005381
0,036789
0,106126
0,232401
0,381174
0,521138
0,624318
0,662074
0,687494
0,565203
0,547546
0,511204
0,372042
0,20821
0,081456
0,017632
0
0
0
0
0
0
0
0
0,007975
0,046356
0,138222
0,290655
0,455189
0,579958
0,668083
0,665034
0,679453
0,678375
0,604653
0,479971
0,35461
0,215042
0,095756
0,0184
0
0
0
0
0
0
0
0
0,008441
0,048864
0,135561
0,281573
0,447462
0,5877
0,681344
0,733829
0,740841
0,693673
0,587604
0,455551
0,337967
0,200857
0,078633
0,019292
0
0
0
0
0
0
0
0
0
0,010028
0,025767
0,048038
0,087888
0,11603
0,145394
0,192988
0,237473
0,253264
0,232881
0,245958
0,199943
0,132182
0,054948
0,01607
0
0
0
0
0
0
0
0
0,005806
0,031329
0,057528
0,088242
0,186289
0,34879
0,49026
0,508296
0,526473
0,524193
0,461189
0,372464
0,327997
0,195722
0,079308
0,024431
0
0
0
0
0
0
0
0
0,007965
0,049565
0,132506
0,205834
0,263082
0,310277
0,344149
0,376365
0,438813
0,474909
0,321917
0,273315
0,149128
0,100652
0,057845
0,01855
0
0
0
0
0
0
0
0
0,00609
0,033955
0,094994
0,180655
0,288343
0,411086
0,466659
0,465241
0,320116
0,266303
0,248486
0,183989
0,174579
0,10999
0,038478
0,00737
0
0
0
0
0
0
0
0
0,009431
0,040249
0,099101
0,1684
0,284516
0,385078
0,431943
0,382944
0,324921
0,368577
0,446739
0,375631
0,24627
0,140089
0,076869
0,021094
0
0
0
0
0
0
0
0
0,010153
0,044339
0,109932
0,200726
0,290793
0,342496
0,357486
0,28716
0,233957
0,17965
0,181774
0,179685
0,164032
0,117281
0,063188
0,026464
0
0
0
0
0
0
0
0
0,00854
0,036183
0,092045
0,158518
0,266226
0,404979
0,491136
0,56318
0,606059
0,541363
0,528972
0,471647
0,371505
0,224356
0,087964
0,020451
0
0
0
0
0
0
0
0
0,003323
0,02406
0,091885
0,225623
0,371468
0,490557
0,588473
0,644525
0,661604
0,667042
0,60381
0,483501
0,320523
0,159717
0,053876
0,008818
0
0
0
0
0
0
0
0
0,012216
0,051036
0,111669
0,218319
0,331428
0,462266
0,584485
0,628819
0,636003
0,657701
0,620646
0,521049
0,365049
0,202959
0,075887
0,023836
0
0
0
0
0
0
0
0
0,006132
0,02838
0,076586
0,162074
0,256703
0,343857
0,491807
0,552431
0,55406
0,590543
0,464465
0,368936
0,304016
0,187778
0,086495
0,0292
0
0
0
0
0
0
0
0
0,015171
0,054617
0,141083
0,269407
0,405709
0,499763
0,594198
0,670363
0,673436
0,65723
0,584859
0,484706
0,343841
0,207269
0,093173
0,025584
0
0
0
0
0
0
0
0
0,01237
0,044771
0,107741
0,154061
0,163618
0,150478
0,167644
0,212698
0,23246
0,195733
0,179023
0,165021
0,119057
0,057936
0,024317
0,008485
0
0
0
0
0
0
0
0
0,004488
0,032173
0,084232
0,192431
0,293253
0,359741
0,358323
0,397472
0,36356
0,403167
0,375155
0,298824
0,237968
0,161796
0,058927
0,01784
0
0
0
0
0
0
0
0
0,004793
0,026668
0,063272
0,118298
0,160571
0,213312
0,206257
0,221459
0,21721
0,191234
0,168571
0,120719
0,099929
0,061135
0,026331
0,008652
0
0
0
0
0
0
0
0
0
0,008009
0,022347
0,044205
0,079059
0,09183
0,103144
0,116386
0,114672
0,120713
0,117589
0,120501
0,085336
0,061754
0,036489
0,016003
0
0
0
0
0
0
0
0
0,017292
0,062527
0,158996
0,299804
0,437021
0,549436
0,629967
0,682506
0,689316
0,672459
0,615524
0,503045
0,385954
0,242935
0,108963
0,030583
0,003683
0
0
0
0
0
0
0
0,018362
0,06758
0,168686
0,308092
0,485657
0,597579
0,666131
0,683224
0,634258
0,665121
0,593034
0,545979
0,410855
0,23072
0,103215
0,038376
0,004039
0
0
0
0
0
0
0
0,006769
0,031123
0,061819
0,104675
0,175278
0,276592
0,328019
0,362012
0,445165
0,440881
0,401486
0,367225
0,21911
0,156518
0,090398
0,036337
0,003586
0
0
0
0
0
0
0
0,017734
0,063851
0,13201
0,191043
0,282307
0,358783
0,377563
0,392148
0,396655
0,397748
0,30911
0,247033
0,163298
0,096598
0,045894
0,017748
0
0
0
0
0
0
0
0
0,013865
0,047374
0,122816
0,204248
0,329377
0,439773
0,555076
0,611818
0,615392
0,574723
0,631245
0,524736
0,393509
0,243003
0,116986
0,035644
0,004069
0
0
0
0
0
0
0
0,011046
0,042136
0,101907
0,172459
0,216525
0,283911
0,263799
0,290442
0,380321
0,424864
0,357345
0,239411
0,183675
0,149514
0,086208
0,022063
0,003189
0
0
0
0
0
0
0
0,013912
0,044765
0,088017
0,140694
0,172827
0,184324
0,201489
0,201668
0,236633
0,380045
0,382236
0,397069
0,338205
0,228518
0,111801
0,036067
0,005094
0
0
0
0
0
0
0
0,019541
0,067075
0,143004
0,217206
0,350904
0,554155
0,656167
0,672234
0,702922
0,683931
0,630332
0,532846
0,349982
0,225899
0,10902
0,046862
0,00906
0
0
0
0
0
0
0
0,020826
0,063727
0,15202
0,279973
0,403832
0,523047
0,625135
0,697499
0,704147
0,616901
0,514437
0,460199
0,333993
0,197136
0,115053
0,033282
0,004951
0
0
0
0
0
0
0
0,018434
0,05842
0,13752
0,263779
0,417353
0,555826
0,65266
0,690908
0,649728
0,637781
0,593195
0,400913
0,271193
0,207806
0,110728
0,036298
0,006055
0
0
0
0
0
0
0
0,009384
0,04254
0,101793
0,201179
0,320911
0,437448
0,511259
0,591824
0,619598
0,578606
0,491747
0,477105
0,376034
0,256381
0,134635
0,051768
0,010873
0
0
0
0
0
0
0,002693
0,021093
0,073276
0,184315
0,342661
0,515122
0,658062
0,757768
0,807961
0,818142
0,787009
0,713721
0,601788
0,469239
0,298054
0,132809
0,039427
0,006583
0
0
0
0
0
0
0,002706
0,023305
0,073283
0,14776
0,247449
0,451135
0,625054
0,729545
0,800921
0,792224
0,759342
0,689486
0,578838
0,449339
0,286844
0,132112
0,039873
0,008054
0
0
0
0
0
0
0,003347
0,023075
0,067711
0,170894
0,322489
0,479762
0,610055
0,696869
0,747649
0,743613
0,714793
0,66209
0,54888
0,401389
0,241174
0,110198
0,033241
0,006116
0
0
0
0
0
0
0,002882
0,022362
0,06956
0,168722
0,318478
0,48347
0,611544
0,70749
0,753146
0,757882
0,730895
0,658874
0,557142
0,426692
0,282508
0,134575
0,041345
0,008387
0
0
0
0
0
0
0,003319
0,023654
0,069496
0,170281
0,315407
0,477264
0,610186
0,648902
0,686115
0,630943
0,62414
0,569087
0,49409
0,398315
0,253507
0,140461
0,043427
0,008803
0
0
0
0
0
0
0,002964
0,022962
0,068672
0,151764
0,258543
0,380882
0,476586
0,539615
0,579267
0,621973
0,636485
0,604182
0,521256
0,390268
0,256813
0,134415
0,04393
0,007985
0
0
0
0
0
0
0
0,018299
0,049768
0,105821
0,173864
0,24191
0,35772
0,508323
0,609029
0,630092
0,61618
0,638905
0,564683
0,417296
0,275205
0,134984
0,042928
0,008868
0
0
0
0
0
0
0,003274
0,023162
0,067379
0,164429
0,312473
0,468396
0,566938
0,704371
0,752518
0,760231
0,732002
0,674814
0,569959
0,439117
0,273223
0,126296
0,040669
0,009759
0
0
0
0
0
0
0,002633
0,019381
0,054503
0,125394
0,226248
0,341156
0,448819
0,490374
0,503176
0,570315
0,538644
0,391674
0,319824
0,281321
0,220759
0,124905
0,044885
0,009181
0
0
0
0
0
0
0,003179
0,022284
0,067738
0,152869
0,262721
0,397774
0,510386
0,565859
0,566671
0,545401
0,484055
0,450616
0,333565
0,210409
0,119392
0,055852
0,024277
0,003447
0
0
0
0
0
0
0
0,00362
0,015947
0,035764
0,070359
0,08265
0,133438
0,210926
0,297584
0,416922
0,403104
0,311523
0,22312
0,154609
0,092863
0,046701
0,017564
0,002503
0
0
0
0
0
0
0
0,006463
0,019704
0,05186
0,147266
0,219596
0,322799
0,4469
0,531423
0,576597
0,574869
0,546441
0,481704
0,372599
0,257309
0,138155
0,054023
0,014024
0
0
0
0
0
0
0
0,021727
0,075636
0,174674
0,324358
0,485561
0,601281
0,635582
0,632884
0,588412
0,51362
0,34124
0,226751
0,125143
0,122979
0,107296
0,050579
0,00957
0
0
0
0
0
0
0,002986
0,021539
0,063896
0,146661
0,277096
0,365757
0,428869
0,321442
0,334713
0,315946
0,335209
0,314796
0,321717
0,218142
0,197669
0,10833
0,04226
0,009285
0
0
0
0
0
0
0,002541
0,022311
0,072723
0,167502
0,308938
0,471734
0,605503
0,696571
0,75489
0,76617
0,73538
0,629299
0,518123
0,358982
0,208971
0,099633
0,044292
0,009046
0
0
0
0
0
0
0,005285
0,029563
0,082485
0,178458
0,323342
0,466616
0,585103
0,683021
0,749144
0,745822
0,719422
0,660957
0,560881
0,419754
0,268839
0,127644
0,050276
0,010093
0
0
0
0
0
0
0
0,011743
0,043634
0,086175
0,131751
0,249978
0,36595
0,439053
0,375109
0,24002
0,142074
0,082632
0,084009
0,073886
0,064837
0,044336
0,023807
0,008557
0
0
0
0
0
0
0
0,008333
0,046057
0,097637
0,178832
0,289601
0,381467
0,475483
0,54193
0,57488
0,543296
0,502178
0,457304
0,352289
0,22298
0,108867
0,044264
0,009989
0
0
0
0
0
0
0
0,011064
0,039198
0,059038
0,102798
0,141342
0,198327
0,256557
0,226149
0,212866
0,265281
0,229453
0,311255
0,274165
0,193572
0,083371
0,027321
0,003371
0
0
0
0
0
0
0
0,003505
0,018605
0,045419
0,075824
0,09684
0,119242
0,144836
0,153222
0,209834
0,223881
0,223767
0,233306
0,217447
0,135849
0,076736
0,023202
0,003804
0
0
0
0
0
0
0
0,010794
0,036794
0,088084
0,133347
0,181385
0,213113
0,224001
0,268662
0,3373
0,376801
0,385724
0,312667
0,236233
0,150006
0,09084
0,040287
0,010229
0
0
0
0
0
0
0
0,015364
0,048904
0,099009
0,157589
0,245091
0,287034
0,308888
0,35727
0,303991
0,279778
0,292793
0,302372
0,219001
0,164375
0,096518
0,040388
0,010827
0
0
0
0
0
0
0
0,01323
0,049858
0,108181
0,184618
0,231668
0,259206
0,310558
0,329281
0,309511
0,297548
0,275322
0,23034
0,184548
0,13133
0,079832
0,038258
0,01078
0
0
0
0
0
0
0
0,010362
0,037228
0,07534
0,126869
0,166704
0,208004
0,248372
0,267159
0,285042
0,241998
0,205814
0,183512
0,117576
0,069406
0,031258
0,010257
0
0
0
0
0
0
0
0
0,00757
0,028292
0,064017
0,094631
0,125476
0,163382
0,190834
0,218933
0,237133
0,241813
0,231432
0,218925
0,204167
0,153141
0,085305
0,034986
0,008431
0
0
0
0
0
0
0
0,017622
0,050129
0,094874
0,153477
0,217004
0,280314
0,285196
0,298616
0,346581
0,329927
0,275209
0,216853
0,148328
0,077565
0,044708
0,021119
0,003155
0
0
0
0
0
0
0
0,01027
0,034472
0,071053
0,109065
0,141926
0,149714
0,220815
0,292394
0,356272
0,378542
0,390933
0,398224
0,324724
0,215624
0,113016
0,040754
0,012695
0
0
0
0
0
0
0
0,015223
0,051259
0,1062
0,170909
0,242312
0,320977
0,366949
0,3746
0,387098
0,346082
0,328965
0,29032
0,230145
0,151611
0,083253
0,030563
0,006604
0
0
0
0
0
0
0
0,012509
0,039136
0,077809
0,112618
0,149106
0,17494
0,211636
0,193699
0,16954
0,192643
0,183729
0,199404
0,218894
0,183936
0,101163
0,039171
0,009118
0
0
0
0
0
0
0
0,013879
0,048707
0,108475
0,179925
0,27883
0,35238
0,410337
0,465036
0,464215
0,44594
0,473216
0,409169
0,304866
0,216784
0,110436
0,04109
0,00877
0
0
0
0
0
0
0
0,011495
0,041473
0,074358
0,107878
0,13775
0,160096
0,183781
0,197988
0,194726
0,17758
0,183327
0,169604
0,153431
0,152268
0,08174
0,02962
0,005809
0
0
0
0
0
0
0
0,011592
0,043467
0,083074
0,143164
0,206208
0,25588
0,285443
0,287273
0,258485
0,253104
0,236761
0,197846
0,133648
0,095966
0,06173
0,032364
0,009558
0
0
0
0
0
0
0
0,012117
0,048259
0,11507
0,229828
0,353501
0,439239
0,516042
0,620862
0,620997
0,591432
0,556157
0,520182
0,406149
0,276951
0,143556
0,050376
0,010477
0
0
0
0
0
0
0
0,021
0,066308
0,149387
0,283649
0,447848
0,592845
0,68446
0,730841
0,744836
0,733265
0,67452
0,589209
0,434781
0,280322
0,141556
0,06136
0,010691
0
0
0
0
0
0
0
0,019948
0,067062
0,152897
0,284419
0,441524
0,572415
0,662012
0,714175
0,729323
0,714745
0,658488
0,568741
0,437541
0,279282
0,137083
0,048085
0,010853
0
0
0
0
0
0
0
0,019818
0,064509
0,149834
0,280372
0,437822
0,578366
0,680443
0,729013
0,73835
0,728577
0,661495
0,553031
0,416286
0,27353
0,133229
0,050404
0,011273
0
0
0
0
0
0
0
0,018898
0,065859
0,149568
0,271996
0,42129
0,567083
0,658565
0,710509
0,714578
0,704897
0,629496
0,55942
0,430724
0,275391
0,135614
0,045254
0,009803
0
0
0
0
0
0
0
0,019071
0,066709
0,15304
0,288005
0,429907
0,535082
0,620871
0,60693
0,589638
0,548352
0,50552
0,439887
0,351938
0,231585
0,118121
0,041353
0,007982
0
0
0
0
0
0
0
0,0174
0,058738
0,142145
0,268433
0,437354
0,572633
0,674078
0,731699
0,749432
0,730031
0,658062
0,559621
0,436279
0,270185
0,133694
0,050191
0,009829
0
0
0
0
0
0
0
0,018027
0,063794
0,14132
0,262085
0,422923
0,565305
0,646823
0,670018
0,672761
0,662509
0,618856
0,53912
0,409872
0,259644
0,128465
0,043826
0,008
0
0
0
0
0
0
0
0,011459
0,043591
0,096114
0,182469
0,294269
0,415748
0,546281
0,637237
0,663559
0,627571
0,563698
0,441734
0,331702
0,231264
0,121884
0,043478
0,006705
0
0
0
0
0
0
0
0,014096
0,059158
0,126032
0,221147
0,285346
0,343294
0,396504
0,407262
0,451729
0,376441
0,336884
0,27613
0,263251
0,212794
0,11044
0,041227
0,007117
0
0
0
0
0
0
0
0,013694
0,053452
0,120708
0,206291
0,302828
0,385902
0,398631
0,421011
0,399212
0,413324
0,407307
0,310743
0,219498
0,136254
0,069882
0,027604
0,004723
0
0
0
0
0
0
0
0,010802
0,042278
0,109173
0,201142
0,337822
0,485765
0,562917
0,616615
0,638312
0,619007
0,535049
0,447986
0,320646
0,217768
0,121115
0,041937
0,007345
0
0
0
0
0
0
0
0,014197
0,05378
0,120326
0,229198
0,361861
0,480856
0,479597
0,558832
0,573229
0,561758
0,505779
0,431681
0,337631
0,219303
0,105868
0,034013
0,005345
0
0
0
0
0
0
0
0,011435
0,046085
0,112551
0,221401
0,359642
0,450647
0,547202
0,580896
0,604763
0,588076
0,531013
0,444136
0,313352
0,198691
0,100123
0,030789
0,004157
0
0
0
0
0
0
0
0,00661
0,034451
0,081466
0,141734
0,236788
0,343438
0,434845
0,499341
0,505153
0,483503
0,455802
0,37616
0,295464
0,196744
0,103416
0,03563
0,006433
0
0
0
0
0
0
0
0,010964
0,044575
0,114511
0,226224
0,363355
0,482689
0,560652
0,612528
0,629342
0,610541
0,561598
0,484621
0,364731
0,230012
0,107244
0,032743
0,004718
0
0
0
0
0
0
0
0,007918
0,037852
0,096077
0,203445
0,342915
0,473972
0,568627
0,610823
0,62262
0,599642
0,553027
0,475499
0,362459
0,23045
0,109575
0,033817
0,004825
0
0
0
0
0
0
0
0,008082
0,037877
0,090244
0,175671
0,288757
0,414988
0,521784
0,57724
0,594737
0,574566
0,523586
0,443705
0,333616
0,210973
0,103357
0,035017
0,005018
0
0
0
0
0
0
0
0,007444
0,033992
0,084749
0,161598
0,275385
0,392567
0,507267
0,584871
0,621215
0,60011
0,553099
0,462283
0,361952
0,230951
0,109194
0,032255
0,00429
0
0
0
0
0
0
0
0,009389
0,04262
0,112168
0,223444
0,360735
0,478114
0,561126
0,602622
0,597913
0,578906
0,5258
0,433016
0,325773
0,219209
0,097553
0,030458
0,003863
0
0
0
0
0
0
0
0,00566
0,024389
0,05833
0,109939
0,171217
0,225197
0,25384
0,286985
0,312076
0,328509
0,310788
0,327642
0,266955
0,174883
0,086357
0,030538
0,003638
0
0
0
0
0
0
0
0,00718
0,037058
0,09387
0,169051
0,262896
0,374198
0,442221
0,470634
0,487069
0,463866
0,422066
0,340336
0,265851
0,165757
0,085013
0,026189
0
0
0
0
0
0
0
0
0,002976
0,026204
0,070383
0,154275
0,238253
0,281855
0,409898
0,501638
0,511121
0,552226
0,503179
0,391267
0,241716
0,143253
0,069484
0,017592
0
0
0
0
0
0
0
0
0,008057
0,0389
0,075239
0,126645
0,180679
0,286245
0,472333
0,538406
0,529485
0,505475
0,441976
0,347961
0,224082
0,128276
0,06064
0,020605
0,002832
0
0
0
0
0
0
0
0,00799
0,044583
0,126804
0,239167
0,362084
0,489365
0,57984
0,575165
0,556908
0,483859
0,423307
0,360849
0,295195
0,194979
0,083598
0,021888
0
0
0
0
0
0
0
0
0,00352
0,0266
0,078586
0,155915
0,244631
0,390761
0,490923
0,526761
0,534051
0,458827
0,408654
0,330062
0,267555
0,172602
0,087937
0,030718
0,002268
0
0
0
0
0
0
0
0,005227
0,030595
0,094861
0,204114
0,355557
0,398237
0,420331
0,505219
0,540851
0,554006
0,492329
0,43579
0,330134
0,220591
0,09975
0,026873
0
0
0
0
0
0
0
0
0,007687
0,040414
0,10432
0,185631
0,248145
0,273518
0,269409
0,276277
0,219422
0,213801
0,182205
0,153753
0,119602
0,091187
0,059337
0,022199
0
0
0
0
0
0
0
0
0,004628
0,03552
0,106883
0,225841
0,379749
0,519157
0,625964
0,661387
0,68904
0,689203
0,644029
0,543314
0,406202
0,246304
0,103352
0,024292
0
0
0
0
0
0
0
0
0,006221
0,036338
0,097952
0,205253
0,308531
0,385473
0,417186
0,374009
0,318227
0,356526
0,376696
0,389873
0,317438
0,189355
0,088292
0,023551
0
0
0
0
0
0
0
0
0,005299
0,034495
0,109309
0,242522
0,367663
0,466639
0,544762
0,653852
0,635245
0,611318
0,560523
0,483724
0,376702
0,220783
0,088946
0,023576
0,00226
0
0
0
0
0
0
0
0,005984
0,036825
0,090751
0,179399
0,290204
0,402274
0,51182
0,562632
0,563135
0,57014
0,523702
0,464512
0,351052
0,196946
0,078617
0,022209
0
0
0
0
0
0
0
0
0
0,017143
0,063202
0,150178
0,262961
0,423085
0,484249
0,534618
0,55175
0,523238
0,493683
0,410309
0,281601
0,149793
0,058664
0,013403
0
0
0
0
0
0
0
0
0,003638
0,028452
0,096719
0,226313
0,379846
0,502166
0,60378
0,663783
0,685163
0,627134
0,504089
0,32828
0,202894
0,072806
0,039183
0,009381
0
0
0
0
0
0
0
0
0
0,01097
0,017255
0,031455
0,049815
0,067735
0,111753
0,241479
0,289724
0,213982
0,240104
0,290708
0,200903
0,124511
0,053097
0,010796
0
0
0
0
0
0
0
0
0,004299
0,031214
0,101526
0,234799
0,37142
0,51642
0,620449
0,672946
0,667626
0,638669
0,578974
0,482697
0,354872
0,19623
0,07505
0,015729
0
0
0
0
0
0
0
0
0,002835
0,025621
0,069072
0,148156
0,243405
0,326239
0,345232
0,343851
0,302454
0,298116
0,344036
0,230037
0,185494
0,113219
0,062799
0,016907
0
0
0
0
0
0
0
0
0,002334
0,023859
0,083395
0,179876
0,269423
0,339057
0,410252
0,387385
0,437407
0,409074
0,357717
0,313473
0,220364
0,148221
0,062031
0,014254
0
0
0
0
0
0
0
0
0,003208
0,026927
0,088401
0,201436
0,314973
0,41465
0,463143
0,443354
0,539257
0,412237
0,484514
0,37362
0,241661
0,157272
0,053396
0,011945
0
0
0
0
0
0
0
0
0
0,02017
0,084921
0,209344
0,320046
0,395386
0,426342
0,53624
0,424879
0,464427
0,39145
0,308466
0,255837
0,151945
0,057081
0,010982
0
0
0
0
0
0
0
0
0
0,016395
0,066657
0,166469
0,265963
0,392871
0,447797
0,478652
0,479809
0,480187
0,453004
0,35191
0,305221
0,186638
0,072161
0,010956
0
0
0
0
0
0
0
0
0,00262
0,025757
0,096075
0,222735
0,358539
0,42839
0,491367
0,544499
0,529492
0,501723
0,448329
0,342833
0,212201
0,118055
0,054161
0,008059
0
0
0
0
0
0
0
0
0
0,012294
0,047793
0,095187
0,184508
0,293054
0,328543
0,277046
0,275702
0,265445
0,291197
0,187254
0,128353
0,064059
0,02127
0
0
0
0
0
0
0
0
0
0
0,010894
0,039091
0,081812
0,161825
0,240659
0,352821
0,417277
0,471249
0,449557
0,459035
0,384555
0,277259
0,153765
0,049991
0,005709
0
0
0
0
0
0
0
0
0
0,007352
0,038809
0,092785
0,131003
0,177655
0,225221
0,21089
0,21295
0,270587
0,268083
0,240606
0,207957
0,141913
0,071314
0,010838
0
0
0
0
0
0
0
0
0
0,016388
0,084184
0,201893
0,321548
0,431461
0,436796
0,423255
0,409764
0,427768
0,385218
0,324212
0,267578
0,156704
0,069737
0,010839
0
0
0
0
0
0
0
0
0
0,01254
0,069821
0,169719
0,356678
0,451194
0,498122
0,496397
0,477222
0,466938
0,445473
0,397083
0,309604
0,169352
0,059454
0,008388
0
0
0
0
0
0
0
0
0
0,013663
0,073307
0,162813
0,220843
0,281035
0,28823
0,34811
0,41436
0,428241
0,336254
0,260592
0,188745
0,084875
0,028503
0,002611
0
0
0
0
0
0
0
0
0
0,010521
0,061262
0,132148
0,229089
0,378577
0,471762
0,535025
0,45656
0,393018
0,361341
0,256051
0,176032
0,106182
0,039217
0,004279
0
0
0
0
0
0
0
0
0
0,015088
0,073319
0,187469
0,332637
0,479928
0,591111
0,64107
0,652559
0,613942
0,555184
0,455605
0,312838
0,174082
0,051672
0,005414
0
0
0
0
0
0
0
0
0
0,013873
0,078698
0,215491
0,37884
0,486937
0,526213
0,608031
0,622399
0,572868
0,567463
0,480633
0,323731
0,162538
0,049133
0,004885
0
0
0
0
0
0
0
0
0
0,0155
0,078075
0,21222
0,382121
0,52117
0,61221
0,638158
0,631875
0,600235
0,50202
0,407824
0,314889
0,169589
0,04899
0,004158
0
0
0
0
0
0
0
0
0
0,014301
0,080165
0,216208
0,385014
0,507212
0,57018
0,582331
0,569283
0,562577
0,491575
0,35829
0,269494
0,156578
0,044996
0,00366
0
0
0
0
0
0
0
0
0
0,011569
0,063172
0,16775
0,343868
0,452428
0,509931
0,589504
0,607522
0,570619
0,457668
0,343722
0,257577
0,133469
0,035894
0,002074
0
0
0
0
0
0
0
0
0
0,012649
0,070621
0,194597
0,337502
0,481581
0,565757
0,591554
0,561279
0,548703
0,514174
0,402773
0,26786
0,141846
0,03693
0
0
0
0
0
0
0
0
0
0
0,011408
0,059698
0,130067
0,229941
0,298905
0,348508
0,367246
0,335371
0,330308
0,297744
0,235419
0,158598
0,098747
0,039612
0
0
0
0
0
0
0
0
0
0
0,004246
0,028462
0,071383
0,121815
0,193496
0,257692
0,21407
0,209594
0,256873
0,275186
0,267162
0,134943
0,070232
0,02382
0
0
0
0
0
0
0
0
0
0
0,006073
0,037131
0,114837
0,171126
0,290974
0,336339
0,444587
0,481963
0,470491
0,475931
0,396326
0,285145
0,125502
0,033772
0
0
0
0
0
0
0
0
0
0
0,00755
0,059409
0,150139
0,252255
0,320457
0,338851
0,362644
0,266249
0,253084
0,235034
0,142094
0,102921
0,052525
0,011555
0
0
0
0
0
0
0
0
0
0
0,002242
0,021642
0,055216
0,088049
0,131779
0,187742
0,249754
0,266769
0,262653
0,176311
0,08872
0,060635
0,042441
0,009706
0
0
0
0
0
0
0
0
0
0
0,005168
0,03481
0,101881
0,170162
0,255831
0,307518
0,282953
0,229293
0,209224
0,210598
0,161779
0,122166
0,066938
0,021044
0
0
0
0
0
0
0
0
0
0
0,003209
0,033117
0,100659
0,151358
0,160883
0,140493
0,155324
0,168436
0,171081
0,166249
0,125103
0,088601
0,044934
0,01101
0
0
0
0
0
0
0
0
0
0
0,003088
0,028227
0,093807
0,194647
0,307232
0,371919
0,400364
0,470462
0,507773
0,494034
0,404982
0,273248
0,121031
0,041525
0
0
0
0
0
0
0
0
0
0
0,007465
0,056524
0,183854
0,361633
0,515169
0,62517
0,692565
0,70456
0,663982
0,587635
0,455663
0,287842
0,119018
0,019801
0
0
0
0
0
0
0
0
0
0
0,006985
0,053151
0,164012
0,308542
0,410624
0,474494
0,546274
0,560352
0,504395
0,41395
0,293308
0,152925
0,06722
0,013073
0
0
0
0
0
0
0
0
0
0
0,006936
0,054529
0,154771
0,247249
0,391044
0,439309
0,430703
0,390916
0,360343
0,242203
0,132242
0,072359
0,035342
0,006974
0
0
0
0
0
0
0
0
0
0
0
0,01705
0,041082
0,061544
0,107928
0,136811
0,115033
0,068108
0,050664
0,051789
0,03742
0,025392
0,011859
0
0
0
0
0
0
0
0
0
0
0
0,004718
0,047488
0,168663
0,315283
0,439218
0,536992
0,560472
0,548088
0,494385
0,360737
0,202346
0,116025
0,04662
0,007364
0
0
0
0
0,005468
0
0
0
0
0
0,002395
0,032503
0,120091
0,234524
0,350399
0,41899
0,488993
0,431043
0,357351
0,359492
0,251203
0,155047
0,061402
0,008638
0
0
0
0
0
0
0
0
0
0
0
0,014849
0,05921
0,12353
0,188357
0,246176
0,302631
0,360764
0,324304
0,2866
0,194524
0,13096
0,054211
0,006801
0
0
0
0
0
0
0
0
0
0
0,0031
0,032765
0,120052
0,221381
0,330152
0,444986
0,524206
0,531528
0,499071
0,424344
0,326383
0,191921
0,067058
0,005644
0
0
0
0
0
0
0
0
0
0
0,003307
0,033308
0,114331
0,225852
0,323113
0,36305
0,430916
0,430596
0,394189
0,31474
0,19418
0,075662
0,027321
0,002164
0
0
0
0
0
0
0
0
0
0
0
0,010315
0,048705
0,108767
0,165337
0,19552
0,21383
0,285627
0,241176
0,212645
0,160456
0,084856
0,025793
0
0
0
0
0
0
0
0
0
0
0
0
0,008785
0,054737
0,157798
0,280182
0,426549
0,452179
0,460081
0,444156
0,326985
0,295118
0,196803
0,070133
0,007008
0
0
0
0
0
0
0
0
0
0
0,002338
0,027756
0,119841
0,230203
0,329249
0,410705
0,411597
0,354254
0,316391
0,309436
0,208424
0,124437
0,044441
0,003674
0
0
0
0
0
0
0
0
0
0
0
0,018495
0,085918
0,188052
0,344161
0,434265
0,394044
0,323511
0,288745
0,250681
0,19953
0,129554
0,05871
0,004231
0
0
0
0
0
0
0
0
0
0
0,002318
0,033955
0,141827
0,297207
0,423143
0,490999
0,468709
0,502536
0,453931
0,364514
0,254925
0,129652
0,039392
0,002717
0
0
0
0
0
0
0
0
0
0
0
0,019964
0,091146
0,204602
0,345854
0,440711
0,444245
0,396861
0,350279
0,301873
0,224636
0,116436
0,03421
0,002785
0
0
0
0
0
0
0
0
0
0
0
0,018468
0,090861
0,219198
0,329078
0,34421
0,297437
0,337446
0,301593
0,239976
0,171214
0,11672
0,031372
0
0
0
0
0
0
0
0
0
0
0
0
0,010668
0,042642
0,094583
0,152612
0,201733
0,207325
0,266681
0,228579
0,163485
0,118059
0,049855
0,013908
0
0
0
0
0
0
0
0
0
0
0
0
0,012636
0,061722
0,138961
0,231102
0,312729
0,368607
0,379027
0,355164
0,350393
0,264285
0,139126
0,035118
0
0
0
0
0
0
0
0
0
0
0
0
0,013976
0,058019
0,118087
0,185613
0,249467
0,298375
0,359809
0,465609
0,416828
0,339039
0,189629
0,047038
0
0
0
0
0
0
0
0
0
0
0
0
0,015154
0,076811
0,196468
0,345876
0,467421
0,503496
0,465117
0,377583
0,276401
0,12815
0,044217
0,007335
0
0
0
0
0
0
0
0
0
0
0
0
0,020614
0,120846
0,297256
0,451226
0,550287
0,556083
0,542326
0,508568
0,421533
0,322834
0,148706
0,030493
0
0
0
0
0
0
0
0
0
0
0
0
0,013879
0,081394
0,20677
0,347364
0,489127
0,543792
0,526745
0,514656
0,447752
0,32162
0,16299
0,032671
0
0
0
0
0
0
0
0
0
0
0
0
0,014751
0,085427
0,241565
0,417796
0,4217
0,514814
0,52141
0,476711
0,404234
0,30438
0,163123
0,033101
0
0
0
0
0
0
0
0
0
0
0
0
0,019224
0,110237
0,266134
0,405602
0,493972
0,518396
0,529034
0,499863
0,442002
0,313228
0,158601
0,031934
0
0
0
0
0
0
0
0
0
0
0
0
0,013224
0,082462
0,199558
0,297447
0,36175
0,355179
0,311323
0,304117
0,268137
0,194145
0,093849
0,021299
0
0
0
0
0
0
0
0
0
0
0
0
0,01078
0,072606
0,196213
0,330443
0,449945
0,490232
0,498591
0,443583
0,328708
0,236184
0,120347
0,02158
0
0
0
0
0
0
0
0
0
0
0
0
0,013459
0,100294
0,25487
0,40442
0,444847
0,408511
0,39586
0,438188
0,377082
0,24176
0,120693
0,019169
0
0
0
0
0
0
0
0
0
0
0
0
0,012174
0,086867
0,251836
0,429042
0,551771
0,62089
0,622917
0,575679
0,483411
0,316788
0,114676
0,012589
0
0
0
0
0
0
0
0
0
0
0
0
0,012089
0,078305
0,181349
0,253394
0,291423
0,270595
0,246075
0,195028
0,130642
0,072454
0,031273
0,003948
0
0
0
0
0
0
0
0
0
0
0
0
0
0,019263
0,063418
0,111202
0,164983
0,186628
0,199609
0,156808
0,136404
0,099094
0,041948
0,006838
0
0
0
0
0
0
0
0
0
0
0
0
0,007769
0,063259
0,162424
0,265778
0,357225
0,448312
0,465876
0,425522
0,323245
0,175505
0,079059
0,009017
0
0
0
0
0
0
0
0
0
0
0
0
0,005863
0,048782
0,140273
0,223457
0,296534
0,333148
0,363822
0,335055
0,307303
0,2012
0,077685
0,009427
0
0
0
0
0
0
0
0
0
0
0
0
0,007203
0,048387
0,130555
0,172075
0,223379
0,253095
0,223648
0,213458
0,14281
0,061376
0,021295
0,002734
0
0
0
0
0
0
0
0
0
0
0
0
0,003892
0,034597
0,083548
0,138211
0,205139
0,249492
0,228654
0,128428
0,058324
0,034947
0,015633
0
0
0
0
0
0
0
0
0
0
0
0
0
0,004932
0,040009
0,141389
0,293579
0,342391
0,353697
0,346576
0,283295
0,199015
0,120718
0,049947
0,00486
0
0
0
0
0
0
0
0
0
0
0
0
0
0,010522
0,034825
0,063361
0,100559
0,131631
0,123468
0,108006
0,10105
0,064959
0,020233
0
0
0
0
0
0
0
0
0
0
0
0
0
0,002684
0,027374
0,092652
0,161533
0,218907
0,258135
0,25657
0,216043
0,162861
0,098985
0,034811
0,002145
0
0
0
0
0
0
0
0
0
0
0
0
0
0,006567
0,032017
0,076689
0,112076
0,137095
0,127008
0,10749
0,076549
0,040264
0,016001
0
0
0
0
0
0
0
0
0
0
0
0
0
0,004118
0,030546
0,112127
0,223527
0,297175
0,36437
0,396589
0,386655
0,320752
0,197854
0,062583
0,003218
0
0
0
0
0
0
0
0
0
0
0
0
0
0,012381
0,036597
0,069699
0,106819
0,140639
0,163384
0,126779
0,071538
0,037859
0,010548
0
0
0
0
0
0
0
0
0
0
0
0
0
0,001984
0,017127
0,068161
0,134084
0,190196
0,241629
0,248596
0,228784
0,164774
0,070926
0,014326
0
0
0
0
0
0
0
0
0
0
0
0
0
0
0,006057
0,023951
0,042875
0,076131
0,101516
0,102869
0,110384
0,084062
0,055394
0,01621
0
0
0
0
0
0
0
0
0
0
0
0
0
0,005368
0,040997
0,163192
0,297904
0,414278
0,454326
0,463726
0,401986
0,310267
0,185949
0,051606
0
0
0
0
0
0
0
0
0
0
0
0
0
0
0,012329
0,035892
0,06346
0,080116
0,094101
0,088282
0,07991
0,057082
0,03345
0,00859
0
0
0
0
0
0
0
0
0
0
0
0
0
0
0,003397
0,019434
0,049804
0,079767
0,116971
0,125875
0,115055
0,079668
0,038898
0,009146
0
0
0
0
0
0
0
0
0
0
0
0
0
0
0,005887
0,028084
0,062273
0,10621
0,129772
0,131417
0,100027
0,080069
0,045296
0,012024
0
0
0
0
0
0
0
0
0
0
0
0
0
0,00205
0,019804
0,083433
0,172227
0,264674
0,336761
0,363114
0,294211
0,210334
0,115595
0,025647
0
0
0
0
0
0
0
0
0
0
0
0
0
0
0,007056
0,03381
0,06438
0,07763
0,098769
0,092446
0,082342
0,056849
0,030296
0,008376
0
0
0
0
0
0
0
0
0
0
0
0
0
0
0,022072
0,102427
0,223871
0,281568
0,287086
0,31629
0,264774
0,177288
0,082248
0,016288
0
0
0
0
0
0
0
0
0
0
0
0
0
0
0,013933
0,061195
0,154688
0,270857
0,285308
0,195934
0,108991
0,05418
0,016626
0,001934
0
0
0
0
0
0
0
0
0
0
0
0
0
0
0,005442
0,030938
0,073596
0,117664
0,125218
0,115932
0,104919
0,065559
0,024796
0,004047
0
0
0
0
0
0
0
0
0
0
0
0
0
0
0,025829
0,062038
0,077619
0,106388
0,107673
0,074103
0,0443
0,031402
0,009064
0
0
0
0
0
0
0
0
0
0
0
0
0
0
0
0,007706
0,013673
0,017322
0,022963
0,04055
0,067089
0,070608
0,021327
0,00317
0
0
0
0
0
0
0
0
0
0
0
0
0
0
0,002457
0,028341
0,103372
0,153379
0,219847
0,205026
0,17316
0,107815
0,059865
0,013995
0
0
0
0
0
0
0
0
0
0
0
0
0
0
0,00493
0,048223
0,131652
0,205712
0,251041
0,262432
0,240754
0,18602
0,091437
0,020181
0
0
0
0
0
0
0
0
0
0
0
0
0
0
0,002512
0,01854
0,04517
0,060072
0,075753
0,074756
0,064257
0,042855
0,016579
0,002826
0
0
0
0
0
0
0
0
0
0
0
0
0
0
0
0,024967
0,064722
0,093748
0,112947
0,133248
0,124661
0,088561
0,043034
0,009521
0
0
0
0
0
0
0
0
0
0
0
0
0
0
0
0,005553
0,02086
0,052376
0,084712
0,094807
0,091672
0,085199
0,044954
0,006141
0
0
0
0
0
0
0
0
0
0
0
0
0
0
0
0,011568
0,054284
0,126084
0,175164
0,176373
0,14779
0,080097
0,02818
0,004763
0
0
0
0
0
0
0
0
0
0
0
0
0
0
0
0,01548
0,051501
0,097539
0,127449
0,134926
0,143751
0,103593
0,057123
0,01139
0
0
0
0
0
0
0
0
0
0
0
0
0
0
0,002875
0,049344
0,149607
0,241052
0,288634
0,277339
0,221364
0,166158
0,069405
0,008993
0
0
0
0
0
0
0
0
0
0
0
0
0
0
0
0,012398
0,049697
0,10142
0,151037
0,184751
0,196989
0,142552
0,064667
0,009325
0
0
0
0
0
0
0
0
0
0
0
0
0
0
0
0,010019
0,038052
0,075546
0,102132
0,141398
0,156988
0,122637
0,053409
0,007869
0
0
0
0
0
0
0
0
0
0
0
0
0
0
0
0,045284
0,146516
0,231279
0,257489
0,244348
0,206733
0,137067
0,053037
0,006425
0
0
0
0
0
0
0
0
0
0
0
0
0
0
0
0,004717
0,022203
0,028635
0,044249
0,04889
0,063989
0,061965
0,032371
0,004211
0
0
0
0
0
0
0
0
0
0
0
0
0
0
0
0,012049
0,055888
0,1068
0,133221
0,13062
0,104457
0,076575
0,031553
0,004494
0
0
0
0
0
0
0
0
0
0
0
0
0
0
0
0,04822
0,152474
0,225325
0,245808
0,220461
0,150636
0,072906
0,023913
0,005479
0
0
0
0
0
0
0
0
0
0
0
0
0
0
0
0
0,009285
0,017472
0,027723
0,044157
0,055312
0,043475
0,019573
0,002535
0
0
0
0
0
0
0
0
0
0
0
0
0
0
0
0,031024
0,130176
0,238686
0,304802
0,296763
0,2661
0,169156
0,062135
0,006985
0
0
0
0
0
0
0
0
0
0
0
0
0
0
0
0,010962
0,044358
0,075319
0,095093
0,086312
0,072292
0,039773
0,013532
0
0
0
0
0
0
0
0
0
0
0
0
0
0
0
0
0,007214
0,031376
0,0613
0,076199
0,080946
0,069351
0,04056
0,012043
0
0
0
0
0
0
0
0
0
0
0
0
0
0
0
0
0,002433
0,015618
0,038536
0,043792
0,042286
0,031099
0,01646
0,004501
0
0
0
0
0
0
0
0
0
0
0
0
0
0
0
0
0,018706
0,113274
0,221101
0,28616
0,291685
0,237538
0,136365
0,039903
0,00379
0
0
0
0
0
0
0
0
0
0
0
0
0
0
0
0,003365
0,014868
0,028031
0,031763
0,029192
0,024735
0,012693
0,003972
0
0
0
0
0
0
0
0
0
0
0
0
0
0
0
0
0,002445
0,017684
0,030377
0,036794
0,042426
0,045549
0,038084
0,016971
0,002197
0
0
0
0
0
0
0
0
0
0
0
0
0
0
0
0,006345
0,044204
0,091373
0,126614
0,145954
0,145142
0,110977
0,039737
0,005121
0
0
0
0
0
0
0
0
0
0
0
0
0
0
0
0,005925
0,033149
0,069168
0,0815
0,072746
0,056383
0,028723
0,007475
0
0
0
0
0
0
0
0
0
0
0
0
0
0
0
0
0
0,020835
0,052939
0,080938
0,099681
0,086551
0,057481
0,020113
0
0
0
0
0
0
0
0
0
0
0
0
0
0
0
0
0,007856
0,042773
0,089259
0,156557
0,165177
0,128799
0,064212
0,018402
0
0
0
0
0
0
0
0
0
0
0
0
0
0
0
0
0,012397
0,096267
0,218633
0,288035
0,301115
0,267714
0,17543
0,056764
0,005856
0
0
0
0
0
0
0
0
0
0
0
0
0
0
0
0,014472
0,104989
0,219826
0,291335
0,306692
0,266884
0,171143
0,053658
0,005465
0
0
0
0
0
0
0
0
0
0
0
0
0
0
0
0,014383
0,097884
0,17678
0,192916
0,171517
0,130296
0,070981
0,015429
0
0
0
0
0
0
0
0
0
0
0
0
0
0
0
0
0
0,006729
0,01914
0,031586
0,037901
0,033181
0,020805
0,005045
0
0
0
0
0
0
0
0
0
0
0
0
0
0
0
0
0,006553
0,057751
0,137194
0,198971
0,206253
0,174526
0,101346
0,025157
0
0
0
0
0
0
0
0
0
0
0
0
0
0
0
0
0
0,005018
0,012477
0,019575
0,016089
0,011649
0,007408
0,001973
0
0
0
0
0
0
0
0
0
0
0
0
0
0
0
0
0
0,01377
0,043181
0,062646
0,086886
0,079375
0,049993
0,015076
0
0
0
0
0
0
0
0
0
0
0
0
0
0
0
0
0,002081
0,024435
0,070479
0,13669
0,188788
0,185662
0,116903
0,030929
0,002598
0
0
0
0
0
0
0
0
0
0
0
0
0
0
0
0,007543
0,062963
0,123138
0,141075
0,151427
0,148166
0,084978
0,022202
0
0
0
0
0
0
0
0
0
0
0
0
0
0
0
0
0
0,006578
0,017729
0,026212
0,02836
0,022529
0,011563
0,002198
0
0
0
0
0
0
0
0
0
0
0
0
0
0
0
0
0
0,00663
0,033587
0,081296
0,127052
0,124418
0,08871
0,022128
0
0
0
0
0
0
0
0
0
0
0
0
0
0
0
0
0
0,00559
0,010261
0,01056
0,009115
0,00598
0,008333
0,002717
0
0
0
0
0
0
0
0
0
0
0
0
0
0
0
0
0,002437
0,028617
0,073388
0,129343
0,162811
0,134793
0,062777
0,013946
0
0
0
0
0
0
0
0
0
0
0
0
0
0
0
0
0,003772
0,054932
0,139922
0,201407
0,188417
0,156373
0,079368
0,014407
0
0
0
0
0
0
0
0
0
0
0
0
0
0
0
0
0
0,002057
0,006464
0,008864
0,009925
0,007099
0,002749
0
0
0
0
0
0
0
0
0
0
0
0
0
0
0
0
0
0
0,007418
0,02034
0,027929
0,03097
0,027833
0,014773
0,002907
0
0
0
0
0
0
0
0
0
0
0
0
0
0
0
0
0
0,005134
0,015785
0,026786
0,034952
0,041415
0,027523
0,007191
0
0
0
0
0
0
0
0
0
0
0
0
0
0
0
0
0
0,005596
0,0142
0,020416
0,023121
0,019543
0,010229
0,002062
0
0
0
0
0
0
0
0
0
0
0
0
0
0
0
0
0
0,021548
0,072958
0,112233
0,117149
0,126627
0,068841
0,016142
0
0
0
0
0
0
0
0
0
0
0
0
0
0
0
0
0
0
0,007583
0,013656
0,013727
0,015962
0,008218
0
0
0
0
0
0
0
0
0
0
0
0
0
0
0
0
0
0
0,008414
0,026185
0,031041
0,028854
0,027485
0,024443
0,007669
0
0
0
0
0
0
0
0
0
0
0
0
0
0
0
0
0
0,002444
0,024675
0,068185
0,100807
0,108727
0,068281
0,015523
0
0
0
0
0
0
0
0
0
0
0
0
0
0
0
0
0
0,002614
0,010834
0,013472
0,01365
0,011595
0,004271
0
0
0
0
0
0
0
0
0
0
0
0
0
0
0
0
0
0
0,002644
0,0242
0,06119
0,086317
0,0874
0,053661
0,012378
0
0
0
0
0
0
0
0
0
0
0
0
0
0
0
0
0
0,003262
0,010107
0,019021
0,019061
0,016034
0,00997
0
0
0
0
0
0
0
0
0
0
0
0
0
0
0
0
0
0
0,002343
0,008738
0,015649
0,026501
0,018913
0,011662
0,003611
0
0
0
0
0
0
0
0
0
0
0
0
0
0
0
0
0
0,003906
0,02325
0,060587
0,101836
0,090248
0,047425
0,011918
0
0
0
0
0
0
0
0
0
0
0
0
0
0
0
0
0
0
0,002865
0,011795
0,015805
0,009768
0,006446
0
0
0
0
0
0
0
0
0
0
0
0
0
0
0
0
0
0
0,012049
0,051478
0,082748
0,079041
0,050131
0,018144
0,002361
0
0
0
0
0
0
0
0
0
0
0
0
0
0
0
0
0
0,026441
0,100998
0,172879
0,191135
0,156892
0,07674
0,011907
0
0
0
0
0
0
0
0
0
0
0
0
0
0
0
0
0
0,002187
0,01167
0,018021
0,017861
0,013506
0,007672
0
0
0
0
0
0
0
0
0
0
0
0
0
0
0
0
0
0
0,002942
0,01312
0,031606
0,06177
0,072089
0,049817
0,012267
0
0
0
0
0
0
0
0
0
0
0
0
0
0
0
0
0
0,013129
0,044069
0,073432
0,096602
0,071305
0,029322
0,005595
0
0
0
0
0
0
0
0
0
0
0
0
0
0
0
0
0
0,020026
0,057255
0,043571
0,028451
0,014088
0,008429
0
0
0
0
0
0
0
0
0
0
0
0
0
0
0
0
0
0
0,004605
0,019881
0,036905
0,060104
0,055344
0,039425
0,011423
0
0
0
0
0
0
0
0
0
0
0
0
0
0
0
0
0
0,011527
0,054197
0,095533
0,095976
0,079957
0,049321
0,012391
0
0
0
0
0
0
0
0
0
0
0
0
0
0
0
0
0
0,018894
0,062011
0,132099
0,156551
0,132105
0,069263
0,018719
0
0
0
0
0
0
0
0
0
0
0
0
0
0
0
0
0
0,018924
0,091709
0,157363
0,188617
0,156073
0,088708
0,019726
0
0
0
0
0
0
0
0
0
0
0
0
0
0
0
0
0
0,018924
0,091709
0,157363
0,188617
0,156073
0,088708
0,019726
0
0
0
0
0
0
0
0
