117
135
138
141
144
148
152
156
159
161
162
162
159
154
147
139
131
124
117
112
108
106
105
106
110
114
120
125
130
134
138
142
146
150
156
160
162
162
161
158
153
147
142
139
138
138
139
141
144
145
147
149
152
155
157
159
159
158
156
153
151
149
147
146
146
145
145
144
144
143
142
142
142
143
145
148
152
157
162
167
171
175
177
178
178
176
174
171
167
163
159
155
152
150
149
149
151
154
158
163
168
174
180
186
192
197
200
202
201
199
197
196
195
195
194
194
193
192
192
193
197
202
209
219
231
243
255
267
278
283
284
279
272
261
249
240
231
227
225
224
224
225
228
233
236
238
239
240
241
241
242
243
244
243
240
234
228
223
219
217
215
216
217
221
228
238
250
260
271
278
281
282
275
267
258
249
239
230
223
217
211
204
197
190
184
179
174
169
165
161
157
155
153
152
153
154
155
157
159
160
161
162
164
164
164
162
159
152
145
137
131
127
124
124
126
129
132
135
140
144
150
156
162
168
173
177
180
181
179
176
172
168
164
161
159
158
157
156
154
152
150
150
152
158
165
174
182
189
193
194
193
191
187
184
179
175
171
168
165
161
159
157
155
153
151
148
142
133
127
125
127
134
146
160
172
180
183
183
181
178
174
170
167
164
162
159
157
155
155
157
160
165
172
180
190
198
204
208
209
206
201
196
191
186
183
180
179
178
178
180
181
183
184
186
189
190
189
189
187
185
185
184
186
187
188
188
185
180
173
165
156
148
141
135
131
129
131
134
138
143
149
155
161
166
171
173
173
172
169
166
164
161
160
159
159
158
157
156
155
154
154
154
155
157
160
164
168
172
175
178
179
179
177
174
169
164
160
156
154
152
151
151
151
153
155
159
163
169
175
181
188
193
198
199
200
198
194
189
183
178
174
170
169
168
168
169
171
172
174
176
182
189
196
205
214
222
226
227
224
219
213
205
199
194
191
189
187
187
186
185
185
185
187
187
190
194
197
202
205
208
210
211
210
206
202
196
190
184
179
175
172
170
169
167
166
166
166
167
169
173
176
180
184
189
193
197
200
201
201
199
196
193
191
188
187
188
189
191
194
199
205
209
213
217
223
229
237
246
252
254
253
245
232
216
202
191
181
176
175
175
177
181
185
188
190
191
190
188
187
189
193
198
202
205
205
202
196
189
183
177
171
166
161
157
153
150
148
147
146
146
147
149
153
156
161
165
169
171
173
173
172
171
169
165
161
156
151
145
139
136
133
131
131
134
138
140
143
146
149
148
148
148
149
150
151
154
155
154
151
147
141
133
126
122
120
120
123
128
134
139
144
150
154
156
157
157
157
155
154
154
153
153
151
149
147
145
144
144
144
144
146
148
151
156
162
168
174
179
183
186
186
186
183
179
175
170
166
164
162
161
162
164
167
170
173
177
181
186
190
195
199
202
203
203
201
197
192
186
179
172
165
159
154
150
147
144
142
141
140
138
137
137
137
137
139
142
145
147
148
147
145
141
137
134
132
131
129
126
123
121
119
119
122
127
133
139
145
150
154
157
159
160
162
163
163
161
157
153
145
138
132
126
122
119
118
117
117
120
124
129
137
145
150
154
157
158
155
151
147
141
134
128
124
121
118
117
116
113
109
107
106
106
109
115
123
130
136
140
143
143
142
140
138
134
128
123
117
111
106
106
110
116
125
135
148
160
172
186
200
216
235
250
262
264
259
248
231
213
197
185
180
178
178
180
185
188
188
186
183
179
175
173
173
175
177
180
182
183
182
180
177
173
170
165
162
160
158
156
157
159
162
166
169
173
176
181
185
189
195
203
208
210
209
206
200
190
181
173
166
164
163
163
165
168
173
177
180
182
185
191
196
200
208
215
219
221
222
222
221
218
217
216
214
211
205
200
193
186
180
174
173
172
175
177
181
186
191
196
202
206
210
212
212
208
203
197
192
191
191
193
197
204
210
214
217
221
227
224
221
216
212
209
202
201
197
193
188
181
173
167
163
161
159
159
159
158
156
154
153
154
156
159
165
171
177
182
186
189
190
189
187
183
180
175
172
170
169
167
166
166
166
167
168
171
175
179
183
188
193
200
205
207
208
207
204
198
192
186
181
176
173
169
166
164
163
163
163
165
168
170
173
176
179
181
184
185
184
183
179
174
168
162
156
151
147
145
144
146
147
149
152
155
157
157
159
161
163
164
165
167
167
166
164
162
159
155
152
149
145
142
140
138
137
142
143
145
147
151
156
156
161
165
169
170
171
173
173
170
167
165
162
158
153
150
146
143
141
141
142
146
150
155
160
165
170
173
175
177
177
175
171
168
165
162
161
159
158
156
154
152
150
149
148
149
151
154
157
161
165
169
172
174
174
174
173
170
168
166
163
159
156
155
152
151
151
152
155
157
161
165
169
173
177
181
185
188
191
192
192
191
190
187
186
184
182
180
179
179
179
180
182
185
188
191
195
199
203
208
212
215
215
214
212
208
204
199
197
197
199
201
203
206
207
207
207
208
212
220
231
245
257
270
279
277
267
251
234
212
194
181
174
171
171
171
177
184
194
200
207
218
226
235
237
245
247
250
248
237
229
217
206
192
180
174
171
167
166
164
164
163
163
164
163
164
166
167
169
171
174
177
179
182
185
185
186
184
182
179
176
172
169
166
164
163
162
162
164
165
168
171
175
180
184
189
191
191
188
183
176
169
161
156
153
152
152
153
155
157
162
165
170
176
185
193
200
205
207
208
205
200
191
182
174
168
161
156
153
152
154
155
156
159
163
166
169
172
175
178
182
186
189
192
194
196
196
195
192
189
184
179
174
170
166
163
160
158
157
156
156
158
159
162
165
169
172
174
175
176
176
174
172
169
166
161
157
154
151
149
148
148
149
149
150
152
155
159
163
168
173
177
179
181
180
179
175
169
163
157
152
148
146
145
145
146
148
148
148
149
151
153
155
159
163
166
168
169
170
170
168
166
163
159
154
149
145
142
142
142
144
146
148
148
148
148
149
150
151
152
154
154
154
152
149
145
140
135
130
126
122
119
119
117
117
117
119
122
125
129
133
138
142
144
146
148
147
144
138
132
126
120
117
117
118
120
122
124
125
126
128
130
134
138
143
148
152
156
158
158
156
153
149
144
139
134
129
126
124
123
122
123
123
123
125
126
129
133
138
142
146
151
154
157
158
157
155
151
146
140
134
129
125
122
120
120
121
122
125
128
132
137
142
147
152
156
159
160
160
158
155
150
144
139
135
134
135
138
142
145
149
152
153
157
162
167
173
179
184
186
187
185
181
176
172
170
167
165
163
159
155
148
143
138
135
133
133
135
139
143
147
150
153
156
158
160
160
160
158
156
151
146
142
140
140
140
140
140
142
144
144
145
149
154
158
162
170
179
183
187
189
189
186
180
176
172
169
164
159
154
149
145
141
138
137
137
137
138
140
143
146
148
151
150
148
145
140
133
125
119
114
111
111
112
117
122
129
136
142
147
152
156
159
162
163
164
162
159
153
146
136
128
120
112
106
103
101
101
103
104
106
108
112
115
119
124
130
136
142
146
150
151
150
148
143
139
134
130
127
125
126
131
136
139
141
144
144
143
141
142
145
147
150
153
155
156
155
154
151
147
144
140
136
133
132
134
137
142
148
155
162
167
172
177
183
187
191
196
196
192
185
178
168
156
148
142
139
138
139
142
144
147
151
154
157
160
163
165
168
172
175
177
179
181
181
179
174
171
168
164
160
157
156
154
151
150
150
152
153
155
159
163
168
172
176
179
180
177
173
166
160
153
148
145
142
140
140
141
142
144
144
146
148
151
154
158
165
173
179
183
184
182
177
169
161
154
149
144
140
137
134
132
132
134
137
141
146
150
155
160
165
170
175
178
178
174
169
160
149
138
127
120
114
111
111
112
115
119
125
130
136
143
149
156
162
167
172
176
178
177
174
169
161
153
143
135
128
123
122
124
128
132
136
140
143
146
149
153
158
162
166
169
171
172
172
171
169
165
162
156
151
145
139
136
133
132
133
134
137
140
144
148
153
158
163
168
171
174
176
175
173
169
164
160
156
153
150
148
147
145
143
144
145
151
158
167
176
185
193
197
198
195
190
184
176
170
164
159
155
153
152
153
156
158
165
172
180
191
198
208
216
224
229
223
218
211
201
189
177
171
166
161
157
154
152
152
153
155
159
164
172
183
197
212
227
247
260
258
249
237
222
197
175
165
159
155
154
154
155
157
160
163
167
170
174
179
184
188
191
195
198
198
194
189
183
175
167
159
153
149
146
146
147
151
155
160
166
172
178
183
190
197
204
212
217
218
214
205
194
179
164
153
144
138
133
130
132
134
138
144
150
155
159
163
168
173
176
179
182
184
184
181
181
178
174
169
164
160
157
155
155
156
157
156
159
164
168
175
182
194
200
205
208
207
203
196
190
180
170
162
155
150
145
146
147
148
151
154
157
158
160
162
165
169
174
178
182
184
184
181
176
169
162
154
148
142
140
138
139
140
142
144
145
146
146
148
149
151
153
155
157
157
157
155
153
149
145
142
139
136
135
135
135
136
137
138
138
138
137
138
139
141
143
146
150
153
156
159
160
158
156
152
146
141
137
134
132
131
130
129
129
129
131
133
136
140
144
149
154
160
165
168
170
170
168
164
159
154
149
143
138
133
129
125
123
122
123
125
128
132
137
143
149
153
155
155
153
147
141
137
132
129
126
122
118
116
114
114
114
117
120
120
119
119
121
121
123
126
130
132
131
126
122
112
106
97
92
92
91
95
96
100
104
106
109
113
118
122
127
133
138
141
144
144
143
140
137
133
128
123
118
115
111
111
113
117
122
128
134
140
145
151
156
160
164
165
164
161
158
152
147
141
136
132
128
126
126
130
135
140
147
153
158
161
165
170
177
183
189
193
194
194
190
182
173
164
154
145
137
133
131
133
135
139
143
146
149
150
153
155
158
160
162
164
165
166
166
165
164
161
157
154
150
147
144
142
142
141
142
143
144
144
145
145
146
148
151
153
155
155
153
149
143
138
134
130
127
126
125
126
127
129
131
133
136
139
143
147
150
152
154
155
156
155
154
151
146
141
135
129
125
122
122
122
123
125
126
128
129
132
135
138
142
146
149
152
154
154
153
150
147
141
134
127
122
118
115
115
117
119
122
125
131
138
147
157
166
175
180
184
183
178
170
159
146
132
121
111
105
102
103
106
110
115
120
124
128
132
136
142
149
156
163
167
170
170
167
163
157
150
142
134
127
121
117
116
119
124
129
134
138
141
144
146
148
152
155
158
159
160
159
157
155
152
148
143
138
134
130
128
126
127
128
131
134
138
142
147
152
157
161
165
168
170
170
168
165
161
158
155
153
151
149
147
145
144
143
143
144
146
148
151
154
157
160
163
164
164
163
161
157
153
149
145
141
137
135
133
132
131
131
132
133
135
138
141
145
148
150
152
154
153
152
148
143
137
130
124
119
117
116
116
116
117
118
120
122
126
131
136
141
146
149
151
152
151
149
146
143
139
136
133
130
127
124
121
119
117
116
116
118
120
124
128
133
138
144
148
151
153
154
153
150
147
143
139
136
133
130
130
133
136
140
145
149
153
156
161
165
170
173
174
173
170
165
158
149
140
130
122
115
109
106
104
103
103
104
105
106
108
111
114
118
123
127
132
136
139
141
139
136
130
123
116
110
106
103
102
101
101
103
105
109
114
120
127
133
139
143
145
146
144
140
134
127
120
113
107
103
100
99
100
102
105
108
111
115
119
123
127
132
136
140
142
144
143
141
137
132
127
121
115
110
107
105
104
106
108
110
114
117
123
130
138
146
152
155
156
153
146
139
132
125
119
113
108
104
101
100
101
104
109
116
125
135
144
153
160
166
168
167
163
156
148
138
129
123
117
112
107
104
102
100
100
101
103
105
107
109
110
111
113
116
118
121
123
124
124
123
123
123
122
122
121
119
117
114
111
109
107
107
108
110
113
117
121
126
131
135
139
141
142
142
142
141
140
139
137
133
129
125
122
120
119
120
121
125
129
133
138
143
146
147
147
145
143
139
135
131
126
120
113
106
101
96
92
90
90
91
94
98
103
108
114
120
124
127
129
129
126
122
117
111
105
99
95
91
87
84
83
83
86
91
96
103
111
119
126
133
138
141
140
137
131
124
117
111
105
99
94
90
86
83
82
83
85
89
93
98
105
111
119
125
131
135
135
134
129
123
116
109
102
96
91
86
83
80
80
83
88
94
99
105
109
111
112
114
116
119
123
126
129
130
128
125
120
115
111
108
106
107
108
111
113
117
120
125
130
136
142
147
151
153
153
149
144
136
129
121
114
107
101
96
92
88
85
84
84
85
88
91
96
101
107
112
117
120
121
120
117
113
107
101
94
88
82
76
71
67
66
66
69
74
81
89
99
109
119
125
128
127
123
117
109
100
93
88
82
76
70
65
62
60
60
62
67
74
80
86
93
99
104
108
110
111
111
108
105
99
91
82
73
65
59
57
57
59
61
64
66
71
80
93
107
123
139
149
153
153
150
141
129
116
104
93
82
74
68
63
59
56
56
59
66
75
85
97
108
118
127
133
137
137
132
123
110
97
83
70
60
54
50
48
47
48
51
56
63
72
80
89
97
103
109
114
119
121
119
111
101
87
73
60
52
50
46
43
39
35
31
33
41
50
59
68
78
87
94
100
104
104
100
93
82
69
56
54
52
50
46
43
39
35
31
29
40
49
59
68
77
84
90
95
98
100
99
95
89
81
73
64
57
51
47
44
43
43
46
52
59
68
77
84
88
90
89
88
87
87
87
86
83
80
74
66
57
50
46
43
39
35
31
31
38
47
56
64
71
75
77
77
77
77
77
76
74
72
67
61
53
50
46
43
39
45
53
61
67
72
76
78
81
86
93
100
104
108
109
110
110
109
107
105
103
100
98
95
93
92
90
89
89
91
94
98
104
110
116
121
125
128
130
129
126
123
121
119
118
117
116
112
107
100
95
93
93
96
102
110
119
128
136
142
145
144
139
131
122
113
106
99
94
90
85
81
79
78
78
79
80
80
80
78
77
76
77
79
82
86
90
94
97
97
96
93
90
87
84
81
79
77
77
77
79
82
85
90
94
98
103
108
113
117
119
119
116
110
102
94
86
79
73
69
67
65
64
64
65
67
69
72
75
78
81
84
85
85
85
84
83
80
77
75
74
75
78
81
83
83
84
84
86
89
94
101
110
118
125
130
134
134
130
124
116
110
104
100
98
97
95
94
92
91
90
90
91
93
96
100
104
108
113
117
120
123
125
125
124
120
115
109
103
99
96
95
94
95
97
98
99
102
105
109
114
118
121
123
125
125
124
122
120
117
114
110
106
103
99
96
95
94
95
96
97
99
101
104
108
114
120
126
131
135
136
134
130
124
117
109
101
93
86
79
74
71
70
75
81
89
98
106
112
115
116
117
119
121
123
124
123
122
119
116
110
103
95
87
79
73
71
75
81
86
89
90
91
92
94
97
101
104
104
102
97
90
83
76
70
64
59
55
51
48
47
48
52
60
71
83
95
108
118
125
128
127
121
112
101
88
77
66
58
50
46
42
38
35
38
46
56
66
76
85
90
92
91
88
85
82
79
77
75
74
74
74
75
76
77
75
72
67
64
64
67
73
80
86
90
90
89
89
90
93
96
96
94
90
85
79
73
67
63
60
58
58
60
65
72
80
90
100
111
121
129
133
134
129
122
112
104
96
92
91
91
91
90
89
87
84
82
81
82
83
85
87
90
94
97
100
103
105
106
107
106
106
107
107
108
109
109
108
105
101
98
94
91
90
90
93
97
102
107
113
118
121
121
117
111
103
96
90
86
84
83
82
79
76
72
69
67
66
67
69
73
77
82
86
90
92
91
87
81
72
63
53
51
49
46
42
38
34
30
30
40
52
64
74
85
94
101
107
111
113
111
106
99
90
81
72
63
56
50
47
45
47
49
53
57
60
62
65
68
72
79
86
93
100
104
106
104
101
98
92
87
80
74
68
63
60
62
67
76
86
97
108
119
128
135
139
140
138
133
127
121
116
110
105
99
92
84
76
69
64
63
66
73
82
93
104
114
120
124
127
128
127
124
120
115
108
102
96
90
85
79
73
67
63
62
65
72
82
93
105
116
125
130
133
132
129
122
114
106
99
93
88
85
82
80
78
77
77
78
81
85
89
94
99
104
109
115
120
124
128
129
127
123
117
111
103
95
88
80
73
68
64
62
62
64
67
72
79
86
92
98
103
107
110
110
109
106
101
95
89
83
78
75
73
71
71
69
69
68
68
69
71
74
78
82
86
90
93
94
95
94
93
90
87
82
75
67
59
51
46
43
44
48
53
59
64
69
74
80
86
92
96
95
90
81
71
60
53
51
49
46
42
38
34
30
27
29
35
42
51
58
65
69
72
74
73
70
67
63
57
53
53
51
49
46
42
38
34
30
27
25
23
22
27
35
44
54
64
70
72
71
67
59
53
53
53
51
49
46
42
38
34
30
27
25
23
25
33
41
50
58
63
65
64
61
55
51
53
53
53
51
49
46
42
38
34
30
27
25
27
34
41
49
58
66
72
77
80
79
75
69
63
55
53
51
49
46
42
38
34
30
27
26
30
33
36
41
47
54
59
65
70
71
69
65
60
54
53
51
49
46
42
38
34
30
27
24
23
22
27
34
40
46
50
53
54
54
52
51
53
53
53
51
49
46
42
38
34
30
27
24
23
22
23
32
40
48
54
58
60
59
55
51
53
53
53
51
49
46
42
38
34
30
27
24
23
22
30
39
48
56
63
68
70
71
71
70
70
70
69
68
64
59
55
52
51
51
54
58
62
67
71
77
83
89
94
97
100
102
103
103
101
98
93
87
79
71
64
58
54
52
52
55
58
62
65
68
71
74
77
80
83
84
82
77
71
63
54
51
49
45
42
38
34
30
27
24
23
26
31
36
40
46
51
56
60
62
63
62
60
58
57
58
60
61
62
63
62
61
60
59
58
57
58
60
63
67
73
78
82
84
84
81
78
75
72
68
63
58
54
49
45
43
43
45
49
55
61
68
75
81
85
87
86
85
83
81
79
79
79
77
74
69
63
57
51
47
44
44
45
48
51
56
61
67
74
80
85
89
92
93
92
90
86
82
76
70
64
59
55
53
52
52
53
54
56
58
62
67
73
80
86
91
95
97
98
98
96
90
81
71
60
50
43
40
41
44
49
53
56
59
63
67
73
79
85
89
91
91
88
84
79
74
70
69
70
72
77
82
85
87
87
86
85
85
87
90
93
96
98
98
96
92
88
84
78
73
66
60
54
50
48
48
49
53
58
63
68
73
80
87
94
98
101
101
99
94
90
86
82
78
72
66
59
54
50
48
48
50
53
58
62
68
76
85
93
99
103
105
104
101
96
91
85
77
71
64
59
56
55
56
58
62
66
72
78
86
92
99
102
104
102
98
94
89
84
78
72
65
58
50
44
40
37
35
35
36
40
45
52
59
66
73
78
83
87
90
91
90
88
82
75
69
65
63
63
64
66
68
69
70
71
73
77
80
83
87
90
92
93
94
93
92
88
82
75
69
63
58
54
53
52
52
53
55
58
63
69
77
86
95
103
108
111
111
107
102
98
94
91
86
81
75
68
62
58
57
58
62
66
72
79
85
92
98
103
107
109
110
109
107
104
101
98
95
93
90
86
81
76
71
68
66
68
70
75
80
84
89
93
98
102
105
107
107
105
101
96
91
87
82
77
71
66
61
58
58
59
62
67
73
78
82
86
90
92
94
94
94
92
88
83
77
69
61
54
48
44
41
40
41
47
57
65
72
78
83
82
78
76
74
72
70
65
61
57
56
55
56
58
59
60
58
57
57
57
60
64
70
77
83
88
91
93
93
90
88
84
80
74
69
63
56
51
45
43
41
41
44
49
55
60
66
71
75
79
82
84
85
85
82
79
74
67
60
52
45
42
38
34
30
27
26
32
39
46
52
57
61
66
69
72
74
73
70
65
58
53
51
49
45
42
38
34
30
27
25
30
37
43
49
54
58
62
62
59
56
50
51
53
53
53
51
49
45
42
38
34
30
27
24
23
24
29
37
44
52
57
60
61
60
58
54
53
53
53
51
49
45
42
38
34
30
27
24
24
30
37
45
54
60
65
68
70
70
69
65
59
54
53
51
49
45
42
38
34
30
27
24
23
25
32
39
44
49
53
56
58
60
59
57
53
53
53
51
49
45
42
38
34
30
28
28
29
29
31
34
39
44
50
55
59
62
63
61
56
53
53
51
49
45
42
38
34
30
27
24
23
26
35
42
49
56
60
62
62
60
55
51
53
53
53
51
49
45
42
38
34
30
27
24
23
22
26
34
41
46
51
53
55
53
50
51
53
53
53
51
49
45
42
38
34
30
27
24
23
22
34
46
55
66
75
78
80
80
79
75
72
65
55
51
49
45
42
38
34
30
27
24
23
22
23
31
37
42
47
50
52
54
57
59
56
53
53
51
49
45
42
38
34
30
27
24
26
32
38
44
51
57
64
72
79
84
87
88
85
80
75
69
61
56
52
49
47
48
51
54
57
61
69
77
86
95
104
109
109
108
104
99
91
83
76
70
62
58
55
52
49
47
48
50
52
57
63
69
75
81
85
89
91
92
92
88
85
80
77
74
69
66
62
60
56
52
51
51
51
51
54
59
66
74
82
89
92
95
94
89
84
78
75
70
64
61
57
55
51
50
50
51
53
56
60
64
69
73
78
82
84
86
87
87
86
84
83
76
67
59
50
41
36
35
37
41
46
52
56
61
67
71
75
78
81
84
85
86
85
84
83
79
77
72
67
61
57
53
50
49
51
54
56
60
64
68
71
74
77
78
77
75
75
74
73
68
64
64
61
59
56
56
57
56
56
58
62
68
74
81
87
92
93
92
89
86
83
77
73
70
66
59
50
46
43
41
42
46
52
59
66
74
79
84
89
91
94
94
94
95
94
90
85
80
75
65
56
52
49
47
45
48
51
54
56
60
64
68
74
80
84
86
85
83
78
71
65
59
53
48
44
41
38
36
34
33
33
33
34
35
37
40
45
49
53
58
61
63
62
60
58
53
49
49
49
46
46
47
48
48
48
52
56
60
64
68
73
77
79
80
78
76
71
65
59
53
49
46
42
38
34
32
32
35
39
44
51
57
62
68
74
79
82
82
82
83
81
79
78
77
74
69
65
61
57
54
53
54
56
58
62
67
72
78
84
89
92
93
92
89
86
78
74
70
66
61
55
53
52
49
48
51
53
57
62
67
74
79
86
91
93
93
90
86
79
71
66
61
55
49
45
41
35
33
35
39
46
53
61
68
74
80
87
94
97
95
90
82
72
60
53
51
49
46
42
38
34
30
29
32
37
43
51
59
67
75
83
91
94
90
85
77
67
54
53
51
49
46
42
38
34
30
27
25
31
38
45
53
58
62
66
71
75
79
83
85
86
85
82
80
76
70
64
57
51
45
42
41
41
43
43
43
42
42
43
45
47
46
49
51
53
53
53
51
49
46
42
38
34
30
27
25
23
23
23
25
27
35
42
48
52
53
51
51
53
53
53
51
49
46
42
38
34
30
27
27
28
31
36
42
48
55
61
66
69
70
67
61
53
53
53
51
49
46
42
38
34
30
27
25
23
30
37
42
45
48
52
56
61
66
70
72
73
72
69
65
60
54
48
42
37
33
32
33
35
37
41
45
50
54
59
63
67
70
71
72
70
68
65
63
60
58
56
54
51
48
46
45
45
46
49
52
57
61
65
69
72
73
72
71
68
64
59
54
49
46
42
38
34
30
29
31
35
40
46
52
59
66
71
74
76
76
75
74
71
67
62
56
51
46
42
39
38
39
40
42
44
47
51
56
62
69
75
80
84
85
84
82
77
71
64
55
49
46
42
38
34
30
31
34
39
43
49
55
62
68
73
77
79
79
77
73
68
62
55
51
49
46
42
38
34
30
27
31
38
44
51
58
64
69
74
79
83
85
84
82
77
71
64
58
53
49
45
42
39
37
37
38
42
46
52
58
66
74
83
91
96
98
96
89
80
69
59
52
49
46
42
38
35
35
36
37
38
39
42
46
51
58
64
70
74
75
74
70
65
58
53
52
49
46
42
38
34
31
31
34
38
43
47
52
57
62
66
69
72
74
74
73
71
67
63
57
52
46
42
39
37
36
38
41
44
49
55
60
65
69
73
76
78
80
81
81
81
79
77
73
67
59
51
44
37
34
33
35
38
42
46
49
52
55
59
63
66
70
71
71
67
60
53
52
49
46
42
38
34
31
27
25
23
23
23
25
27
32
37
43
51
57
61
64
63
59
53
52
49
46
42
38
34
31
29
36
43
50
56
61
67
72
77
81
85
87
86
82
78
72
68
64
61
59
56
53
50
48
47
48
51
56
62
70
77
84
91
97
101
102
100
95
86
76
64
53
49
46
42
38
34
31
28
33
41
48
56
64
70
76
81
86
89
89
87
82
74
66
57
52
49
46
42
38
34
31
36
41
48
54
62
70
79
87
96
103
107
107
102
93
79
64
53
52
49
46
42
38
34
31
28
25
31
37
43
49
55
62
67
71
73
73
70
65
57
54
53
52
49
46
42
38
34
31
30
32
35
37
39
42
46
50
55
61
66
69
70
66
59
54
53
52
49
46
42
39
35
31
28
25
24
27
35
42
49
55
62
68
73
77
78
77
74
71
68
63
59
54
48
44
39
37
36
38
41
45
50
55
59
64
68
72
75
77
78
79
78
75
72
70
67
65
63
61
58
55
52
49
48
48
49
53
57
63
69
74
79
83
85
85
84
80
75
70
65
61
58
56
55
55
55
56
57
59
61
64
70
75
81
86
89
90
90
88
84
81
77
73
68
64
60
56
53
52
52
54
57
61
64
67
70
73
77
82
89
97
105
112
119
125
126
123
118
110
101
90
83
78
76
74
73
72
73
75
79
83
88
91
95
96
96
94
92
89
85
79
74
68
64
62
62
63
66
70
73
77
82
86
89
91
93
93
92
92
93
94
93
90
85
80
76
73
70
69
69
68
66
64
64
65
67
70
74
79
85
92
98
102
105
104
102
96
90
83
76
69
64
60
58
58
60
64
68
72
76
79
83
87
92
101
107
111
112
109
104
96
90
83
78
74
70
67
65
64
65
68
74
79
85
93
103
112
120
127
132
131
125
115
102
89
78
69
63
59
57
56
56
56
58
60
63
66
68
69
71
72
73
75
78
79
79
77
73
66
57
52
50
47
43
39
35
31
41
52
60
67
72
75
78
82
87
94
100
105
105
102
94
84
72
61
51
47
43
39
37
39
44
51
57
64
70
75
79
81
82
82
84
85
86
86
86
83
78
72
65
58
52
47
45
44
44
44
45
47
48
50
54
58
63
68
72
76
78
79
78
75
72
67
61
54
48
44
40
39
39
40
41
42
44
46
49
53
58
64
70
76
80
82
80
75
66
56
50
47
43
39
35
39
44
49
53
56
59
62
64
68
71
76
80
83
86
88
90
91
91
89
85
81
76
72
69
67
67
67
67
68
68
70
73
77
82
87
92
95
95
93
89
83
78
74
71
70
71
71
71
70
70
69
70
72
76
80
83
87
91
95
99
102
103
101
98
93
87
80
74
68
64
61
59
59
62
66
70
74
77
80
82
85
87
89
91
92
91
88
84
79
73
69
67
65
65
64
64
63
63
62
64
66
70
74
78
83
88
93
98
100
100
97
92
86
80
74
70
67
65
63
62
62
63
63
64
65
67
69
72
76
81
86
90
93
95
96
95
94
92
89
84
78
70
62
56
50
47
45
43
42
41
42
45
52
61
70
80
87
91
91
89
84
78
71
64
58
53
51
50
53
57
62
68
74
81
89
96
104
111
116
119
118
115
110
102
95
88
80
73
67
63
59
56
55
55
56
58
61
65
70
74
77
80
83
85
86
88
89
89
88
87
84
81
76
72
68
65
64
65
66
68
71
74
77
81
86
92
97
102
106
107
107
105
102
97
92
86
80
75
72
72
74
78
83
87
89
90
91
93
95
99
104
108
110
110
107
103
98
93
89
86
84
82
80
78
76
74
72
71
71
71
73
75
78
81
84
87
90
91
92
92
91
89
85
80
75
69
64
60
59
59
62
66
70
75
79
84
89
95
101
106
109
110
109
105
100
94
87
81
76
72
70
70
72
74
78
82
87
91
95
98
101
103
106
107
109
109
109
108
105
101
95
90
84
79
76
75
75
78
82
87
93
99
105
111
116
120
123
123
120
116
111
104
98
92
86
81
77
74
72
72
71
71
70
69
68
67
67
68
70
74
78
82
85
87
88
87
85
82
77
70
62
54
46
41
38
38
41
46
51
57
64
71
80
90
99
106
112
114
114
110
104
97
90
85
82
80
79
79
78
77
76
75
76
77
79
82
85
89
93
97
100
103
104
103
100
95
90
84
80
78
76
76
76
75
74
74
75
77
81
85
89
95
100
105
108
109
108
105
100
94
89
84
80
77
76
76
76
78
80
82
85
88
92
97
102
107
113
117
118
118
115
110
105
99
93
87
82
78
75
74
74
74
75
77
78
80
82
86
92
98
105
110
115
117
118
118
117
116
115
113
110
106
102
98
95
92
91
90
89
90
93
97
102
108
114
120
122
122
119
115
109
102
96
91
87
85
85
86
89
92
96
100
105
110
115
121
128
136
145
150
153
152
146
137
125
113
102
94
89
85
82
82
84
87
92
97
102
106
108
109
110
111
113
116
118
118
118
115
111
105
99
94
89
86
84
85
88
93
98
101
105
104
101
96
91
88
85
85
87
90
92
93
91
89
84
78
72
68
67
67
69
71
74
75
76
77
79
82
87
92
96
100
102
103
103
102
101
98
94
90
85
81
78
76
76
76
77
77
78
80
83
87
92
99
105
111
115
116
116
114
111
107
103
98
94
90
87
85
84
86
88
90
93
96
100
106
114
122
130
136
138
135
130
123
115
108
102
96
92
90
90
92
97
103
109
116
123
129
136
143
151
162
170
174
175
170
160
144
129
116
104
97
94
93
95
98
101
103
104
102
98
93
90
89
90
93
98
103
108
112
115
115
114
111
106
100
94
89
84
81
79
78
78
78
78
79
80
82
85
90
95
99
103
106
107
106
103
99
94
89
84
80
76
73
70
68
67
66
66
68
71
74
79
84
89
94
98
99
98
96
92
87
81
77
75
75
77
82
88
97
105
113
120
126
130
134
137
139
140
139
136
131
126
120
115
109
105
100
96
91
88
84
82
80
78
77
76
76
77
79
81
85
88
91
94
96
98
98
98
96
92
88
83
78
74
72
71
72
75
77
79
79
79
79
79
81
85
90
96
100
103
103
100
96
90
85
80
78
77
78
82
86
91
96
102
108
114
122
129
137
144
149
152
152
148
141
132
122
109
93
80
72
69
71
78
88
98
106
111
114
116
119
123
128
133
136
136
133
128
120
112
104
97
93
91
89
87
86
85
84
83
83
84
86
90
96
104
113
122
130
136
136
133
126
115
103
91
82
77
74
74
75
78
79
79
78
77
77
77
79
82
87
93
100
104
107
106
101
94
82
69
61
55
52
50
52
56
57
58
60
61
63
65
69
73
78
82
87
92
96
99
101
101
100
98
94
90
87
86
88
93
101
110
119
126
130
133
136
138
141
146
150
152
149
143
135
124
115
107
101
98
96
97
100
105
111
118
126
131
137
142
149
155
161
168
172
174
172
167
158
148
138
128
122
118
115
112
108
104
99
94
89
86
85
85
88
92
97
102
108
113
116
118
119
117
114
110
106
102
98
96
96
97
100
103
108
113
118
120
122
122
123
124
126
129
131
132
132
130
126
122
119
115
112
109
105
102
100
99
99
100
102
105
109
113
119
124
129
133
134
134
131
128
123
118
113
109
106
104
103
103
103
103
103
103
104
104
106
109
112
115
118
121
123
125
125
124
121
117
113
109
105
103
102
101
102
103
105
108
112
117
122
128
134
138
142
144
145
144
141
135
128
122
116
112
111
111
113
115
116
117
117
118
120
123
126
130
134
137
141
143
143
142
139
133
128
122
118
115
114
113
112
111
109
107
106
105
105
106
110
114
119
123
127
130
132
132
132
131
129
126
123
118
114
109
104
100
96
93
92
90
91
92
94
97
101
105
110
114
117
118
119
118
116
113
110
106
103
99
96
93
90
87
85
84
85
86
88
92
96
101
106
111
115
118
120
119
116
112
108
103
100
98
97
96
95
95
94
93
92
93
95
98
103
108
115
121
126
130
131
132
130
128
125
121
116
112
107
102
97
93
90
88
88
88
89
91
93
96
98
101
102
103
104
103
103
102
101
100
98
98
98
99
100
103
104
106
107
109
112
116
120
124
128
130
131
130
128
124
120
115
111
107
104
101
99
98
97
97
97
99
101
105
109
113
117
121
124
126
128
128
126
123
119
115
112
110
110
110
111
112
113
113
112
110
108
105
103
103
104
106
108
112
117
120
120
120
117
112
106
100
97
94
93
93
95
96
97
99
101
107
113
121
129
137
144
147
149
146
141
135
128
121
115
112
110
109
107
106
104
101
100
99
100
102
106
110
115
120
124
128
130
132
132
132
130
128
123
119
115
110
106
102
99
97
96
96
97
99
103
106
110
116
121
126
130
132
133
132
128
126
123
120
117
116
115
114
113
113
113
114
115
118
121
125
128
132
134
136
137
136
135
133
129
125
120
115
112
109
107
106
105
103
103
102
102
103
105
108
111
114
118
121
124
126
126
125
122
119
115
113
110
109
107
107
106
104
103
104
105
107
110
113
118
122
126
129
132
133
133
132
128
124
119
114
109
104
101
98
96
94
93
92
92
93
96
99
103
108
112
116
118
120
120
118
115
113
110
107
105
103
103
103
103
103
104
105
107
109
111
114
117
121
126
130
133
136
136
134
130
126
123
119
116
114
114
113
113
112
111
111
112
114
116
120
123
126
129
131
133
134
134
132
129
125
121
117
113
110
107
104
100
96
92
90
88
87
88
91
93
96
99
102
104
107
109
109
108
106
102
98
94
90
86
83
82
81
81
81
82
84
87
90
93
99
105
109
114
118
122
124
124
125
125
125
123
121
119
117
114
113
113
113
115
117
121
124
128
132
135
138
141
141
141
139
137
134
130
126
122
118
114
111
109
107
107
107
108
110
113
117
121
125
130
136
141
145
148
151
152
152
149
145
140
134
127
122
118
115
113
113
115
118
121
126
132
138
142
147
149
151
151
149
146
142
138
134
131
127
124
121
118
117
115
115
116
118
122
125
130
134
138
142
145
147
148
148
148
146
143
141
139
138
137
136
137
138
139
141
144
148
151
156
161
166
170
174
177
178
176
173
168
162
157
152
150
149
148
149
149
149
149
150
152
154
157
162
166
171
175
181
184
185
185
182
177
169
162
155
150
146
143
141
139
138
137
137
138
139
142
145
148
152
155
158
161
163
163
162
160
157
153
149
144
140
135
130
125
120
117
114
114
114
115
117
120
124
127
131
134
138
140
140
141
140
137
135
133
130
127
124
122
120
118
118
119
121
124
127
132
136
141
146
150
154
156
156
155
153
149
145
141
138
135
133
132
131
131
131
131
133
136
139
142
146
150
154
158
161
163
165
166
166
165
162
159
156
152
149
145
142
141
141
141
143
147
151
154
157
159
161
162
162
162
161
158
155
151
146
142
138
134
130
127
124
121
119
119
120
123
127
132
136
141
145
148
151
153
153
153
152
149
146
143
139
136
132
129
127
125
125
126
127
131
134
139
144
149
153
156
158
159
159
158
156
154
150
147
144
141
138
135
133
133
134
136
140
145
151
156
161
165
169
172
174
175
175
175
174
172
170
167
165
163
161
160
159
160
161
163
167
171
177
183
188
194
200
202
202
201
199
194
187
183
179
176
173
171
170
169
169
170
173
173
174
176
178
181
188
199
205
213
216
215
208
196
186
173
164
156
151
147
144
142
141
139
138
138
139
141
144
148
153
158
163
167
171
173
172
169
166
161
156
151
147
143
139
137
135
135
135
137
143
148
154
160
166
171
174
176
178
178
177
174
169
165
160
157
154
153
153
153
151
150
149
146
142
138
136
136
136
138
140
142
144
145
145
145
143
142
139
136
133
129
126
122
119
117
114
113
113
115
117
121
125
130
134
139
143
145
145
144
143
141
139
137
135
133
131
127
124
121
120
119
119
120
121
121
121
121
121
121
121
121
122
121
121
121
121
121
119
117
114
111
108
105
103
103
104
106
109
112
116
119
122
124
127
129
131
133
133
131
129
125
122
118
114
110
107
105
105
105
107
107
108
108
109
111
114
119
124
129
132
134
134
132
129
123
116
108
101
98
96
98
101
106
111
114
118
123
128
133
139
143
146
148
148
146
144
141
138
135
132
130
129
128
129
130
132
135
140
145
152
159
166
173
179
183
185
184
179
171
162
152
144
137
134
132
130
130
129
128
128
129
130
132
135
138
142
146
150
153
154
155
155
155
155
153
151
148
144
139
135
130
126
124
122
122
123
125
127
131
136
140
145
149
152
153
153
152
149
146
143
140
136
132
127
122
118
114
112
112
113
116
119
124
130
136
141
146
150
152
151
149
145
141
138
136
137
138
139
140
141
142
143
144
146
149
154
158
162
166
169
171
172
172
170
166
162
157
152
148
144
140
136
133
131
130
130
133
137
141
145
149
153
157
161
164
166
168
168
167
165
162
158
155
151
147
144
141
139
138
139
140
143
146
150
155
159
163
167
171
173
175
175
175
173
170
167
163
159
155
150
146
143
141
141
142
144
147
151
155
160
163
167
170
171
171
169
166
161
156
150
145
140
136
133
131
129
128
129
131
134
139
144
150
154
159
162
164
166
167
166
165
162
159
156
153
151
149
147
146
144
143
141
140
141
143
146
151
156
160
164
167
168
168
166
162
158
153
148
144
141
139
137
136
135
134
134
134
134
137
140
144
148
153
158
162
166
167
166
164
161
158
155
152
149
146
144
142
141
141
143
145
147
149
151
153
154
155
156
156
156
156
156
155
154
152
150
147
144
141
138
136
134
133
135
137
139
141
143
147
152
157
164
170
175
177
177
175
171
167
162
158
154
150
146
143
141
141
141
143
147
151
157
162
168
173
178
183
186
189
191
191
191
191
192
194
196
200
204
209
213
217
223
230
234
237
239
240
239
237
236
236
234
232
227
221
214
208
203
198
195
193
191
190
189
188
187
187
187
187
188
191
195
201
207
213
216
217
216
213
208
202
197
192
187
184
181
178
176
176
177
180
184
188
192
196
199
200
201
201
202
201
200
198
196
193
189
186
184
181
180
179
179
180
182
186
192
198
205
210
212
211
208
205
201
199
198
198
197
195
192
187
182
178
174
172
175
180
189
199
208
214
215
213
208
201
196
194
193
193
192
191
189
187
185
182
178
175
170
167
164
162
161
161
162
164
166
169
173
177
180
182
184
184
184
182
180
176
173
168
164
160
157
154
153
152
151
152
154
157
160
165
169
174
179
184
188
190
191
189
186
181
176
172
168
165
163
161
160
159
158
158
158
158
159
161
164
168
172
176
179
181
181
181
179
177
175
172
168
163
158
154
150
147
146
145
146
147
149
151
153
155
158
160
163
165
165
164
162
158
154
149
146
143
139
137
134
133
132
133
137
141
148
156
165
173
180
186
190
191
190
187
183
179
177
176
180
184
188
188
185
181
173
164
158
157
159
162
167
172
176
180
183
185
185
184
181
177
172
168
163
158
155
151
149
148
147
164
158
157
159
162
167
172
176
180
183
185
185
184
181
177
172
168
163
158
155
151
149
148
147
