1,39
1,4
1,41
1,47
1,51
1,57
1,62
1,74
1,91
2,03
1,91
1,8
1,62
1,57
1,51
1,47
1,45
1,47
1,53
1,51
1,57
1,54
1,51
1,41
1,42
1,43
1,44
1,5
1,53
1,59
1,65
1,77
1,95
2,06
1,95
1,83
1,65
1,59
1,53
1,5
1,47
1,5
1,56
1,53
1,59
1,57
1,53
1,44
1,59
1,6
1,62
1,68
1,72
1,79
1,86
1,99
2,19
2,32
2,19
2,06
1,86
1,79
1,72
1,68
1,66
1,68
1,75
1,72
1,79
1,76
1,72
1,62
1,26
1,27
1,28
1,33
1,36
1,42
1,47
1,57
1,73
1,84
1,73
1,63
1,47
1,42
1,36
1,33
1,31
1,33
1,38
1,36
1,42
1,39
1,36
1,28
1,29
1,3
1,31
1,36
1,4
1,45
1,5
1,61
1,77
1,88
1,77
1,66
1,5
1,45
1,4
1,36
1,34
1,36
1,42
1,4
1,45
1,43
1,4
1,31
1,34
1,35
1,37
1,42
1,46
1,51
1,57
1,68
1,85
1,96
1,85
1,73
1,57
1,51
1,46
1,42
1,4
1,42
1,48
1,46
1,51
1,49
1,46
1,37
1,45
1,46
1,48
1,54
1,57
1,63
1,69
1,82
2
2,12
2
1,88
1,69
1,63
1,57
1,54
1,51
1,54
1,6
1,57
1,63
1,61
1,57
1,48
1,56
1,57
1,58
1,65
1,68
1,75
1,81
1,94
2,14
2,27
2,14
2,01
1,81
1,75
1,68
1,65
1,62
1,65
1,71
1,68
1,75
1,72
1,68
1,58
1,68
1,69
1,7
1,77
1,82
1,89
1,96
2,1
2,31
2,44
2,31
2,17
1,96
1,89
1,82
1,77
1,75
1,77
1,84
1,82
1,89
1,86
1,82
1,7
1,92
1,94
1,96
2,04
2,09
2,17
2,25
2,41
2,65
2,81
2,65
2,49
2,25
2,17
2,09
2,04
2
2,04
2,12
2,09
2,17
2,13
2,09
1,96
1,8
1,82
1,83
1,91
1,95
2,03
2,1
2,25
2,48
2,63
2,48
2,33
2,1
2,03
1,95
1,91
1,88
1,91
1,98
1,95
2,03
2
1,95
1,83
1,6
1,62
1,63
1,7
1,74
1,8
1,87
2
2,21
2,34
2,21
2,07
1,87
1,8
1,74
1,7
1,67
1,7
1,76
1,74
1,8
1,78
1,74
1,63
1,45
1,46
1,47
1,53
1,57
1,63
1,69
1,81
1,99
2,11
1,99
1,87
1,69
1,63
1,57
1,53
1,51
1,53
1,59
1,57
1,63
1,6
1,57
1,47
1,28
1,29
1,3
1,35
1,38
1,44
1,49
1,6
1,76
1,86
1,76
1,65
1,49
1,44
1,38
1,35
1,33
1,35
1,4
1,38
1,44
1,41
1,38
1,3
1,37
1,38
1,4
1,45
1,49
1,55
1,6
1,72
1,89
2
1,89
1,77
1,6
1,55
1,49
1,45
1,43
1,45
1,51
1,49
1,55
1,52
1,49
1,4
1,23
1,24
1,25
1,3
1,33
1,38
1,43
1,54
1,69
1,79
1,69
1,59
1,43
1,38
1,33
1,3
1,28
1,3
1,35
1,33
1,38
1,36
1,33
1,25
1,25
1,26
1,27
1,32
1,35
1,4
1,45
1,56
1,71
1,82
1,71
1,61
1,45
1,4
1,35
1,32
1,3
1,32
1,37
1,35
1,4
1,38
1,35
1,27
1,33
1,34
1,35
1,41
1,44
1,5
1,55
1,66
1,83
1,94
1,83
1,72
1,55
1,5
1,44
1,41
1,39
1,41
1,46
1,44
1,5
1,48
1,44
1,35
1,28
1,29
1,3
1,36
1,39
1,44
1,5
1,6
1,76
1,87
1,76
1,66
1,5
1,44
1,39
1,36
1,34
1,36
1,41
1,39
1,44
1,42
1,39
1,3
1,3
1,31
1,32
1,38
1,41
1,46
1,52
1,63
1,79
1,9
1,79
1,68
1,52
1,46
1,41
1,38
1,35
1,38
1,43
1,41
1,46
1,44
1,41
1,32
1,33
1,34
1,35
1,41
1,44
1,5
1,55
1,66
1,83
1,94
1,83
1,72
1,55
1,5
1,44
1,41
1,39
1,41
1,46
1,44
1,5
1,48
1,44
1,35
1,19
1,2
1,21
1,25
1,28
1,33
1,38
1,48
1,63
1,73
1,63
1,53
1,38
1,33
1,28
1,25
1,24
1,25
1,3
1,28
1,33
1,31
1,28
1,21
1,2
1,21
1,22
1,27
1,3
1,35
1,4
1,5
1,65
1,75
1,65
1,55
1,4
1,35
1,3
1,27
1,25
1,27
1,32
1,3
1,35
1,33
1,3
1,22
1,33
1,34
1,35
1,41
1,44
1,5
1,55
1,66
1,83
1,94
1,83
1,72
1,55
1,5
1,44
1,41
1,39
1,41
1,46
1,44
1,5
1,48
1,44
1,35
1,37
1,38
1,39
1,45
1,48
1,54
1,6
1,71
1,88
1,99
1,88
1,77
1,6
1,54
1,48
1,45
1,42
1,45
1,5
1,48
1,54
1,52
1,48
1,39
1,48
1,49
1,5
1,56
1,6
1,66
1,72
1,85
2,03
2,15
2,03
1,91
1,72
1,66
1,6
1,56
1,54
1,56
1,62
1,6
1,66
1,64
1,6
1,5
1,48
1,49
1,5
1,56
1,6
1,66
1,72
1,85
2,03
2,15
2,03
1,91
1,72
1,66
1,6
1,56
1,54
1,56
1,62
1,6
1,66
1,64
1,6
1,5
1,45
1,46
1,48
1,54
1,57
1,63
1,69
1,82
2
2,12
2
1,88
1,69
1,63
1,57
1,54
1,51
1,54
1,6
1,57
1,63
1,61
1,57
1,48
1,32
1,33
1,34
1,4
1,43
1,48
1,54
1,65
1,81
1,92
1,81
1,7
1,54
1,48
1,43
1,4
1,37
1,4
1,45
1,43
1,48
1,46
1,43
1,34
1,59
1,6
1,62
1,68
1,72
1,79
1,86
1,99
2,19
2,32
2,19
2,06
1,86
1,79
1,72
1,68
1,66
1,68
1,75
1,72
1,79
1,76
1,72
1,62
1,4
1,41
1,42
1,48
1,51
1,57
1,63
1,75
1,92
2,04
1,92
1,81
1,63
1,57
1,51
1,48
1,46
1,48
1,54
1,51
1,57
1,55
1,51
1,42
1,36
1,37
1,38
1,44
1,47
1,53
1,59
1,7
1,87
1,99
1,87
1,76
1,59
1,53
1,47
1,44
1,42
1,44
1,5
1,47
1,53
1,51
1,47
1,38
1,62
1,64
1,65
1,72
1,76
1,82
1,89
2,03
2,23
2,37
2,23
2,09
1,89
1,82
1,76
1,72
1,69
1,72
1,78
1,76
1,82
1,8
1,76
1,65
1,42
1,43
1,44
1,5
1,53
1,59
1,65
1,77
1,95
2,06
1,95
1,83
1,65
1,59
1,53
1,5
1,47
1,5
1,56
1,53
1,59
1,57
1,53
1,44
1,08
1,09
1,1
1,15
1,17
1,22
1,26
1,35
1,49
1,58
1,49
1,4
1,26
1,22
1,17
1,15
1,13
1,15
1,19
1,17
1,22
1,2
1,17
1,1
1,2
1,21
1,22
1,27
1,3
1,35
1,4
1,5
1,65
1,75
1,65
1,55
1,4
1,35
1,3
1,27
1,25
1,27
1,32
1,3
1,35
1,33
1,3
1,22
1,31
1,32
1,33
1,39
1,42
1,48
1,53
1,64
1,81
1,91
1,81
1,7
1,53
1,48
1,42
1,39
1,37
1,39
1,44
1,42
1,48
1,46
1,42
1,33
1,29
1,3
1,31
1,36
1,4
1,45
1,5
1,61
1,77
1,88
1,77
1,66
1,5
1,45
1,4
1,36
1,34
1,36
1,42
1,4
1,45
1,43
1,4
1,31
1,28
1,29
1,3
1,35
1,38
1,44
1,49
1,6
1,76
1,86
1,76
1,65
1,49
1,44
1,38
1,35
1,33
1,35
1,4
1,38
1,44
1,41
1,38
1,3
1,23
1,24
1,25
1,31
1,34
1,39
1,44
1,54
1,7
1,8
1,7
1,59
1,44
1,39
1,34
1,31
1,29
1,31
1,36
1,34
1,39
1,37
1,34
1,25
1,23
1,24
1,25
1,3
1,33
1,38
1,43
1,54
1,69
1,79
1,69
1,59
1,43
1,38
1,33
1,3
1,28
1,3
1,35
1,33
1,38
1,36
1,33
1,25
1,26
1,27
1,28
1,33
1,36
1,42
1,47
1,57
1,73
1,84
1,73
1,63
1,47
1,42
1,36
1,33
1,31
1,33
1,38
1,36
1,42
1,39
1,36
1,28
1,28
1,29
1,3
1,36
1,39
1,44
1,5
1,6
1,76
1,87
1,76
1,66
1,5
1,44
1,39
1,36
1,34
1,36
1,41
1,39
1,44
1,42
1,39
1,3
1,36
1,37
1,38
1,43
1,47
1,52
1,58
1,69
1,86
1,98
1,86
1,75
1,58
1,52
1,47
1,43
1,41
1,43
1,49
1,47
1,52
1,5
1,47
1,38
1,37
1,38
1,4
1,45
1,49
1,55
1,6
1,72
1,89
2
1,89
1,77
1,6
1,55
1,49
1,45
1,43
1,45
1,51
1,49
1,55
1,52
1,49
1,4
1,39
1,4
1,41
1,47
1,51
1,57
1,62
1,74
1,91
2,03
1,91
1,8
1,62
1,57
1,51
1,47
1,45
1,47
1,53
1,51
1,57
1,54
1,51
1,41
1,35
1,36
1,37
1,43
1,46
1,52
1,57
1,69
1,86
1,97
1,86
1,74
1,57
1,52
1,46
1,43
1,41
1,43
1,48
1,46
1,52
1,5
1,46
1,37
1,41
1,42
1,43
1,49
1,53
1,59
1,64
1,76
1,94
2,06
1,94
1,82
1,64
1,59
1,53
1,49
1,47
1,49
1,55
1,53
1,59
1,56
1,53
1,43
1,44
1,45
1,46
1,52
1,56
1,62
1,68
1,8
1,98
2,1
1,98
1,86
1,68
1,62
1,56
1,52
1,5
1,52
1,58
1,56
1,62
1,6
1,56
1,46
1,59
1,6
1,62
1,68
1,72
1,79
1,86
1,99
2,19
2,32
2,19
2,06
1,86
1,79
1,72
1,68
1,66
1,68
1,75
1,72
1,79
1,76
1,72
1,62
1,62
1,64
1,65
1,72
1,76
1,82
1,89
2,03
2,23
2,37
2,23
2,09
1,89
1,82
1,76
1,72
1,69
1,72
1,78
1,76
1,82
1,8
1,76
1,65
1,71
1,73
1,74
1,81
1,86
1,93
2
2,14
2,36
2,5
2,36
2,21
2
1,93
1,86
1,81
1,78
1,81
1,88
1,86
1,93
1,9
1,86
1,74
1,47
1,48
1,49
1,56
1,59
1,65
1,72
1,84
2,02
2,14
2,02
1,9
1,72
1,65
1,59
1,56
1,53
1,56
1,62
1,59
1,65
1,63
1,59
1,49
1,62
1,63
1,64
1,71
1,75
1,82
1,89
2,02
2,22
2,36
2,22
2,09
1,89
1,82
1,75
1,71
1,68
1,71
1,78
1,75
1,82
1,79
1,75
1,64
1,8
1,82
1,83
1,91
1,95
2,03
2,1
2,25
2,48
2,63
2,48
2,33
2,1
2,03
1,95
1,91
1,88
1,91
1,98
1,95
2,03
2
1,95
1,83
1,48
1,49
1,51
1,57
1,61
1,67
1,73
1,85
2,04
2,16
2,04
1,91
1,73
1,67
1,61
1,57
1,54
1,57
1,63
1,61
1,67
1,64
1,61
1,51
1,73
1,75
1,76
1,83
1,88
1,95
2,02
2,16
2,38
2,52
2,38
2,24
2,02
1,95
1,88
1,83
1,8
1,83
1,9
1,88
1,95
1,92
1,88
1,76
1,8
1,82
1,83
1,91
1,95
2,03
2,1
2,25
2,48
2,63
2,48
2,33
2,1
2,03
1,95
1,91
1,88
1,91
1,98
1,95
2,03
2
1,95
1,83
1,75
1,76
1,78
1,85
1,89
1,97
2,04
2,19
2,4
2,55
2,4
2,26
2,04
1,97
1,89
1,85
1,82
1,85
1,92
1,89
1,97
1,94
1,89
1,78
1,57
1,59
1,6
1,67
1,7
1,77
1,84
1,97
2,16
2,29
2,16
2,03
1,84
1,77
1,7
1,67
1,64
1,67
1,73
1,7
1,77
1,74
1,7
1,6
1,46
1,47
1,48
1,54
1,58
1,64
1,7
1,82
2,01
2,13
2,01
1,88
1,7
1,64
1,58
1,54
1,52
1,54
1,6
1,58
1,64
1,62
1,58
1,48
1,33
1,34
1,35
1,41
1,44
1,5
1,55
1,66
1,83
1,94
1,83
1,72
1,55
1,5
1,44
1,41
1,39
1,41
1,46
1,44
1,5
1,48
1,44
1,35
1,16
1,17
1,17
1,22
1,25
1,3
1,35
1,44
1,59
1,68
1,59
1,49
1,35
1,3
1,25
1,22
1,2
1,22
1,27
1,25
1,3
1,28
1,25
1,17
1,3
1,31
1,32
1,38
1,41
1,46
1,52
1,63
1,79
1,9
1,79
1,68
1,52
1,46
1,41
1,38
1,35
1,38
1,43
1,41
1,46
1,44
1,41
1,32
1,14
1,15
1,16
1,21
1,24
1,29
1,33
1,43
1,57
1,67
1,57
1,48
1,33
1,29
1,24
1,21
1,19
1,21
1,26
1,24
1,29
1,27
1,24
1,16
1,26
1,27
1,28
1,33
1,36
1,42
1,47
1,57
1,73
1,84
1,73
1,63
1,47
1,42
1,36
1,33
1,31
1,33
1,38
1,36
1,42
1,39
1,36
1,28
1,31
1,32
1,33
1,38
1,42
1,47
1,52
1,63
1,8
1,91
1,8
1,69
1,52
1,47
1,42
1,38
1,36
1,38
1,44
1,42
1,47
1,45
1,42
1,33
1,2
1,21
1,22
1,27
1,3
1,35
1,4
1,5
1,65
1,75
1,65
1,55
1,4
1,35
1,3
1,27
1,25
1,27
1,32
1,3
1,35
1,33
1,3
1,22
1,07
1,08
1,09
1,13
1,16
1,2
1,25
1,34
1,47
1,56
1,47
1,38
1,25
1,2
1,16
1,13
1,12
1,13
1,18
1,16
1,2
1,19
1,16
1,09
1,07
1,08
1,09
1,13
1,16
1,2
1,25
1,34
1,47
1,56
1,47
1,38
1,25
1,2
1,16
1,13
1,12
1,13
1,18
1,16
1,2
1,19
1,16
1,09
1,11
1,12
1,13
1,18
1,21
1,25
1,3
1,39
1,53
1,62
1,53
1,44
1,3
1,25
1,21
1,18
1,16
1,18
1,22
1,21
1,25
1,23
1,21
1,13
1,12
1,13
1,14
1,18
1,21
1,26
1,31
1,4
1,54
1,63
1,54
1,45
1,31
1,26
1,21
1,18
1,17
1,18
1,23
1,21
1,26
1,24
1,21
1,14
1,14
1,15
1,16
1,21
1,24
1,29
1,33
1,43
1,57
1,67
1,57
1,48
1,33
1,29
1,24
1,21
1,19
1,21
1,26
1,24
1,29
1,27
1,24
1,16
1,34
1,35
1,37
1,42
1,46
1,51
1,57
1,68
1,85
1,96
1,85
1,73
1,57
1,51
1,46
1,42
1,4
1,42
1,48
1,46
1,51
1,49
1,46
1,37
1,63
1,64
1,66
1,72
1,76
1,83
1,9
2,03
2,24
2,37
2,24
2,1
1,9
1,83
1,76
1,72
1,7
1,72
1,79
1,76
1,83
1,8
1,76
1,66
1,51
1,53
1,54
1,6
1,64
1,7
1,76
1,89
2,08
2,21
2,08
1,95
1,76
1,7
1,64
1,6
1,58
1,6
1,66
1,64
1,7
1,68
1,64
1,54
1,28
1,29
1,3
1,36
1,39
1,44
1,5
1,6
1,76
1,87
1,76
1,66
1,5
1,44
1,39
1,36
1,34
1,36
1,41
1,39
1,44
1,42
1,39
1,3
1,23
1,24
1,25
1,3
1,33
1,38
1,43
1,54
1,69
1,79
1,69
1,59
1,43
1,38
1,33
1,3
1,28
1,3
1,35
1,33
1,38
1,36
1,33
1,25
1,02
1,03
1,04
1,08
1,11
1,15
1,19
1,28
1,41
1,49
1,41
1,32
1,19
1,15
1,11
1,08
1,06
1,08
1,12
1,11
1,15
1,13
1,11
1,04
1,22
1,23
1,24
1,29
1,32
1,37
1,42
1,52
1,67
1,77
1,67
1,57
1,42
1,37
1,32
1,29
1,27
1,29
1,34
1,32
1,37
1,35
1,32
1,24
1,34
1,35
1,37
1,42
1,46
1,51
1,57
1,68
1,85
1,96
1,85
1,73
1,57
1,51
1,46
1,42
1,4
1,42
1,48
1,46
1,51
1,49
1,46
1,37
1,22
1,23
1,24
1,29
1,32
1,37
1,42
1,52
1,67
1,77
1,67
1,57
1,42
1,37
1,32
1,29
1,27
1,29
1,34
1,32
1,37
1,35
1,32
1,24
1,09
1,1
1,11
1,15
1,18
1,22
1,27
1,36
1,5
1,59
1,5
1,41
1,27
1,22
1,18
1,15
1,13
1,15
1,2
1,18
1,22
1,21
1,18
1,11
1,16
1,17
1,17
1,22
1,25
1,3
1,35
1,44
1,59
1,68
1,59
1,49
1,35
1,3
1,25
1,22
1,2
1,22
1,27
1,25
1,3
1,28
1,25
1,17
1,11
1,12
1,13
1,17
1,2
1,25
1,29
1,38
1,52
1,61
1,52
1,43
1,29
1,25
1,2
1,17
1,15
1,17
1,22
1,2
1,25
1,23
1,2
1,13
1,23
1,24
1,25
1,3
1,33
1,38
1,43
1,54
1,69
1,79
1,69
1,59
1,43
1,38
1,33
1,3
1,28
1,3
1,35
1,33
1,38
1,36
1,33
1,25
1,31
1,32
1,33
1,39
1,42
1,48
1,53
1,64
1,81
1,91
1,81
1,7
1,53
1,48
1,42
1,39
1,37
1,39
1,44
1,42
1,48
1,46
1,42
1,33
1,28
1,29
1,3
1,35
1,38
1,44
1,49
1,6
1,76
1,86
1,76
1,65
1,49
1,44
1,38
1,35
1,33
1,35
1,4
1,38
1,44
1,41
1,38
1,3
1,25
1,26
1,27
1,32
1,35
1,4
1,45
1,56
1,71
1,82
1,71
1,61
1,45
1,4
1,35
1,32
1,3
1,32
1,37
1,35
1,4
1,38
1,35
1,27
1,2
1,21
1,22
1,27
1,3
1,35
1,4
1,5
1,65
1,75
1,65
1,55
1,4
1,35
1,3
1,27
1,25
1,27
1,32
1,3
1,35
1,33
1,3
1,22
1,2
1,21
1,22
1,27
1,3
1,35
1,4
1,5
1,66
1,76
1,66
1,55
1,4
1,35
1,3
1,27
1,25
1,27
1,32
1,3
1,35
1,33
1,3
1,22
1,23
1,24
1,25
1,3
1,33
1,38
1,43
1,54
1,69
1,79
1,69
1,59
1,43
1,38
1,33
1,3
1,28
1,3
1,35
1,33
1,38
1,36
1,33
1,25
1,19
1,2
1,21
1,25
1,28
1,33
1,38
1,48
1,63
1,73
1,63
1,53
1,38
1,33
1,28
1,25
1,24
1,25
1,3
1,28
1,33
1,31
1,28
1,21
1,22
1,23
1,24
1,29
1,32
1,37
1,42
1,52
1,67
1,77
1,67
1,57
1,42
1,37
1,32
1,29
1,27
1,29
1,34
1,32
1,37
1,35
1,32
1,24
1,12
1,13
1,14
1,18
1,21
1,26
1,31
1,4
1,54
1,63
1,54
1,45
1,31
1,26
1,21
1,18
1,17
1,18
1,23
1,21
1,26
1,24
1,21
1,14
1
1,01
1,01
1,06
1,08
1,12
1,16
1,25
1,37
1,46
1,37
1,29
1,16
1,12
1,08
1,06
1,04
1,06
1,1
1,08
1,12
1,11
1,08
1,01
1,08
1,09
1,09
1,14
1,17
1,21
1,26
1,35
1,48
1,57
1,48
1,39
1,26
1,21
1,17
1,14
1,12
1,14
1,18
1,17
1,21
1,19
1,17
1,09
1,08
1,09
1,09
1,14
1,17
1,21
1,26
1,35
1,48
1,57
1,48
1,39
1,26
1,21
1,17
1,14
1,12
1,14
1,18
1,17
1,21
1,19
1,17
1,09
1,14
1,15
1,16
1,21
1,24
1,29
1,33
1,43
1,57
1,67
1,57
1,48
1,33
1,29
1,24
1,21
1,19
1,21
1,26
1,24
1,29
1,27
1,24
1,16
1,16
1,17
1,17
1,22
1,25
1,3
1,35
1,44
1,59
1,68
1,59
1,49
1,35
1,3
1,25
1,22
1,2
1,22
1,27
1,25
1,3
1,28
1,25
1,17
1,09
1,1
1,11
1,15
1,18
1,22
1,27
1,36
1,5
1,59
1,5
1,41
1,27
1,22
1,18
1,15
1,13
1,15
1,2
1,18
1,22
1,21
1,18
1,11
1,09
1,1
1,11
1,15
1,18
1,22
1,27
1,36
1,5
1,59
1,5
1,41
1,27
1,22
1,18
1,15
1,13
1,15
1,2
1,18
1,22
1,21
1,18
1,11
1,11
1,12
1,13
1,17
1,2
1,25
1,29
1,38
1,52
1,61
1,52
1,43
1,29
1,25
1,2
1,17
1,15
1,17
1,22
1,2
1,25
1,23
1,2
1,13
1,02
1,02
1,03
1,08
1,1
1,14
1,19
1,27
1,4
1,48
1,4
1,31
1,19
1,14
1,1
1,08
1,06
1,08
1,12
1,1
1,14
1,13
1,1
1,03
0,99
0,99
1
1,04
1,07
1,11
1,15
1,23
1,36
1,44
1,36
1,27
1,15
1,11
1,07
1,04
1,03
1,04
1,08
1,07
1,11
1,09
1,07
1
1,09
1,1
1,11
1,15
1,18
1,22
1,27
1,36
1,5
1,59
1,5
1,41
1,27
1,22
1,18
1,15
1,13
1,15
1,2
1,18
1,22
1,21
1,18
1,11
1,08
1,09
1,09
1,14
1,17
1,21
1,26
1,35
1,48
1,57
1,48
1,39
1,26
1,21
1,17
1,14
1,12
1,14
1,18
1,17
1,21
1,19
1,17
1,09
1,03
1,04
1,05
1,09
1,11
1,16
1,2
1,29
1,41
1,5
1,41
1,33
1,2
1,16
1,11
1,09
1,07
1,09
1,13
1,11
1,16
1,14
1,11
1,05
0,93
0,93
0,94
0,98
1
1,04
1,08
1,16
1,27
1,35
1,27
1,2
1,08
1,04
1
0,98
0,96
0,98
1,02
1
1,04
1,03
1
0,94
0,86
0,87
0,87
0,91
0,93
0,97
1
1,07
1,18
1,25
1,18
1,11
1
0,97
0,93
0,91
0,89
0,91
0,94
0,93
0,97
0,95
0,93
0,87
0,69
0,7
0,71
0,74
0,75
0,78
0,81
0,87
0,96
1,01
0,96
0,9
0,81
0,78
0,75
0,74
0,72
0,74
0,76
0,75
0,78
0,77
0,75
0,71
0,74
0,75
0,76
0,79
0,81
0,84
0,87
0,93
1,02
1,08
1,02
0,96
0,87
0,84
0,81
0,79
0,77
0,79
0,82
0,81
0,84
0,82
0,81
0,76
0,89
0,9
0,91
0,95
0,97
1,01
1,04
1,12
1,23
1,31
1,23
1,16
1,04
1,01
0,97
0,95
0,93
0,95
0,98
0,97
1,01
0,99
0,97
0,91
0,89
0,9
0,9
0,94
0,96
1
1,04
1,11
1,22
1,3
1,22
1,15
1,04
1
0,96
0,94
0,93
0,94
0,98
0,96
1
0,99
0,96
0,9
0,93
0,93
0,94
0,98
1
1,04
1,08
1,16
1,27
1,35
1,27
1,2
1,08
1,04
1
0,98
0,96
0,98
1,02
1
1,04
1,03
1
0,94
0,99
0,99
1
1,04
1,07
1,11
1,15
1,23
1,36
1,44
1,36
1,27
1,15
1,11
1,07
1,04
1,03
1,04
1,08
1,07
1,11
1,09
1,07
1
0,79
0,79
0,8
0,83
0,85
0,88
0,92
0,98
1,08
1,15
1,08
1,02
0,92
0,88
0,85
0,83
0,82
0,83
0,86
0,85
0,88
0,87
0,85
0,8
0,68
0,68
0,69
0,72
0,73
0,76
0,79
0,85
0,93
0,99
0,93
0,87
0,79
0,76
0,73
0,72
0,71
0,72
0,74
0,73
0,76
0,75
0,73
0,69
0,86
0,87
0,87
0,91
0,93
0,97
1
1,07
1,18
1,25
1,18
1,11
1
0,97
0,93
0,91
0,89
0,91
0,94
0,93
0,97
0,95
0,93
0,87
0,85
0,85
0,86
0,9
0,92
0,95
0,99
1,06
1,16
1,23
1,16
1,09
0,99
0,95
0,92
0,9
0,88
0,9
0,93
0,92
0,95
0,94
0,92
0,86
0,92
0,93
0,93
0,97
1
1,03
1,07
1,15
1,26
1,34
1,26
1,19
1,07
1,03
1
0,97
0,96
0,97
1,01
1
1,03
1,02
1
0,93
1,03
1,04
1,05
1,09
1,11
1,16
1,2
1,29
1,41
1,5
1,41
1,33
1,2
1,16
1,11
1,09
1,07
1,09
1,13
1,11
1,16
1,14
1,11
1,05
1,14
1,15
1,16
1,21
1,24
1,29
1,33
1,43
1,57
1,67
1,57
1,48
1,33
1,29
1,24
1,21
1,19
1,21
1,26
1,24
1,29
1,27
1,24
1,16
0,85
0,85
0,86
0,9
0,92
0,95
0,99
1,06
1,16
1,23
1,16
1,09
0,99
0,95
0,92
0,9
0,88
0,9
0,93
0,92
0,95
0,94
0,92
0,86
0,86
0,87
0,87
0,91
0,93
0,97
1
1,07
1,18
1,25
1,18
1,11
1
0,97
0,93
0,91
0,89
0,91
0,94
0,93
0,97
0,95
0,93
0,87
0,73
0,73
0,74
0,77
0,79
0,82
0,85
0,91
1
1,06
1
0,94
0,85
0,82
0,79
0,77
0,76
0,77
0,8
0,79
0,82
0,8
0,79
0,74
0,74
0,74
0,75
0,78
0,8
0,83
0,86
0,92
1,01
1,08
1,01
0,95
0,86
0,83
0,8
0,78
0,77
0,78
0,81
0,8
0,83
0,82
0,8
0,75
0,59
0,6
0,6
0,63
0,64
0,67
0,69
0,74
0,81
0,86
0,81
0,76
0,69
0,67
0,64
0,63
0,62
0,63
0,65
0,64
0,67
0,66
0,64
0,6
0,62
0,62
0,63
0,65
0,67
0,69
0,72
0,77
0,85
0,9
0,85
0,8
0,72
0,69
0,67
0,65
0,64
0,65
0,68
0,67
0,69
0,68
0,67
0,63
0,74
0,74
0,75
0,78
0,8
0,83
0,86
0,92
1,01
1,08
1,01
0,95
0,86
0,83
0,8
0,78
0,77
0,78
0,81
0,8
0,83
0,82
0,8
0,75
0,77
0,77
0,78
0,81
0,83
0,86
0,9
0,96
1,06
1,12
1,06
0,99
0,9
0,86
0,83
0,81
0,8
0,81
0,84
0,83
0,86
0,85
0,83
0,78
0,76
0,76
0,77
0,8
0,82
0,85
0,88
0,94
1,04
1,1
1,04
0,98
0,88
0,85
0,82
0,8
0,79
0,8
0,83
0,82
0,85
0,84
0,82
0,77
0,8
0,8
0,81
0,84
0,86
0,9
0,93
1
1,1
1,16
1,1
1,03
0,93
0,9
0,86
0,84
0,83
0,84
0,88
0,86
0,9
0,88
0,86
0,81
0,79
0,79
0,8
0,83
0,85
0,88
0,92
0,98
1,08
1,15
1,08
1,02
0,92
0,88
0,85
0,83
0,82
0,83
0,86
0,85
0,88
0,87
0,85
0,8
0,74
0,74
0,75
0,78
0,8
0,83
0,86
0,92
1,01
1,08
1,01
0,95
0,86
0,83
0,8
0,78
0,77
0,78
0,81
0,8
0,83
0,82
0,8
0,75
0,74
0,75
0,76
0,79
0,81
0,84
0,87
0,93
1,02
1,08
1,02
0,96
0,87
0,84
0,81
0,79
0,77
0,79
0,82
0,81
0,84
0,82
0,81
0,76
0,79
0,79
0,8
0,83
0,85
0,88
0,92
0,98
1,08
1,15
1,08
1,02
0,92
0,88
0,85
0,83
0,82
0,83
0,86
0,85
0,88
0,87
0,85
0,8
0,8
0,8
0,81
0,84
0,86
0,9
0,93
1
1,1
1,16
1,1
1,03
0,93
0,9
0,86
0,84
0,83
0,84
0,88
0,86
0,9
0,88
0,86
0,81
0,69
0,7
0,71
0,74
0,75
0,78
0,81
0,87
0,96
1,01
0,96
0,9
0,81
0,78
0,75
0,74
0,72
0,74
0,76
0,75
0,78
0,77
0,75
0,71
0,68
0,69
0,69
0,72
0,74
0,77
0,8
0,85
0,94
1
0,94
0,88
0,8
0,77
0,74
0,72
0,71
0,72
0,75
0,74
0,77
0,76
0,74
0,69
0,63
0,64
0,64
0,67
0,69
0,71
0,74
0,79
0,87
0,93
0,87
0,82
0,74
0,71
0,69
0,67
0,66
0,67
0,7
0,69
0,71
0,7
0,69
0,64
0,77
0,78
0,79
0,82
0,84
0,87
0,9
0,97
1,06
1,13
1,06
1
0,9
0,87
0,84
0,82
0,81
0,82
0,85
0,84
0,87
0,86
0,84
0,79
0,8
0,8
0,81
0,84
0,86
0,9
0,93
1
1,1
1,16
1,1
1,03
0,93
0,9
0,86
0,84
0,83
0,84
0,88
0,86
0,9
0,88
0,86
0,81
0,79
0,79
0,8
0,83
0,85
0,88
0,92
0,98
1,08
1,15
1,08
1,02
0,92
0,88
0,85
0,83
0,82
0,83
0,86
0,85
0,88
0,87
0,85
0,8
0,76
0,76
0,77
0,8
0,82
0,85
0,88
0,94
1,04
1,1
1,04
0,98
0,88
0,85
0,82
0,8
0,79
0,8
0,83
0,82
0,85
0,84
0,82
0,77
0,79
0,79
0,8
0,83
0,85
0,88
0,92
0,98
1,08
1,15
1,08
1,02
0,92
0,88
0,85
0,83
0,82
0,83
0,86
0,85
0,88
0,87
0,85
0,8
0,65
0,65
0,66
0,68
0,7
0,73
0,75
0,81
0,89
0,94
0,89
0,84
0,75
0,73
0,7
0,68
0,67
0,68
0,71
0,7
0,73
0,72
0,7
0,66
0,73
0,73
0,74
0,77
0,79
0,82
0,85
0,91
1
1,06
1
0,94
0,85
0,82
0,79
0,77
0,76
0,77
0,8
0,79
0,82
0,8
0,79
0,74
0,93
0,93
0,94
0,98
1
1,04
1,08
1,16
1,27
1,35
1,27
1,2
1,08
1,04
1
0,98
0,96
0,98
1,02
1
1,04
1,03
1
0,94
0,83
0,84
0,84
0,88
0,9
0,93
0,97
1,04
1,14
1,21
1,14
1,07
0,97
0,93
0,9
0,88
0,86
0,88
0,91
0,9
0,93
0,92
0,9
0,84
0,77
0,78
0,79
0,82
0,84
0,87
0,9
0,97
1,06
1,13
1,06
1
0,9
0,87
0,84
0,82
0,81
0,82
0,85
0,84
0,87
0,86
0,84
0,79
0,8
0,8
0,81
0,84
0,86
0,9
0,93
1
1,1
1,16
1,1
1,03
0,93
0,9
0,86
0,84
0,83
0,84
0,88
0,86
0,9
0,88
0,86
0,81
0,35
0,36
0,36
0,37
0,38
0,4
0,41
0,44
0,48
0,51
0,48
0,45
0,41
0,4
0,38
0,37
0,37
0,37
0,39
0,38
0,4
0,39
0,38
0,36
0,35
0,36
0,36
0,37
0,38
0,4
0,41
0,44
0,48
0,51
0,48
0,45
0,41
0,4
0,38
0,37
0,37
0,37
0,39
0,38
0,4
0,39
0,38
0,36
0,35
0,36
0,36
0,37
0,38
0,4
0,41
0,44
0,48
0,51
0,48
0,45
0,41
0,4
0,38
0,37
0,37
0,37
0,39
0,38
0,4
0,39
0,38
0,36
0,35
0,36
0,36
0,37
0,38
0,4
0,41
0,44
0,48
0,51
0,48
0,45
0,41
0,4
0,38
0,37
0,37
0,37
0,39
0,38
0,4
0,39
0,38
0,36
0,35
0,36
0,36
0,37
0,38
0,4
0,41
0,44
0,48
0,51
0,48
0,45
0,41
0,4
0,38
0,37
0,37
0,37
0,39
0,38
0,4
0,39
0,38
0,36
0,35
0,36
0,36
0,37
0,38
0,4
0,41
0,44
0,48
0,51
0,48
0,45
0,41
0,4
0,38
0,37
0,37
0,37
0,39
0,38
0,4
0,39
0,38
0,36
0,35
0,36
0,36
0,37
0,38
0,4
0,41
0,44
0,48
0,51
0,48
0,45
0,41
0,4
0,38
0,37
0,37
0,37
0,39
0,38
0,4
0,39
0,38
0,36
0,35
0,36
0,36
0,37
0,38
0,4
0,41
0,44
0,48
0,51
0,48
0,45
0,41
0,4
0,38
0,37
0,37
0,37
0,39
0,38
0,4
0,39
0,38
0,36
0,35
0,36
0,36
0,37
0,38
0,4
0,41
0,44
0,48
0,51
0,48
0,45
0,41
0,4
0,38
0,37
0,37
0,37
0,39
0,38
0,4
0,39
0,38
0,36
0,35
0,36
0,36
0,37
0,38
0,4
0,41
0,44
0,48
0,51
0,48
0,45
0,41
0,4
0,38
0,37
0,37
0,37
0,39
0,38
0,4
0,39
0,38
0,36
0,35
0,36
0,36
0,37
0,38
0,4
0,41
0,44
0,48
0,51
0,48
0,45
0,41
0,4
0,38
0,37
0,37
0,37
0,39
0,38
0,4
0,39
0,38
0,36
0,35
0,36
0,36
0,37
0,38
0,4
0,41
0,44
0,48
0,51
0,48
0,45
0,41
0,4
0,38
0,37
0,37
0,37
0,39
0,38
0,4
0,39
0,38
0,36
0,35
0,36
0,36
0,37
0,38
0,4
0,41
0,44
0,48
0,51
0,48
0,45
0,41
0,4
0,38
0,37
0,37
0,37
0,39
0,38
0,4
0,39
0,38
0,36
0,35
0,36
0,36
0,37
0,38
0,4
0,41
0,44
0,48
0,51
0,48
0,45
0,41
0,4
0,38
0,37
0,37
0,37
0,39
0,38
0,4
0,39
0,38
0,36
0,35
0,36
0,36
0,37
0,38
0,4
0,41
0,44
0,48
0,51
0,48
0,45
0,41
0,4
0,38
0,37
0,37
0,37
0,39
0,38
0,4
0,39
0,38
0,36
0,35
0,36
0,36
0,37
0,38
0,4
0,41
0,44
0,48
0,51
0,48
0,45
0,41
0,4
0,38
0,37
0,37
0,37
0,39
0,38
0,4
0,39
0,38
0,36
0,35
0,36
0,36
0,37
0,38
0,4
0,41
0,44
0,48
0,51
0,48
0,45
0,41
0,4
0,38
0,37
0,37
0,37
0,39
0,38
0,4
0,39
0,38
0,36
0,35
0,36
0,36
0,37
0,38
0,4
0,41
0,44
0,48
0,51
0,48
0,45
0,41
0,4
0,38
0,37
0,37
0,37
0,39
0,38
0,4
0,39
0,38
0,36
0,35
0,36
0,36
0,37
0,38
0,4
0,41
0,44
0,48
0,51
0,48
0,45
0,41
0,4
0,38
0,37
0,37
0,37
0,39
0,38
0,4
0,39
0,38
0,36
0,35
0,36
0,36
0,37
0,38
0,4
0,41
0,44
0,48
0,51
0,48
0,45
0,41
0,4
0,38
0,37
0,37
0,37
0,39
0,38
0,4
0,39
0,38
0,36
0,35
0,36
0,36
0,37
0,38
0,4
0,41
0,44
0,48
0,51
0,48
0,45
0,41
0,4
0,38
0,37
0,37
0,37
0,39
0,38
0,4
0,39
0,38
0,36
0,35
0,36
0,36
0,37
0,38
0,4
0,41
0,44
0,48
0,51
0,48
0,45
0,41
0,4
0,38
0,37
0,37
0,37
0,39
0,38
0,4
0,39
0,38
0,36
0,35
0,36
0,36
0,37
0,38
0,4
0,41
0,44
0,48
0,51
0,48
0,45
0,41
0,4
0,38
0,37
0,37
0,37
0,39
0,38
0,4
0,39
0,38
0,36
0,35
0,36
0,36
0,37
0,38
0,4
0,41
0,44
0,48
0,51
0,48
0,45
0,41
0,4
0,38
0,37
0,37
0,37
0,39
0,38
0,4
0,39
0,38
0,36
0,35
0,36
0,36
0,37
0,38
0,4
0,41
0,44
0,48
0,51
0,48
0,45
0,41
0,4
0,38
0,37
0,37
0,37
0,39
0,38
0,4
0,39
0,38
0,36
0,35
0,36
0,36
0,37
0,38
0,4
0,41
0,44
0,48
0,51
0,48
0,45
0,41
0,4
0,38
0,37
0,37
0,37
0,39
0,38
0,4
0,39
0,38
0,36
0,35
0,36
0,36
0,37
0,38
0,4
0,41
0,44
0,48
0,51
0,48
0,45
0,41
0,4
0,38
0,37
0,37
0,37
0,39
0,38
0,4
0,39
0,38
0,36
0,35
0,36
0,36
0,37
0,38
0,4
0,41
0,44
0,48
0,51
0,48
0,45
0,41
0,4
0,38
0,37
0,37
0,37
0,39
0,38
0,4
0,39
0,38
0,36
0,35
0,36
0,36
0,37
0,38
0,4
0,41
0,44
0,48
0,51
0,48
0,45
0,41
0,4
0,38
0,37
0,37
0,37
0,39
0,38
0,4
0,39
0,38
0,36
0,35
0,36
0,36
0,37
0,38
0,4
0,41
0,44
0,48
0,51
0,48
0,45
0,41
0,4
0,38
0,37
0,37
0,37
0,39
0,38
0,4
0,39
0,38
0,36
0,35
0,36
0,36
0,37
0,38
0,4
0,41
0,44
0,48
0,51
0,48
0,45
0,41
0,4
0,38
0,37
0,37
0,37
0,39
0,38
0,4
0,39
0,38
0,36
0,35
0,36
0,36
0,37
0,38
0,4
0,41
0,44
0,48
0,51
0,48
0,45
0,41
0,4
0,38
0,37
0,37
0,37
0,39
0,38
0,4
0,39
0,38
0,36
0,35
0,36
0,36
0,37
0,38
0,4
0,41
0,44
0,48
0,51
0,48
0,45
0,41
0,4
0,38
0,37
0,37
0,37
0,39
0,38
0,4
0,39
0,38
0,36
0,35
0,36
0,36
0,37
0,38
0,4
0,41
0,44
0,48
0,51
0,48
0,45
0,41
0,4
0,38
0,37
0,37
0,37
0,39
0,38
0,4
0,39
0,38
0,36
0,35
0,36
0,36
0,37
0,38
0,4
0,41
0,44
0,48
0,51
0,48
0,45
0,41
0,4
0,38
0,37
0,37
0,37
0,39
0,38
0,4
0,39
0,38
0,36
0,35
0,36
0,36
0,37
0,38
0,4
0,41
0,44
0,48
0,51
0,48
0,45
0,41
0,4
0,38
0,37
0,37
0,37
0,39
0,38
0,4
0,39
0,38
0,36
0,35
0,36
0,36
0,37
0,38
0,4
0,41
0,44
0,48
0,51
0,48
0,45
0,41
0,4
0,38
0,37
0,37
0,37
0,39
0,38
0,4
0,39
0,38
0,36
0,35
0,36
0,36
0,37
0,38
0,4
0,41
0,44
0,48
0,51
0,48
0,45
0,41
0,4
0,38
0,37
0,37
0,37
0,39
0,38
0,4
0,39
0,38
0,36
0,35
0,36
0,36
0,37
0,38
0,4
0,41
0,44
0,48
0,51
0,48
0,45
0,41
0,4
0,38
0,37
0,37
0,37
0,39
0,38
0,4
0,39
0,38
0,36
0,35
0,36
0,36
0,37
0,38
0,4
0,41
0,44
0,48
0,51
0,48
0,45
0,41
0,4
0,38
0,37
0,37
0,37
0,39
0,38
0,4
0,39
0,38
0,36
0,35
0,36
0,36
0,37
0,38
0,4
0,41
0,44
0,48
0,51
0,48
0,45
0,41
0,4
0,38
0,37
0,37
0,37
0,39
0,38
0,4
0,39
0,38
0,36
0,35
0,36
0,36
0,37
0,38
0,4
0,41
0,44
0,48
0,51
0,48
0,45
0,41
0,4
0,38
0,37
0,37
0,37
0,39
0,38
0,4
0,39
0,38
0,36
0,35
0,36
0,36
0,37
0,38
0,4
0,41
0,44
0,48
0,51
0,48
0,45
0,41
0,4
0,38
0,37
0,37
0,37
0,39
0,38
0,4
0,39
0,38
0,36
0,35
0,36
0,36
0,37
0,38
0,4
0,41
0,44
0,48
0,51
0,48
0,45
0,41
0,4
0,38
0,37
0,37
0,37
0,39
0,38
0,4
0,39
0,38
0,36
0,35
0,36
0,36
0,37
0,38
0,4
0,41
0,44
0,48
0,51
0,48
0,45
0,41
0,4
0,38
0,37
0,37
0,37
0,39
0,38
0,4
0,39
0,38
0,36
0,35
0,36
0,36
0,37
0,38
0,4
0,41
0,44
0,48
0,51
0,48
0,45
0,41
0,4
0,38
0,37
0,37
0,37
0,39
0,38
0,4
0,39
0,38
0,36
0,35
0,36
0,36
0,37
0,38
0,4
0,41
0,44
0,48
0,51
0,48
0,45
0,41
0,4
0,38
0,37
0,37
0,37
0,39
0,38
0,4
0,39
0,38
0,36
0,35
0,36
0,36
0,37
0,38
0,4
0,41
0,44
0,48
0,51
0,48
0,45
0,41
0,4
0,38
0,37
0,37
0,37
0,39
0,38
0,4
0,39
0,38
0,36
0,35
0,36
0,36
0,37
0,38
0,4
0,41
0,44
0,48
0,51
0,48
0,45
0,41
0,4
0,38
0,37
0,37
0,37
0,39
0,38
0,4
0,39
0,38
0,36
0,35
0,36
0,36
0,37
0,38
0,4
0,41
0,44
0,48
0,51
0,48
0,45
0,41
0,4
0,38
0,37
0,37
0,37
0,39
0,38
0,4
0,39
0,38
0,36
0,35
0,36
0,36
0,37
0,38
0,4
0,41
0,44
0,48
0,51
0,48
0,45
0,41
0,4
0,38
0,37
0,37
0,37
0,39
0,38
0,4
0,39
0,38
0,36
0,35
0,36
0,36
0,37
0,38
0,4
0,41
0,44
0,48
0,51
0,48
0,45
0,41
0,4
0,38
0,37
0,37
0,37
0,39
0,38
0,4
0,39
0,38
0,36
0,35
0,36
0,36
0,37
0,38
0,4
0,41
0,44
0,48
0,51
0,48
0,45
0,41
0,4
0,38
0,37
0,37
0,37
0,39
0,38
0,4
0,39
0,38
0,36
0,35
0,36
0,36
0,37
0,38
0,4
0,41
0,44
0,48
0,51
0,48
0,45
0,41
0,4
0,38
0,37
0,37
0,37
0,39
0,38
0,4
0,39
0,38
0,36
0,35
0,36
0,36
0,37
0,38
0,4
0,41
0,44
0,48
0,51
0,48
0,45
0,41
0,4
0,38
0,37
0,37
0,37
0,39
0,38
0,4
0,39
0,38
0,36
0,35
0,36
0,36
0,37
0,38
0,4
0,41
0,44
0,48
0,51
0,48
0,45
0,41
0,4
0,38
0,37
0,37
0,37
0,39
0,38
0,4
0,39
0,38
0,36
0,35
0,36
0,36
0,37
0,38
0,4
0,41
0,44
0,48
0,51
0,48
0,45
0,41
0,4
0,38
0,37
0,37
0,37
0,39
0,38
0,4
0,39
0,38
0,36
0,35
0,36
0,36
0,37
0,38
0,4
0,41
0,44
0,48
0,51
0,48
0,45
0,41
0,4
0,38
0,37
0,37
0,37
0,39
0,38
0,4
0,39
0,38
0,36
0,35
0,36
0,36
0,37
0,38
0,4
0,41
0,44
0,48
0,51
0,48
0,45
0,41
0,4
0,38
0,37
0,37
0,37
0,39
0,38
0,4
0,39
0,38
0,36
0,35
0,36
0,36
0,37
0,38
0,4
0,41
0,44
0,48
0,51
0,48
0,45
0,41
0,4
0,38
0,37
0,37
0,37
0,39
0,38
0,4
0,39
0,38
0,36
0,35
0,36
0,36
0,37
0,38
0,4
0,41
0,44
0,48
0,51
0,48
0,45
0,41
0,4
0,38
0,37
0,37
0,37
0,39
0,38
0,4
0,39
0,38
0,36
0,35
0,36
0,36
0,37
0,38
0,4
0,41
0,44
0,48
0,51
0,48
0,45
0,41
0,4
0,38
0,37
0,37
0,37
0,39
0,38
0,4
0,39
0,38
0,36
0,35
0,36
0,36
0,37
0,38
0,4
0,41
0,44
0,48
0,51
0,48
0,45
0,41
0,4
0,38
0,37
0,37
0,37
0,39
0,38
0,4
0,39
0,38
0,36
0,35
0,36
0,36
0,37
0,38
0,4
0,41
0,44
0,48
0,51
0,48
0,45
0,41
0,4
0,38
0,37
0,37
0,37
0,39
0,38
0,4
0,39
0,38
0,36
0,35
0,36
0,36
0,37
0,38
0,4
0,41
0,44
0,48
0,51
0,48
0,45
0,41
0,4
0,38
0,37
0,37
0,37
0,39
0,38
0,4
0,39
0,38
0,36
0,35
0,36
0,36
0,37
0,38
0,4
0,41
0,44
0,48
0,51
0,48
0,45
0,41
0,4
0,38
0,37
0,37
0,37
0,39
0,38
0,4
0,39
0,38
0,36
0,35
0,36
0,36
0,37
0,38
0,4
0,41
0,44
0,48
0,51
0,48
0,45
0,41
0,4
0,38
0,37
0,37
0,37
0,39
0,38
0,4
0,39
0,38
0,36
0,35
0,36
0,36
0,37
0,38
0,4
0,41
0,44
0,48
0,51
0,48
0,45
0,41
0,4
0,38
0,37
0,37
0,37
0,39
0,38
0,4
0,39
0,38
0,36
0,35
0,36
0,36
0,37
0,38
0,4
0,41
0,44
0,48
0,51
0,48
0,45
0,41
0,4
0,38
0,37
0,37
0,37
0,39
0,38
0,4
0,39
0,38
0,36
0,35
0,36
0,36
0,37
0,38
0,4
0,41
0,44
0,48
0,51
0,48
0,45
0,41
0,4
0,38
0,37
0,37
0,37
0,39
0,38
0,4
0,39
0,38
0,36
0,35
0,36
0,36
0,37
0,38
0,4
0,41
0,44
0,48
0,51
0,48
0,45
0,41
0,4
0,38
0,37
0,37
0,37
0,39
0,38
0,4
0,39
0,38
0,36
0,35
0,36
0,36
0,37
0,38
0,4
0,41
0,44
0,48
0,51
0,48
0,45
0,41
0,4
0,38
0,37
0,37
0,37
0,39
0,38
0,4
0,39
0,38
0,36
0,35
0,36
0,36
0,37
0,38
0,4
0,41
0,44
0,48
0,51
0,48
0,45
0,41
0,4
0,38
0,37
0,37
0,37
0,39
0,38
0,4
0,39
0,38
0,36
0,35
0,36
0,36
0,37
0,38
0,4
0,41
0,44
0,48
0,51
0,48
0,45
0,41
0,4
0,38
0,37
0,37
0,37
0,39
0,38
0,4
0,39
0,38
0,36
0,35
0,36
0,36
0,37
0,38
0,4
0,41
0,44
0,48
0,51
0,48
0,45
0,41
0,4
0,38
0,37
0,37
0,37
0,39
0,38
0,4
0,39
0,38
0,36
0,35
0,36
0,36
0,37
0,38
0,4
0,41
0,44
0,48
0,51
0,48
0,45
0,41
0,4
0,38
0,37
0,37
0,37
0,39
0,38
0,4
0,39
0,38
0,36
0,35
0,36
0,36
0,37
0,38
0,4
0,41
0,44
0,48
0,51
0,48
0,45
0,41
0,4
0,38
0,37
0,37
0,37
0,39
0,38
0,4
0,39
0,38
0,36
0,35
0,36
0,36
0,37
0,38
0,4
0,41
0,44
0,48
0,51
0,48
0,45
0,41
0,4
0,38
0,37
0,37
0,37
0,39
0,38
0,4
0,39
0,38
0,36
0,35
0,36
0,36
0,37
0,38
0,4
0,41
0,44
0,48
0,51
0,48
0,45
0,41
0,4
0,38
0,37
0,37
0,37
0,39
0,38
0,4
0,39
0,38
0,36
0,35
0,36
0,36
0,37
0,38
0,4
0,41
0,44
0,48
0,51
0,48
0,45
0,41
0,4
0,38
0,37
0,37
0,37
0,39
0,38
0,4
0,39
0,38
0,36
0,35
0,36
0,36
0,37
0,38
0,4
0,41
0,44
0,48
0,51
0,48
0,45
0,41
0,4
0,38
0,37
0,37
0,37
0,39
0,38
0,4
0,39
0,38
0,36
0,35
0,36
0,36
0,37
0,38
0,4
0,41
0,44
0,48
0,51
0,48
0,45
0,41
0,4
0,38
0,37
0,37
0,37
0,39
0,38
0,4
0,39
0,38
0,36
0,35
0,36
0,36
0,37
0,38
0,4
0,41
0,44
0,48
0,51
0,48
0,45
0,41
0,4
0,38
0,37
0,37
0,37
0,39
0,38
0,4
0,39
0,38
0,36
0,35
0,36
0,36
0,37
0,38
0,4
0,41
0,44
0,48
0,51
0,48
0,45
0,41
0,4
0,38
0,37
0,37
0,37
0,39
0,38
0,4
0,39
0,38
0,36
0,35
0,36
0,36
0,37
0,38
0,4
0,41
0,44
0,48
0,51
0,48
0,45
0,41
0,4
0,38
0,37
0,37
0,37
0,39
0,38
0,4
0,39
0,38
0,36
0,35
0,36
0,36
0,37
0,38
0,4
0,41
0,44
0,48
0,51
0,48
0,45
0,41
0,4
0,38
0,37
0,37
0,37
0,39
0,38
0,4
0,39
0,38
0,36
0,35
0,36
0,36
0,37
0,38
0,4
0,41
0,44
0,48
0,51
0,48
0,45
0,41
0,4
0,38
0,37
0,37
0,37
0,39
0,38
0,4
0,39
0,38
0,36
0,35
0,36
0,36
0,37
0,38
0,4
0,41
0,44
0,48
0,51
0,48
0,45
0,41
0,4
0,38
0,37
0,37
0,37
0,39
0,38
0,4
0,39
0,38
0,36
0,35
0,36
0,36
0,37
0,38
0,4
0,41
0,44
0,48
0,51
0,48
0,45
0,41
0,4
0,38
0,37
0,37
0,37
0,39
0,38
0,4
0,39
0,38
0,36
0,35
0,36
0,36
0,37
0,38
0,4
0,41
0,44
0,48
0,51
0,48
0,45
0,41
0,4
0,38
0,37
0,37
0,37
0,39
0,38
0,4
0,39
0,38
0,36
0,35
0,36
0,36
0,37
0,38
0,4
0,41
0,44
0,48
0,51
0,48
0,45
0,41
0,4
0,38
0,37
0,37
0,37
0,39
0,38
0,4
0,39
0,38
0,36
0,35
0,36
0,36
0,37
0,38
0,4
0,41
0,44
0,48
0,51
0,48
0,45
0,41
0,4
0,38
0,37
0,37
0,37
0,39
0,38
0,4
0,39
0,38
0,36
0,4
0,41
0,41
0,43
0,44
0,45
0,47
0,51
0,56
0,59
0,56
0,52
0,47
0,45
0,44
0,43
0,42
0,43
0,44
0,44
0,45
0,45
0,44
0,41
0,53
0,54
0,54
0,56
0,58
0,6
0,62
0,66
0,73
0,77
0,73
0,69
0,62
0,6
0,58
0,56
0,55
0,56
0,58
0,58
0,6
0,59
0,58
0,54
0,59
0,59
0,6
0,62
0,63
0,66
0,68
0,73
0,81
0,85
0,81
0,76
0,68
0,66
0,63
0,62
0,61
0,62
0,64
0,63
0,66
0,65
0,63
0,6
0,5
0,5
0,5
0,52
0,54
0,56
0,58
0,62
0,68
0,72
0,68
0,64
0,58
0,56
0,54
0,52
0,52
0,52
0,54
0,54
0,56
0,55
0,54
0,5
0,42
0,43
0,43
0,45
0,46
0,48
0,49
0,53
0,58
0,62
0,58
0,55
0,49
0,48
0,46
0,45
0,44
0,45
0,46
0,46
0,48
0,47
0,46
0,43
0,43
0,44
0,44
0,46
0,47
0,49
0,51
0,54
0,6
0,63
0,6
0,56
0,51
0,49
0,47
0,46
0,45
0,46
0,48
0,47
0,49
0,48
0,47
0,44
0,47
0,47
0,48
0,5
0,51
0,53
0,55
0,59
0,65
0,69
0,65
0,61
0,55
0,53
0,51
0,5
0,49
0,5
0,52
0,51
0,53
0,52
0,51
0,48
0,59
0,59
0,6
0,62
0,63
0,66
0,68
0,73
0,81
0,85
0,81
0,76
0,68
0,66
0,63
0,62
0,61
0,62
0,64
0,63
0,66
0,65
0,63
0,6
0,59
0,6
0,6
0,63
0,64
0,67
0,69
0,74
0,81
0,86
0,81
0,76
0,69
0,67
0,64
0,63
0,62
0,63
0,65
0,64
0,67
0,66
0,64
0,6
0,54
0,55
0,55
0,58
0,59
0,61
0,63
0,68
0,75
0,79
0,75
0,7
0,63
0,61
0,59
0,58
0,57
0,58
0,6
0,59
0,61
0,6
0,59
0,55
0,56
0,56
0,56
0,59
0,6
0,63
0,65
0,69
0,76
0,81
0,76
0,72
0,65
0,63
0,6
0,59
0,58
0,59
0,61
0,6
0,63
0,62
0,6
0,56
0,59
0,59
0,6
0,62
0,63
0,66
0,68
0,73
0,81
0,85
0,81
0,76
0,68
0,66
0,63
0,62
0,61
0,62
0,64
0,63
0,66
0,65
0,63
0,6
0,65
0,65
0,66
0,68
0,7
0,73
0,75
0,81
0,89
0,94
0,89
0,84
0,75
0,73
0,7
0,68
0,67
0,68
0,71
0,7
0,73
0,72
0,7
0,66
0,65
0,66
0,66
0,69
0,71
0,73
0,76
0,82
0,9
0,95
0,9
0,84
0,76
0,73
0,71
0,69
0,68
0,69
0,72
0,71
0,73
0,72
0,71
0,66
0,69
0,7
0,71
0,74
0,75
0,78
0,81
0,87
0,96
1,01
0,96
0,9
0,81
0,78
0,75
0,74
0,72
0,74
0,76
0,75
0,78
0,77
0,75
0,71
0,66
0,67
0,68
0,7
0,72
0,75
0,78
0,83
0,91
0,97
0,91
0,86
0,78
0,75
0,72
0,7
0,69
0,7
0,73
0,72
0,75
0,74
0,72
0,68
0,63
0,64
0,64
0,67
0,69
0,71
0,74
0,79
0,87
0,93
0,87
0,82
0,74
0,71
0,69
0,67
0,66
0,67
0,7
0,69
0,71
0,7
0,69
0,64
0,46
0,47
0,47
0,49
0,5
0,52
0,54
0,58
0,64
0,68
0,64
0,6
0,54
0,52
0,5
0,49
0,48
0,49
0,51
0,5
0,52
0,52
0,5
0,47
0,43
0,44
0,44
0,46
0,47
0,49
0,51
0,54
0,6
0,63
0,6
0,56
0,51
0,49
0,47
0,46
0,45
0,46
0,48
0,47
0,49
0,48
0,47
0,44
0,4
0,4
0,4
0,42
0,43
0,45
0,46
0,5
0,55
0,58
0,55
0,51
0,46
0,45
0,43
0,42
0,41
0,42
0,44
0,43
0,45
0,44
0,43
0,4
0,63
0,64
0,64
0,67
0,69
0,71
0,74
0,79
0,87
0,93
0,87
0,82
0,74
0,71
0,69
0,67
0,66
0,67
0,7
0,69
0,71
0,7
0,69
0,64
0,66
0,67
0,68
0,7
0,72
0,75
0,78
0,83
0,91
0,97
0,91
0,86
0,78
0,75
0,72
0,7
0,69
0,7
0,73
0,72
0,75
0,74
0,72
0,68
0,57
0,58
0,58
0,61
0,62
0,65
0,67
0,72
0,79
0,84
0,79
0,74
0,67
0,65
0,62
0,61
0,6
0,61
0,63
0,62
0,65
0,64
0,62
0,58
0,5
0,5
0,5
0,52
0,54
0,56
0,58
0,62
0,68
0,72
0,68
0,64
0,58
0,56
0,54
0,52
0,52
0,52
0,54
0,54
0,56
0,55
0,54
0,5
0,56
0,57
0,57
0,59
0,61
0,63
0,66
0,7
0,77
0,82
0,77
0,73
0,66
0,63
0,61
0,59
0,59
0,59
0,62
0,61
0,63
0,62
0,61
0,57
0,47
0,47
0,48
0,5
0,51
0,53
0,55
0,59
0,65
0,69
0,65
0,61
0,55
0,53
0,51
0,5
0,49
0,5
0,52
0,51
0,53
0,52
0,51
0,48
0,5
0,5
0,5
0,52
0,54
0,56
0,58
0,62
0,68
0,72
0,68
0,64
0,58
0,56
0,54
0,52
0,52
0,52
0,54
0,54
0,56
0,55
0,54
0,5
0,4
0,41
0,41
0,43
0,44
0,45
0,47
0,51
0,56
0,59
0,56
0,52
0,47
0,45
0,44
0,43
0,42
0,43
0,44
0,44
0,45
0,45
0,44
0,41
0,51
0,52
0,52
0,54
0,56
0,58
0,6
0,64
0,71
0,75
0,71
0,66
0,6
0,58
0,56
0,54
0,53
0,54
0,56
0,56
0,58
0,57
0,56
0,52
0,59
0,6
0,6
0,63
0,64
0,67
0,69
0,74
0,81
0,86
0,81
0,76
0,69
0,67
0,64
0,63
0,62
0,63
0,65
0,64
0,67
0,66
0,64
0,6
0,63
0,64
0,64
0,67
0,69
0,71
0,74
0,79
0,87
0,93
0,87
0,82
0,74
0,71
0,69
0,67
0,66
0,67
0,7
0,69
0,71
0,7
0,69
0,64
0,66
0,67
0,68
0,7
0,72
0,75
0,78
0,83
0,91
0,97
0,91
0,86
0,78
0,75
0,72
0,7
0,69
0,7
0,73
0,72
0,75
0,74
0,72
0,68
0,59
0,59
0,6
0,62
0,63
0,66
0,68
0,73
0,81
0,85
0,81
0,76
0,68
0,66
0,63
0,62
0,61
0,62
0,64
0,63
0,66
0,65
0,63
0,6
0,5
0,5
0,5
0,52
0,54
0,56
0,58
0,62
0,68
0,72
0,68
0,64
0,58
0,56
0,54
0,52
0,52
0,52
0,54
0,54
0,56
0,55
0,54
0,5
0,51
0,52
0,52
0,54
0,56
0,58
0,6
0,64
0,71
0,75
0,71
0,66
0,6
0,58
0,56
0,54
0,53
0,54
0,56
0,56
0,58
0,57
0,56
0,52
0,65
0,65
0,66
0,68
0,7
0,73
0,75
0,81
0,89
0,94
0,89
0,84
0,75
0,73
0,7
0,68
0,67
0,68
0,71
0,7
0,73
0,72
0,7
0,66
0,77
0,77
0,78
0,81
0,83
0,86
0,9
0,96
1,06
1,12
1,06
0,99
0,9
0,86
0,83
0,81
0,8
0,81
0,84
0,83
0,86
0,85
0,83
0,78
0,86
0,87
0,87
0,91
0,93
0,97
1
1,07
1,18
1,25
1,18
1,11
1
0,97
0,93
0,91
0,89
0,91
0,94
0,93
0,97
0,95
0,93
0,87
0,71
0,72
0,73
0,75
0,77
0,8
0,83
0,89
0,98
1,04
0,98
0,92
0,83
0,8
0,77
0,75
0,74
0,75
0,78
0,77
0,8
0,79
0,77
0,73
0,76
0,76
0,77
0,8
0,82
0,85
0,88
0,94
1,04
1,1
1,04
0,98
0,88
0,85
0,82
0,8
0,79
0,8
0,83
0,82
0,85
0,84
0,82
0,77
0,82
0,82
0,83
0,86
0,88
0,92
0,95
1,02
1,12
1,19
1,12
1,05
0,95
0,92
0,88
0,86
0,85
0,86
0,9
0,88
0,92
0,9
0,88
0,83
0,83
0,84
0,84
0,88
0,9
0,93
0,97
1,04
1,14
1,21
1,14
1,07
0,97
0,93
0,9
0,88
0,86
0,88
0,91
0,9
0,93
0,92
0,9
0,84
0,85
0,85
0,86
0,9
0,92
0,95
0,99
1,06
1,16
1,23
1,16
1,09
0,99
0,95
0,92
0,9
0,88
0,9
0,93
0,92
0,95
0,94
0,92
0,86
0,89
0,9
0,9
0,94
0,96
1
1,04
1,11
1,22
1,3
1,22
1,15
1,04
1
0,96
0,94
0,93
0,94
0,98
0,96
1
0,99
0,96
0,9
1,02
1,02
1,03
1,08
1,1
1,14
1,19
1,27
1,4
1,48
1,4
1,31
1,19
1,14
1,1
1,08
1,06
1,08
1,12
1,1
1,14
1,13
1,1
1,03
0,93
0,93
0,94
0,98
1
1,04
1,08
1,16
1,27
1,35
1,27
1,2
1,08
1,04
1
0,98
0,96
0,98
1,02
1
1,04
1,03
1
0,94
1,1
1,11
1,12
1,17
1,19
1,24
1,28
1,38
1,51
1,61
1,51
1,42
1,28
1,24
1,19
1,17
1,15
1,17
1,21
1,19
1,24
1,22
1,19
1,12
0,8
0,8
0,81
0,84
0,86
0,9
0,93
1
1,1
1,16
1,1
1,03
0,93
0,9
0,86
0,84
0,83
0,84
0,88
0,86
0,9
0,88
0,86
0,81
0,69
0,7
0,71
0,74
0,75
0,78
0,81
0,87
0,96
1,01
0,96
0,9
0,81
0,78
0,75
0,74
0,72
0,74
0,76
0,75
0,78
0,77
0,75
0,71
0,65
0,65
0,66
0,68
0,7
0,73
0,75
0,81
0,89
0,94
0,89
0,84
0,75
0,73
0,7
0,68
0,67
0,68
0,71
0,7
0,73
0,72
0,7
0,66
0,8
0,8
0,81
0,84
0,86
0,9
0,93
1
1,1
1,16
1,1
1,03
0,93
0,9
0,86
0,84
0,83
0,84
0,88
0,86
0,9
0,88
0,86
0,81
0,85
0,85
0,86
0,9
0,92
0,95
0,99
1,06
1,16
1,23
1,16
1,09
0,99
0,95
0,92
0,9
0,88
0,9
0,93
0,92
0,95
0,94
0,92
0,86
0,85
0,85
0,86
0,9
0,92
0,95
0,99
1,06
1,16
1,23
1,16
1,09
0,99
0,95
0,92
0,9
0,88
0,9
0,93
0,92
0,95
0,94
0,92
0,86
0,83
0,84
0,85
0,88
0,9
0,94
0,97
1,04
1,15
1,22
1,15
1,08
0,97
0,94
0,9
0,88
0,87
0,88
0,92
0,9
0,94
0,92
0,9
0,85
0,89
0,9
0,9
0,94
0,96
1
1,04
1,11
1,22
1,3
1,22
1,15
1,04
1
0,96
0,94
0,93
0,94
0,98
0,96
1
0,99
0,96
0,9
0,86
0,87
0,87
0,91
0,93
0,97
1
1,07
1,18
1,25
1,18
1,11
1
0,97
0,93
0,91
0,89
0,91
0,94
0,93
0,97
0,95
0,93
0,87
0,79
0,79
0,8
0,83
0,85
0,88
0,92
0,98
1,08
1,15
1,08
1,02
0,92
0,88
0,85
0,83
0,82
0,83
0,86
0,85
0,88
0,87
0,85
0,8
0,82
0,82
0,83
0,86
0,88
0,92
0,95
1,02
1,12
1,19
1,12
1,05
0,95
0,92
0,88
0,86
0,85
0,86
0,9
0,88
0,92
0,9
0,88
0,83
1,05
1,06
1,06
1,11
1,13
1,18
1,22
1,31
1,44
1,53
1,44
1,35
1,22
1,18
1,13
1,11
1,09
1,11
1,15
1,13
1,18
1,16
1,13
1,06
0,99
0,99
1
1,04
1,07
1,11
1,15
1,23
1,36
1,44
1,36
1,27
1,15
1,11
1,07
1,04
1,03
1,04
1,08
1,07
1,11
1,09
1,07
1
1,04
1,05
1,06
1,1
1,13
1,17
1,21
1,3
1,43
1,52
1,43
1,34
1,21
1,17
1,13
1,1
1,08
1,1
1,14
1,13
1,17
1,15
1,13
1,06
1,05
1,06
1,06
1,11
1,13
1,18
1,22
1,31
1,44
1,53
1,44
1,35
1,22
1,18
1,13
1,11
1,09
1,11
1,15
1,13
1,18
1,16
1,13
1,06
0,96
0,96
0,97
1,01
1,04
1,07
1,11
1,19
1,31
1,39
1,31
1,23
1,11
1,07
1,04
1,01
1
1,01
1,05
1,04
1,07
1,06
1,04
0,97
0,99
0,99
1
1,04
1,07
1,11
1,15
1,23
1,36
1,44
1,36
1,27
1,15
1,11
1,07
1,04
1,03
1,04
1,08
1,07
1,11
1,09
1,07
1
1
1,01
1,01
1,06
1,08
1,12
1,16
1,25
1,37
1,46
1,37
1,29
1,16
1,12
1,08
1,06
1,04
1,06
1,1
1,08
1,12
1,11
1,08
1,01
1,18
1,19
1,2
1,25
1,28
1,33
1,38
1,47
1,62
1,72
1,62
1,52
1,38
1,33
1,28
1,25
1,23
1,25
1,3
1,28
1,33
1,31
1,28
1,2
1,14
1,15
1,16
1,2
1,23
1,28
1,33
1,42
1,56
1,66
1,56
1,47
1,33
1,28
1,23
1,2
1,18
1,2
1,25
1,23
1,28
1,26
1,23
1,16
1,1
1,11
1,12
1,17
1,19
1,24
1,28
1,38
1,51
1,61
1,51
1,42
1,28
1,24
1,19
1,17
1,15
1,17
1,21
1,19
1,24
1,22
1,19
1,12
1,17
1,18
1,19
1,24
1,27
1,32
1,37
1,47
1,61
1,71
1,61
1,52
1,37
1,32
1,27
1,24
1,22
1,24
1,29
1,27
1,32
1,3
1,27
1,19
1,21
1,22
1,23
1,28
1,31
1,36
1,41
1,51
1,66
1,76
1,66
1,56
1,41
1,36
1,31
1,28
1,26
1,28
1,33
1,31
1,36
1,34
1,31
1,23
1,06
1,07
1,08
1,13
1,15
1,2
1,24
1,33
1,46
1,55
1,46
1,38
1,24
1,2
1,15
1,13
1,11
1,13
1,17
1,15
1,2
1,18
1,15
1,08
1,09
1,1
1,11
1,16
1,19
1,23
1,28
1,37
1,51
1,6
1,51
1,41
1,28
1,23
1,19
1,16
1,14
1,16
1,2
1,19
1,23
1,21
1,19
1,11
1,29
1,31
1,32
1,37
1,4
1,46
1,51
1,62
1,78
1,89
1,78
1,67
1,51
1,46
1,4
1,37
1,35
1,37
1,42
1,4
1,46
1,43
1,4
1,32
1,43
1,44
1,45
1,51
1,55
1,61
1,67
1,79
1,96
2,08
1,96
1,84
1,67
1,61
1,55
1,51
1,49
1,51
1,57
1,55
1,61
1,58
1,55
1,45
1,14
1,15
1,16
1,21
1,24
1,29
1,33
1,43
1,57
1,67
1,57
1,48
1,33
1,29
1,24
1,21
1,19
1,21
1,26
1,24
1,29
1,27
1,24
1,16
0,95
0,96
0,97
1
1,03
1,07
1,11
1,19
1,31
1,38
1,31
1,23
1,11
1,07
1,03
1
0,99
1
1,04
1,03
1,07
1,05
1,03
0,97
0,87
0,88
0,89
0,92
0,94
0,98
1,02
1,09
1,2
1,27
1,2
1,12
1,02
0,98
0,94
0,92
0,91
0,92
0,96
0,94
0,98
0,96
0,94
0,89
0,88
0,88
0,89
0,93
0,95
0,99
1,02
1,1
1,21
1,28
1,21
1,13
1,02
0,99
0,95
0,93
0,91
0,93
0,96
0,95
0,99
0,97
0,95
0,89
0,99
1
1,01
1,05
1,07
1,12
1,16
1,24
1,36
1,45
1,36
1,28
1,16
1,12
1,07
1,05
1,03
1,05
1,09
1,07
1,12
1,1
1,07
1,01
1,07
1,08
1,09
1,13
1,16
1,2
1,25
1,34
1,47
1,56
1,47
1,38
1,25
1,2
1,16
1,13
1,12
1,13
1,18
1,16
1,2
1,19
1,16
1,09
1,13
1,13
1,14
1,19
1,22
1,27
1,31
1,41
1,55
1,64
1,55
1,45
1,31
1,27
1,22
1,19
1,17
1,19
1,24
1,22
1,27
1,25
1,22
1,14
1,13
1,14
1,15
1,2
1,23
1,27
1,32
1,41
1,56
1,65
1,56
1,46
1,32
1,27
1,23
1,2
1,18
1,2
1,24
1,23
1,27
1,25
1,23
1,15
0,89
0,9
0,91
0,95
0,97
1,01
1,04
1,12
1,23
1,31
1,23
1,16
1,04
1,01
0,97
0,95
0,93
0,95
0,98
0,97
1,01
0,99
0,97
0,91
0,94
0,95
0,96
1
1,02
1,06
1,1
1,18
1,3
1,38
1,3
1,22
1,1
1,06
1,02
1
0,98
1
1,04
1,02
1,06
1,05
1,02
0,96
1,14
1,15
1,16
1,2
1,23
1,28
1,33
1,42
1,56
1,66
1,56
1,47
1,33
1,28
1,23
1,2
1,18
1,2
1,25
1,23
1,28
1,26
1,23
1,16
0,82
0,83
0,84
0,87
0,89
0,92
0,96
1,03
1,13
1,2
1,13
1,06
0,96
0,92
0,89
0,87
0,86
0,87
0,9
0,89
0,92
0,91
0,89
0,84
0,86
0,87
0,87
0,91
0,93
0,97
1
1,07
1,18
1,25
1,18
1,11
1
0,97
0,93
0,91
0,89
0,91
0,94
0,93
0,97
0,95
0,93
0,87
0,92
0,93
0,93
0,97
1
1,03
1,07
1,15
1,26
1,34
1,26
1,19
1,07
1,03
1
0,97
0,96
0,97
1,01
1
1,03
1,02
1
0,93
1,03
1,04
1,05
1,09
1,12
1,16
1,21
1,29
1,42
1,51
1,42
1,34
1,21
1,16
1,12
1,09
1,08
1,09
1,14
1,12
1,16
1,15
1,12
1,05
1,01
1,02
1,03
1,07
1,09
1,14
1,18
1,26
1,39
1,47
1,39
1,3
1,18
1,14
1,09
1,07
1,05
1,07
1,11
1,09
1,14
1,12
1,09
1,03
1,22
1,23
1,24
1,29
1,32
1,37
1,42
1,52
1,67
1,77
1,67
1,57
1,42
1,37
1,32
1,29
1,27
1,29
1,34
1,32
1,37
1,35
1,32
1,24
1,34
1,35
1,37
1,42
1,46
1,51
1,57
1,68
1,85
1,96
1,85
1,73
1,57
1,51
1,46
1,42
1,4
1,42
1,48
1,46
1,51
1,49
1,46
1,37
1,37
1,38
1,4
1,45
1,49
1,55
1,6
1,72
1,89
2
1,89
1,77
1,6
1,55
1,49
1,45
1,43
1,45
1,51
1,49
1,55
1,52
1,49
1,4
1,07
1,08
1,09
1,13
1,16
1,2
1,25
1,34
1,47
1,56
1,47
1,38
1,25
1,2
1,16
1,13
1,12
1,13
1,18
1,16
1,2
1,19
1,16
1,09
1,03
1,04
1,05
1,09
1,11
1,16
1,2
1,29
1,41
1,5
1,41
1,33
1,2
1,16
1,11
1,09
1,07
1,09
1,13
1,11
1,16
1,14
1,11
1,05
1,26
1,27
1,28
1,33
1,36
1,42
1,47
1,57
1,73
1,84
1,73
1,63
1,47
1,42
1,36
1,33
1,31
1,33
1,38
1,36
1,42
1,39
1,36
1,28
1,29
1,3
1,31
1,36
1,4
1,45
1,5
1,61
1,77
1,88
1,77
1,66
1,5
1,45
1,4
1,36
1,34
1,36
1,42
1,4
1,45
1,43
1,4
1,31
1,11
1,12
1,13
1,18
1,21
1,25
1,3
1,39
1,53
1,62
1,53
1,44
1,3
1,25
1,21
1,18
1,16
1,18
1,22
1,21
1,25
1,23
1,21
1,13
1,03
1,04
1,05
1,09
1,11
1,16
1,2
1,29
1,41
1,5
1,41
1,33
1,2
1,16
1,11
1,09
1,07
1,09
1,13
1,11
1,16
1,14
1,11
1,05
1,11
1,12
1,13
1,18
1,21
1,25
1,3
1,39
1,53
1,62
1,53
1,44
1,3
1,25
1,21
1,18
1,16
1,18
1,22
1,21
1,25
1,23
1,21
1,13
1,17
1,18
1,19
1,24
1,26
1,31
1,36
1,46
1,61
1,7
1,61
1,51
1,36
1,31
1,26
1,24
1,22
1,24
1,28
1,26
1,31
1,29
1,26
1,19
1,05
1,06
1,07
1,11
1,14
1,18
1,23
1,32
1,45
1,53
1,45
1,36
1,23
1,18
1,14
1,11
1,1
1,11
1,16
1,14
1,18
1,17
1,14
1,07
1,04
1,05
1,06
1,1
1,13
1,17
1,21
1,3
1,43
1,52
1,43
1,34
1,21
1,17
1,13
1,1
1,08
1,1
1,14
1,13
1,17
1,15
1,13
1,06
1,04
1,05
1,06
1,1
1,13
1,17
1,21
1,3
1,43
1,52
1,43
1,34
1,21
1,17
1,13
1,1
1,08
1,1
1,14
1,13
1,17
1,15
1,13
1,06
1,12
1,13
1,14
1,18
1,21
1,26
1,31
1,4
1,54
1,63
1,54
1,45
1,31
1,26
1,21
1,18
1,17
1,18
1,23
1,21
1,26
1,24
1,21
1,14
1,13
1,14
1,15
1,2
1,23
1,27
1,32
1,41
1,56
1,65
1,56
1,46
1,32
1,27
1,23
1,2
1,18
1,2
1,24
1,23
1,27
1,25
1,23
1,15
1,16
1,17
1,17
1,22
1,25
1,3
1,35
1,44
1,59
1,68
1,59
1,49
1,35
1,3
1,25
1,22
1,2
1,22
1,27
1,25
1,3
1,28
1,25
1,17
1,33
1,34
1,35
1,41
1,44
1,5
1,55
1,66
1,83
1,94
1,83
1,72
1,55
1,5
1,44
1,41
1,39
1,41
1,46
1,44
1,5
1,48
1,44
1,35
1,23
1,24
1,25
1,3
1,33
1,38
1,43
1,54
1,69
1,79
1,69
1,59
1,43
1,38
1,33
1,3
1,28
1,3
1,35
1,33
1,38
1,36
1,33
1,25
1,19
1,2
1,21
1,25
1,28
1,33
1,38
1,48
1,63
1,73
1,63
1,53
1,38
1,33
1,28
1,25
1,24
1,25
1,3
1,28
1,33
1,31
1,28
1,21
1,14
1,15
1,16
1,2
1,23
1,28
1,33
1,42
1,56
1,66
1,56
1,47
1,33
1,28
1,23
1,2
1,18
1,2
1,25
1,23
1,28
1,26
1,23
1,16
1,11
1,12
1,13
1,17
1,2
1,25
1,29
1,38
1,52
1,61
1,52
1,43
1,29
1,25
1,2
1,17
1,15
1,17
1,22
1,2
1,25
1,23
1,2
1,13
1,05
1,06
1,06
1,11
1,13
1,18
1,22
1,31
1,44
1,53
1,44
1,35
1,22
1,18
1,13
1,11
1,09
1,11
1,15
1,13
1,18
1,16
1,13
1,06
1,3
1,31
1,32
1,38
1,41
1,46
1,52
1,63
1,79
1,9
1,79
1,68
1,52
1,46
1,41
1,38
1,35
1,38
1,43
1,41
1,46
1,44
1,41
1,32
1,53
1,54
1,56
1,62
1,66
1,72
1,79
1,91
2,11
2,23
2,11
1,98
1,79
1,72
1,66
1,62
1,59
1,62
1,68
1,66
1,72
1,7
1,66
1,56
1,64
1,65
1,67
1,74
1,78
1,85
1,91
2,05
2,26
2,39
2,26
2,12
1,91
1,85
1,78
1,74
1,71
1,74
1,8
1,78
1,85
1,82
1,78
1,67
1,62
1,64
1,65
1,72
1,76
1,82
1,89
2,03
2,23
2,37
2,23
2,09
1,89
1,82
1,76
1,72
1,69
1,72
1,78
1,76
1,82
1,8
1,76
1,65
1,73
1,75
1,76
1,83
1,88
1,95
2,02
2,16
2,38
2,52
2,38
2,24
2,02
1,95
1,88
1,83
1,8
1,83
1,9
1,88
1,95
1,92
1,88
1,76
1,57
1,59
1,6
1,67
1,7
1,77
1,84
1,97
2,16
2,29
2,16
2,03
1,84
1,77
1,7
1,67
1,64
1,67
1,73
1,7
1,77
1,74
1,7
1,6
1,5
1,51
1,53
1,59
1,63
1,69
1,75
1,88
2,06
2,19
2,06
1,94
1,75
1,69
1,63
1,59
1,56
1,59
1,65
1,63
1,69
1,66
1,63
1,53
1,39
1,4
1,41
1,47
1,51
1,57
1,62
1,74
1,91
2,03
1,91
1,8
1,62
1,57
1,51
1,47
1,45
1,47
1,53
1,51
1,57
1,54
1,51
1,41
1,42
1,43
1,44
1,5
1,53
1,59
1,65
1,77
1,95
2,06
1,95
1,83
1,65
1,59
1,53
1,5
1,47
1,5
1,56
1,53
1,59
1,57
1,53
1,44
